BE_FR_3_R 2 6 31 135

[Vehicle Types] - ID_veh_type, fixed_cost, variable_cost, speed, capacity, alpha, beta, max_time, max_drive_time
0         20        1.5       70        3200      2240      2240      46800     32400     
1         20        2.25      50        13600     9520      9520      46800     32400       

[Number of Vehicle Types] - ID_veh_type, ID_depot, number_of_vehicles
0	0	8
0	1	4
0	2	3
1	0	4
1	1	3
1	2	4

[Scheduled Lines] - ID_from, ID_to, cost_per_req, capacity, dep_time, arr_time
0	2	0.021	3200	5400	16200
0	2	0.021	3200	6300	17100
0	2	0.021	3200	63000	73800
0	2	0.021	3200	70200	81000
0	2	0.021	3200	82800	86400
0	1	0.013	3200	2700	9900
0	1	0.013	3200	9000	16200
0	1	0.013	3200	64800	72000
0	1	0.013	3200	70200	77400
0	1	0.013	3200	77400	84600
2	0	0.021	3200	5400	16200
2	0	0.021	3200	63000	73800
2	0	0.021	3200	69300	80100
2	0	0.021	3200	76500	86400
2	0	0.021	3200	79200	86400
2	1	0.011	3200	0	7200
2	1	0.011	3200	0	7200
2	1	0.011	3200	9000	16200
2	1	0.011	3200	63000	72000
2	1	0.011	3200	66600	73800
2	1	0.011	3200	68400	75600
2	1	0.011	3200	72900	80100
1	2	0.011	3200	8100	15300
1	2	0.011	3200	9900	17100
1	2	0.011	3200	63900	71100
1	2	0.011	3200	68400	75600
1	2	0.011	3200	76500	83700
1	0	0.013	3200	0	7200
1	0	0.013	3200	61200	68400
1	0	0.013	3200	68400	75600
1	0	0.013	3200	79200	86400

[Nodes/requests]: ID_node, ID_depot, lat, long, type, service_time, q_del, q_col, tw_depot_start, tw_depot_end, tw_cust_start, tw_cust_end, PC
0         0         50.67036  5.99778   -1        0         0         0         0         86400     0         86400
1         1         51.06201  4.43656   -1        0         0         0         0         86400     0         86400
2         2         50.81408  3.34971   -1        0         0         0         0         86400     0         86400
3         0         50.64697  6.33043   1         578       205       0         23902     86400     28800     64800               
4         0         50.76739  6.07153   1         926       238       0         24636     86400     28800     64800               
5         2         50.43977  4.45509   0         944       0         290       0         62757     28800     61199               
6         2         51.15461  2.84891   1         833       377       0         0         86400     28800     64800               
7         1         50.87030  4.68466   1         941       299       0         0         86400     28800     64800               
8         1         50.91899  5.42726   0         906       0         163       0         76994     28800     61199               
9         0         50.72925  6.17472   1         795       223       0         12799     86400     28800     64800               
10        1         50.98427  4.46341   1         900       2985      0         0         86400     28800     64800               
11        1         51.02477  2.84665   0         884       0         129       0         86400     44999     61199               
12        0         50.28718  6.09199   1         731       251       0         13356     86400     28800     64800               
13        2         50.82688  6.33030   0         971       0         1439      0         76813     28800     61199               
14        2         51.26893  4.35401   0         575       0         1334      0         86400     28800     64800               
15        0         50.63004  6.02199   0         751       0         226       0         61628     44999     55799               
16        2         51.00617  3.76795   1         1054      632       0         0         86400     28800     64800               
17        0         50.99441  3.13937   1         862       82        0         0         86400     28800     64800               
18        2         50.88506  3.19856   1         722       217       0         0         86400     28800     64800               
19        0         50.89857  4.53421   1         720       225       0         0         86400     28800     64800               
20        0         50.82337  6.17796   1         929       158       0         0         86400     28800     64800               
21        0         50.76694  6.09734   1         943       393       0         23492     86400     28800     64800               
22        0         50.61312  5.55905   0         951       0         770       0         49052     36000     61199               
23        1         50.68905  5.94191   1         1033      567       0         0         86400     28800     64800               
24        1         50.65857  5.47505   0         685       0         188       0         86400     28800     59400               
25        0         50.79733  6.13068   0         849       0         116       0         45008     28800     57600               
26        0         50.91073  5.29511   1         605       217       0         0         86400     28800     64800               
27        1         50.80311  4.10823   1         1075      1195      0         0         86400     28800     64800               
28        2         50.87921  4.03515   0         778       0         218       0         86400     28800     64800               
29        0         51.40223  4.73502   1         719       315       0         0         86400     28800     64800               
30        1         51.27045  4.35801   1         910       542       0         0         86400     28800     64800               
31        2         51.00173  3.56232   0         859       0         357       0         62601     28800     43200               
32        1         51.01661  4.50564   1         661       174       0         0         86400     28800     64800               
33        0         50.97228  5.94687   0         1137      0         51        0         66500     43200     57600               
34        1         51.16006  4.43271   1         1115      743       0         0         86400     28800     64800               
35        1         50.91942  3.31778   0         756       0         369       0         86400     28800     57600               
36        1         50.71945  5.49273   0         789       0         135       0         86400     28800     57600               
37        0         50.59514  5.62340   1         801       112       0         0         86400     28800     64800               
38        1         50.90458  3.99829   0         760       0         3224      0         86400     39599     61199               
39        0         50.94820  6.34858   1         719       962       0         6726      86400     28800     64800               
40        1         51.32501  4.92496   0         1021      0         200       0         77064     28800     54000               
41        1         50.48999  4.24568   0         726       0         1113      0         86400     28800     59400               
42        2         50.47745  4.15560   0         672       0         504       0         61680     28800     61199               
43        0         50.99696  4.47185   1         895       633       0         0         86400     28800     64800               
44        0         50.80556  4.94572   0         983       0         715       0         73747     43200     55799               
45        2         51.32582  3.11043   0         779       0         146       0         86400     30600     59400               
46        1         50.88886  4.54799   1         897       347       0         0         86400     28800     64800               
47        0         50.73538  6.10737   1         662       59        0         14677     86400     28800     64800               
48        1         51.06419  4.55363   1         948       396       0         0         86400     28800     64800               
49        0         50.77247  4.25182   1         928       3129      0         0         86400     28800     64800               
50        2         51.11793  4.33929   0         986       0         319       0         79106     28800     54000               
51        0         51.01282  3.18148   1         956       96        0         0         86400     28800     64800               
52        1         51.13429  4.46797   0         873       0         769       0         73867     41400     61199               
53        1         51.05038  4.38326   1         946       285       0         8225      86400     28800     64800               
54        0         51.03264  6.42561   1         901       383       0         16394     86400     28800     64800               
55        1         50.90998  5.81901   0         1002      0         193       0         86400     32400     57600               
56        0         50.90439  6.01809   1         952       190       0         0         86400     28800     64800               
57        1         50.55345  5.39588   0         867       0         1322      0         86400     34199     61199               
58        0         50.70930  5.57662   0         994       0         654       0         61229     28800     64800               
59        0         50.44944  5.67756   0         716       0         164       0         86400     28800     64800               
60        2         50.95108  5.78468   0         1166      0         358       0         86400     36000     61199               
61        0         50.93435  3.16874   1         813       673       0         6319      86400     28800     64800               
62        0         50.43800  5.68153   1         888       38        0         0         86400     28800     64800               
63        0         50.46571  4.51713   1         974       103       0         24252     86400     28800     64800               
64        1         50.96665  3.99597   0         791       0         740       0         86400     28800     43200               
65        0         50.80284  6.18696   1         691       2052      0         24942     86400     28800     64800               
66        0         51.05353  6.21496   1         783       120       0         7965      86400     28800     64800               
67        2         51.15410  4.17509   0         705       0         1415      0         70944     28800     64800               
68        2         51.13265  3.76620   1         890       1122      0         0         86400     28800     30600               
69        0         50.99906  5.14607   1         740       397       0         0         86400     28800     64800               
70        0         51.01496  6.10446   0         655       0         933       0         73714     43200     54000               
71        0         50.28502  5.96816   1         705       1240      0         6070      86400     28800     64800               
72        0         50.76734  3.25456   1         952       1976      0         4751      86400     28800     64800               
73        1         50.69211  4.55176   1         832       143       0         0         86400     28800     64800               
74        0         51.30847  5.09415   1         679       181       0         0         86400     28800     64800               
75        0         50.59345  5.42218   1         913       1408      0         0         86400     28800     64800               
76        1         50.75288  3.23847   0         877       0         266       0         77979     28800     61199               
77        2         51.13181  3.79135   0         690       0         2984      0         79637     28800     61199               
78        1         51.07615  4.32046   1         939       730       0         0         86400     28800     43200               
79        0         50.76729  6.17470   1         994       763       0         0         86400     28800     64800               
80        0         51.06582  4.28827   1         919       2193      0         0         86400     28800     64800               
81        1         50.65791  4.56171   1         832       420       0         0         86400     28800     64800               
82        0         50.52372  5.19326   1         801       99        0         0         86400     28800     58499               
83        0         51.17073  5.14369   1         863       60        0         0         86400     28800     64800               
84        2         50.91253  3.18180   0         895       0         567       0         79011     28800     61199               
85        1         50.59302  4.35587   1         837       733       0         0         86400     28800     64800               
86        2         50.60436  3.81776   0         721       0         502       0         65122     47699     57600               
87        1         51.30392  4.91302   0         809       0         973       0         79724     28800     57600               
88        1         51.04417  4.43953   1         684       620       0         13316     86400     28800     64800               
89        2         50.82757  3.37503   0         676       0         326       0         74495     28800     61199               
90        2         51.11389  4.16181   1         741       3346      0         0         86400     28800     64800               
91        0         51.02315  6.19836   0         836       0         91        0         51276     28800     48600               
92        0         51.09472  6.11691   0         754       0         254       0         55641     28800     57600               
93        0         51.03973  6.13105   1         726       113       0         0         86400     28800     64800               
94        0         51.07738  6.12021   1         610       201       0         0         86400     28800     64800               
95        0         51.09625  5.82496   0         771       0         741       0         53736     43200     46800               
96        1         50.90985  5.15575   1         879       137       0         0         86400     28800     64800               
97        0         50.52577  5.37297   0         950       0         279       0         59530     28800     64800               
98        0         50.77848  6.06272   1         894       103       0         16064     86400     28800     64800               
99        0         50.48478  5.33901   0         815       0         470       0         86400     28800     61199               
100       0         51.05047  6.08074   1         776       121       0         0         86400     28800     64800               
101       2         50.60875  3.34628   0         932       0         1537      0         86400     46800     54000               
102       0         50.92714  6.15331   1         778       793       0         0         86400     28800     43200               
103       2         50.85177  3.17948   0         834       0         149       0         65358     28800     61199               
104       1         51.14907  5.53698   1         911       944       0         0         86400     28800     64800               
105       0         51.01832  3.34314   1         603       1130      0         0         86400     28800     64800               
106       0         50.61146  6.05891   1         833       903       0         5973      86400     28800     64800               
107       2         50.67622  3.87349   1         1019      1151      0         23076     86400     28800     64800               
108       2         50.62191  6.03098   0         705       0         689       0         86400     44999     55799               
109       2         51.22127  5.25554   0         778       0         1616      0         78206     28800     57600               
110       1         51.27305  4.29275   0         783       0         776       0         86400     28800     61199               
111       0         51.30278  4.72114   1         772       106       0         0         86400     28800     64800               
112       1         50.90366  5.90897   0         886       0         721       0         86400     28800     61199               
113       0         50.75236  6.07398   1         891       436       0         0         86400     28800     64800               
114       0         51.05256  6.10612   1         899       274       0         24088     86400     28800     64800               
115       2         50.82220  3.99293   0         940       0         1411      0         57049     28800     64800               
116       0         50.80771  6.15059   0         873       0         115       0         62680     37800     54000               
117       0         50.80546  3.21674   0         822       0         2007      0         78795     28800     61199               
118       1         50.83440  4.72663   0         894       0         721       0         80996     28800     64800               
119       1         50.96096  3.10811   0         655       0         770       0         86400     28800     59400               
120       2         51.24653  3.21938   1         923       216       0         21373     86400     28800     64800               
121       2         50.43359  5.68090   0         835       0         129       0         79297     32400     50399               
122       0         50.58886  5.44857   1         715       3109      0         0         86400     28800     64800               
123       0         50.65855  6.19051   1         1040      379       0         13061     86400     28800     64800               
124       0         51.26360  4.36766   1         592       949       0         4735      86400     28800     64800               
125       0         50.79015  6.19530   1         1005      599       0         0         86400     28800     64800               
126       2         51.14510  4.17904   0         785       0         3040      0         64354     28800     64800               
127       2         50.86815  4.44503   0         908       0         196       0         74956     28800     64800               
128       0         50.95411  5.51251   1         968       141       0         0         86400     28800     64800               
129       0         50.80330  6.25550   1         786       279       0         13227     86400     28800     64800               
130       2         51.05528  3.72907   0         891       0         856       0         86400     36000     61199               
131       2         51.18898  4.23677   0         746       0         299       0         77073     28800     57600               
132       0         51.16865  6.26121   1         696       249       0         0         86400     28800     64800               
133       0         51.15247  5.86531   0         849       0         734       0         65319     43200     46800               
134       2         51.29117  4.93464   1         880       323       0         0         86400     28800     41400               