BE_FR_4_R 2 6 31 77

[Vehicle Types] - ID_veh_type, fixed_cost, variable_cost, speed, capacity, alpha, beta, max_time, max_drive_time
0         20        1.5       70        3200      2240      2240      46800     32400     
1         20        2.25      50        13600     9520      9520      46800     32400       

[Number of Vehicle Types] - ID_veh_type, ID_depot, number_of_vehicles
0	0	8
0	1	4
0	2	3
1	0	4
1	1	3
1	2	4

[Scheduled Lines] - ID_from, ID_to, cost_per_req, capacity, dep_time, arr_time
0	2	0.021	3200	5400	16200
0	2	0.021	3200	6300	17100
0	2	0.021	3200	63000	73800
0	2	0.021	3200	70200	81000
0	2	0.021	3200	82800	86400
0	1	0.013	3200	2700	9900
0	1	0.013	3200	9000	16200
0	1	0.013	3200	64800	72000
0	1	0.013	3200	70200	77400
0	1	0.013	3200	77400	84600
2	0	0.021	3200	5400	16200
2	0	0.021	3200	63000	73800
2	0	0.021	3200	69300	80100
2	0	0.021	3200	76500	86400
2	0	0.021	3200	79200	86400
2	1	0.011	3200	0	7200
2	1	0.011	3200	0	7200
2	1	0.011	3200	9000	16200
2	1	0.011	3200	63000	72000
2	1	0.011	3200	66600	73800
2	1	0.011	3200	68400	75600
2	1	0.011	3200	72900	80100
1	2	0.011	3200	8100	15300
1	2	0.011	3200	9900	17100
1	2	0.011	3200	63900	71100
1	2	0.011	3200	68400	75600
1	2	0.011	3200	76500	83700
1	0	0.013	3200	0	7200
1	0	0.013	3200	61200	68400
1	0	0.013	3200	68400	75600
1	0	0.013	3200	79200	86400

[Nodes/requests]: ID_node, ID_depot, lat, long, type, service_time, q_del, q_col, tw_depot_start, tw_depot_end, tw_cust_start, tw_cust_end, PC
0         0         50.66395  5.99772   -1        0         0         0         0         86400     0         86400
1         1         51.02551  4.42504   -1        0         0         0         0         86400     0         86400
2         2         50.77376  3.34295   -1        0         0         0         0         86400     0         86400
3         0         51.09656  4.36085   1         710       462       0         0         86400     28800     64800               
4         2         51.17813  3.78561   0         932       0         349       0         86400     28800     64800               
5         0         50.61676  6.31577   1         823       485       0         0         86400     28800     64800               
6         1         50.72729  3.32061   0         771       0         358       0         86400     28800     61199               
7         1         51.23624  4.48397   1         792       720       0         5145      86400     28800     64800               
8         0         50.99389  5.93117   0         676       0         734       0         59330     43200     57600               
9         1         51.02567  5.18833   1         718       327       0         0         86400     28800     43200               
10        1         50.99862  3.50470   0         758       0         112       0         86400     32400     54000               
11        0         50.84251  3.61559   1         660       175       0         0         86400     28800     64800               
12        1         51.00987  5.83079   0         837       0         2266      0         86400     28800     61199               
13        0         51.08652  6.30352   0         888       0         69        0         53760     28800     55799               
14        0         51.00974  5.84104   1         811       1316      0         0         86400     28800     46800               
15        0         50.90705  4.25563   1         863       1218      0         0         86400     28800     64800               
16        2         50.72851  3.24459   0         819       0         1303      0         60731     28800     61199               
17        0         50.56439  5.48692   1         807       238       0         0         86400     28800     57600               
18        1         51.28559  4.70437   0         950       0         378       0         86400     46800     54000               
19        0         50.74837  6.17886   1         1034      329       0         0         86400     28800     64800               
20        2         51.07161  3.13219   1         878       229       0         0         86400     28800     64800               
21        2         50.81205  3.25894   1         868       161       0         0         86400     28800     64800               
22        0         50.55325  6.22639   1         763       326       0         29628     86400     28800     64800               
23        2         51.19074  2.93318   0         935       0         210       0         61466     28800     64800               
24        0         50.96334  3.03251   1         797       68        0         0         86400     28800     64800               
25        0         50.83052  4.31605   0         929       0         122       0         86400     34199     59400               
26        1         51.27224  4.41205   1         889       1619      0         4962      86400     28800     64800               
27        1         50.83129  3.20218   1         785       373       0         0         86400     28800     64800               
28        0         50.97665  4.81033   1         851       116       0         6409      86400     28800     64800               
29        2         50.96697  3.62545   1         720       185       0         0         86400     28800     64800               
30        2         51.21607  4.33169   1         836       51        0         0         86400     28800     64800               
31        2         50.69058  5.57809   0         822       0         313       0         86400     30600     55799               
32        0         50.56349  6.25705   1         585       111       0         6663      86400     28800     64800               
33        1         50.87025  4.38711   1         894       20        0         0         86400     54000     61199               
34        0         51.09954  4.35966   1         899       209       0         0         86400     28800     64800               
35        0         50.85052  4.29607   1         1016      396       0         0         86400     28800     64800               
36        0         50.28730  5.12334   1         829       339       0         0         86400     28800     64800               
37        0         50.91292  6.28460   1         1012      199       0         0         86400     28800     64800               
38        1         51.27639  4.91667   1         1012      81        0         0         86400     28800     64800               
39        0         50.76888  6.09075   1         682       129       0         25129     86400     28800     64800               
40        2         50.80087  3.36971   1         864       494       0         0         86400     28800     64800               
41        2         51.16757  4.16276   0         854       0         2218      0         61164     28800     64800               
42        2         50.99199  3.74864   1         864       19        0         0         86400     28800     64800               
43        1         50.88570  4.47556   1         1054      296       0         4747      86400     28800     64800               
44        2         50.84523  3.69227   1         898       72        0         0         86400     28800     64800               
45        1         51.07270  4.54063   1         820       183       0         0         86400     28800     64800               
46        0         50.92413  6.14278   1         850       1180      0         0         86400     28800     64800               
47        0         50.80402  6.07117   0         801       0         717       0         86400     32400     54000               
48        2         51.18618  3.82741   1         885       163       0         0         86400     28800     64800               
49        0         50.77571  6.12738   1         825       620       0         0         86400     28800     64800               
50        1         50.78534  3.18607   1         822       1321      0         0         86400     28800     64800               
51        0         50.99559  4.98838   1         760       262       0         0         86400     28800     64800               
52        1         51.03784  5.20901   1         842       79        0         0         86400     34199     57600               
53        0         51.07336  2.68042   1         1015      303       0         0         86400     28800     64800               
54        0         51.11475  3.97611   1         947       59        0         0         86400     28800     64800               
55        0         50.74226  6.16280   1         824       2861      0         0         86400     28800     64800               
56        1         51.03668  4.69057   1         986       443       0         4818      86400     28800     64800               
57        0         50.62027  6.30710   1         726       483       0         17105     86400     28800     64800               
58        1         50.95325  5.77873   1         920       229       0         0         86400     28800     57600               
59        0         50.92749  5.79680   1         893       317       0         0         86400     28800     64800               
60        1         51.15576  4.13819   0         895       0         3330      0         86400     28800     64800               
61        2         51.18682  2.99006   1         797       1366      0         0         86400     28800     64800               
62        2         51.16752  4.16842   0         1003      0         1423      0         60247     28800     64800               
63        1         50.53271  4.24002   0         754       0         509       0         86400     43200     50399               
64        2         51.06471  2.81679   1         972       1477      0         6228      86400     28800     64800               
65        1         50.94584  3.52547   1         402       713       0         0         86400     28800     64800               
66        0         50.82201  6.10535   0         795       0         255       0         86400     32400     61199               
67        1         50.94802  4.24687   1         830       185       0         0         86400     28800     64800               
68        0         50.85465  4.42638   1         640       321       0         0         86400     28800     64800               
69        2         50.59862  4.76402   0         806       0         1419      0         86400     46800     61199               
70        2         50.79739  3.33052   1         806       1441      0         6268      86400     28800     64800               
71        2         51.10171  4.02481   1         876       2349      0         0         86400     28800     64800               
72        1         50.83808  3.24931   1         937       1530      0         0         86400     28800     64800               
73        2         51.01214  5.52412   0         842       0         1650      0         86400     32400     54000               
74        1         50.58515  4.38214   1         872       1469      0         0         86400     28800     64800               
75        0         50.56980  6.25743   1         894       192       0         0         86400     28800     64800               
76        0         50.79484  6.15730   1         895       3308      0         0         86400     28800     43200               