BE_FR_1_R 2 6 31 135

[Vehicle Types] - ID_veh_type, fixed_cost, variable_cost, speed, capacity, alpha, beta, max_time, max_drive_time
0         20        1.5       70        3200      2240      2240      46800     32400     
1         20        2.25      50        13600     9520      9520      46800     32400       

[Number of Vehicle Types] - ID_veh_type, ID_depot, number_of_vehicles
0	0	8
0	1	4
0	2	3
1	0	4
1	1	3
1	2	4

[Scheduled Lines] - ID_from, ID_to, cost_per_req, capacity, dep_time, arr_time
0	2	0.021	3200	5400	16200
0	2	0.021	3200	6300	17100
0	2	0.021	3200	63000	73800
0	2	0.021	3200	70200	81000
0	2	0.021	3200	82800	86400
0	1	0.013	3200	2700	9900
0	1	0.013	3200	9000	16200
0	1	0.013	3200	64800	72000
0	1	0.013	3200	70200	77400
0	1	0.013	3200	77400	84600
2	0	0.021	3200	5400	16200
2	0	0.021	3200	63000	73800
2	0	0.021	3200	69300	80100
2	0	0.021	3200	76500	86400
2	0	0.021	3200	79200	86400
2	1	0.011	3200	0	7200
2	1	0.011	3200	0	7200
2	1	0.011	3200	9000	16200
2	1	0.011	3200	63000	72000
2	1	0.011	3200	66600	73800
2	1	0.011	3200	68400	75600
2	1	0.011	3200	72900	80100
1	2	0.011	3200	8100	15300
1	2	0.011	3200	9900	17100
1	2	0.011	3200	63900	71100
1	2	0.011	3200	68400	75600
1	2	0.011	3200	76500	83700
1	0	0.013	3200	0	7200
1	0	0.013	3200	61200	68400
1	0	0.013	3200	68400	75600
1	0	0.013	3200	79200	86400

[Nodes/requests]: ID_node, ID_depot, lat, long, type, service_time, q_del, q_col, tw_depot_start, tw_depot_end, tw_cust_start, tw_cust_end, PC
0         0         50.68056  6.00000   -1        0         0         0         0         86400     0         86400
1         1         51.02141  4.47270   -1        0         0         0         0         86400     0         86400
2         2         50.77911  3.31753   -1        0         0         0         0         86400     0         86400
3         0         51.13827  5.90144   0         867       0         525       0         51312     43200     46800               
4         0         50.82191  6.17904   0         638       0         383       0         58439     28800     57600               
5         0         51.14370  4.40582   0         884       0         250       0         66709     32400     57600               
6         2         50.88123  3.83898   0         754       0         616       0         54736     36000     57600               
7         2         51.09285  3.43853   1         861       519       0         0         86400     28800     64800               
8         1         51.21034  4.38001   1         827       207       0         0         86400     32400     57600               
9         2         50.51342  4.37887   1         1041      224       0         17103     86400     28800     64800               
10        0         51.03343  6.13207   1         858       126       0         22600     86400     28800     64800               
11        0         51.05737  6.24105   0         900       0         126       0         80927     28800     61199               
12        0         51.12464  5.89976   0         857       0         1426      0         50488     43200     46800               
13        1         50.89800  4.34427   1         911       347       0         27904     86400     28800     64800               
14        1         50.76985  4.98343   0         936       0         3311      0         86400     50399     55799               
15        2         50.98565  3.84923   0         752       0         323       0         77779     28800     59400               
16        2         51.22309  3.21808   1         857       146       0         9798      86400     28800     64800               
17        0         50.80715  3.61836   1         837       100       0         6724      86400     28800     64800               
18        0         51.07110  6.13399   1         853       198       0         9103      86400     28800     64800               
19        0         50.98912  6.13324   0         725       0         1050      0         49229     36000     50399               
20        0         50.75942  6.14907   1         1020      78        0         14743     86400     28800     64800               
21        1         50.65514  5.47161   0         799       0         218       0         86400     28800     54000               
22        1         50.95598  4.44414   1         933       396       0         7447      86400     28800     64800               
23        0         50.63069  4.30883   1         873       375       0         8641      86400     28800     64800               
24        0         51.11314  4.58529   1         753       385       0         9613      86400     28800     64800               
25        0         51.11443  6.10679   1         822       370       0         17360     86400     28800     64800               
26        1         51.28260  4.75758   0         571       0         98        0         68769     46800     54000               
27        2         50.77519  3.16102   0         833       0         182       0         55346     30600     59400               
28        2         51.20787  3.15462   1         852       769       0         0         86400     28800     64800               
29        2         50.62073  3.86646   1         820       1067      0         19823     86400     28800     64800               
30        1         50.89086  4.29461   1         791       20        0         0         86400     36000     61199               
31        0         50.61912  5.90629   0         1003      0         39        0         69244     28800     61199               
32        0         50.67831  5.76766   0         804       0         39        0         69250     28800     43200               
33        1         51.31636  4.92664   0         793       0         371       0         86400     28800     64800               
34        2         50.62441  4.80806   0         903       0         408       0         74766     37800     61199               
35        0         50.97815  6.29940   1         818       153       0         17443     86400     28800     64800               
36        0         50.74773  6.09416   0         879       0         201       0         53637     28800     50399               
37        1         51.06332  4.35803   1         821       940       0         7004      86400     28800     64800               
38        2         51.13599  3.79026   0         804       0         163       0         64125     28800     64800               
39        2         51.14599  4.21617   0         933       0         146       0         86400     28800     57600               
40        2         50.82222  3.35670   1         578       507       0         0         86400     28800     64800               
41        1         51.06669  4.35007   1         781       20        0         0         86400     28800     64800               
42        2         51.13574  4.22206   1         732       582       0         0         86400     28800     64800               
43        1         51.11365  4.38690   0         969       0         161       0         79076     28800     55799               
44        1         50.80147  4.94095   0         936       0         104       0         86400     55799     59400               
45        1         50.98773  4.23971   1         831       52        0         9795      86400     28800     64800               
46        0         51.22989  4.35841   1         834       40        0         0         86400     28800     64800               
47        1         51.29167  4.68751   0         859       0         207       0         68773     46800     54000               
48        2         50.59951  3.31363   0         894       0         157       0         57991     28800     59400               
49        0         50.92608  6.10047   1         919       1151      0         16641     86400     28800     64800               
50        0         50.74851  5.71361   0         767       0         1591      0         86400     28800     57600               
51        2         50.61570  6.25430   0         792       0         247       0         78390     44999     61199               
52        2         51.13116  3.80148   1         1010      122       0         0         86400     28800     64800               
53        1         51.07619  3.68747   0         746       0         768       0         86400     32400     57600               
54        0         50.99368  6.02289   1         895       104       0         8025      86400     28800     64800               
55        2         50.91546  4.02174   1         632       438       0         16723     86400     28800     64800               
56        2         51.14474  4.23597   1         647       599       0         0         86400     28800     57600               
57        0         50.79075  5.72705   1         759       134       0         0         86400     28800     57600               
58        0         51.11436  6.20762   1         803       709       0         0         86400     28800     64800               
59        2         51.17680  3.43734   0         802       0         714       0         56998     46800     61199               
60        0         51.24844  4.48889   1         863       148       0         0         86400     28800     64800               
61        0         51.07215  6.14723   0         733       0         1112      0         54974     32400     54000               
62        0         51.07663  6.10172   0         909       0         163       0         51753     28800     64800               
63        0         50.63301  5.95356   0         968       0         1974      0         64142     44999     59400               
64        0         50.80791  6.13305   0         845       0         382       0         86400     41400     50399               
65        2         51.09366  3.77486   0         862       0         895       0         78934     28800     61199               
66        0         50.83952  6.26016   0         924       0         131       0         60263     28800     61199               
67        0         50.60750  6.28733   1         793       153       0         22529     86400     28800     64800               
68        2         50.88775  3.97034   1         729       2140      0         9643      86400     28800     64800               
69        0         51.20586  3.41226   1         808       154       0         0         86400     28800     64800               
70        1         50.96086  3.77878   0         916       0         277       0         86400     55799     61199               
71        0         50.90897  4.66045   0         663       0         775       0         86400     28800     43200               
72        0         50.79183  6.10805   0         957       0         773       0         53501     28800     61199               
73        0         51.24526  3.20434   1         724       80        0         0         86400     28800     64800               
74        0         50.54449  5.93519   1         1041      319       0         0         86400     28800     64800               
75        2         50.71430  6.11181   0         837       0         114       0         76902     39599     52200               
76        0         51.16485  3.42847   1         619       86        0         0         86400     28800     64800               
77        0         50.86280  5.73477   1         828       1977      0         0         86400     28800     64800               
78        0         50.99590  6.22903   1         764       61        0         22148     86400     28800     64800               
79        0         50.85002  3.58759   0         898       0         1113      0         74253     28800     64800               
80        1         51.07467  4.18780   1         761       40        0         0         86400     28800     64800               
81        1         51.14703  4.69953   1         644       1475      0         0         86400     32400     61199               
82        0         50.75577  3.67791   0         672       0         171       0         72045     41400     59400               
83        0         50.47896  4.88991   1         759       184       0         16705     86400     28800     64800               
84        0         51.08888  6.13858   0         812       0         407       0         59862     32400     55799               
85        2         51.04782  2.62241   0         976       0         188       0         73552     28800     61199               
86        0         50.84233  6.11560   1         981       62        0         19435     86400     28800     64800               
87        0         50.59243  5.99966   1         961       154       0         18605     86400     28800     64800               
88        0         50.53577  5.23440   1         807       125       0         0         86400     28800     64800               
89        0         50.72390  4.35038   0         535       0         166       0         86400     43200     57600               
90        0         50.75105  6.21351   1         962       249       0         0         86400     28800     64800               
91        0         50.93395  4.24791   1         905       184       0         0         86400     28800     64800               
92        1         50.84519  4.73960   0         751       0         204       0         86400     28800     64800               
93        0         50.91151  5.27160   1         981       398       0         0         86400     28800     64800               
94        2         50.84800  3.00135   0         998       0         732       0         64641     28800     43200               
95        1         50.50100  5.73021   0         734       0         160       0         86400     28800     61199               
96        2         50.82445  3.43261   0         930       0         271       0         55050     28800     59400               
97        0         51.07324  6.16639   0         873       0         2902      0         55154     28800     55799               
98        0         50.79212  6.15974   0         953       0         2238      0         51831     28800     55799               
99        0         50.76648  4.24247   0         1051      0         1870      0         86400     28800     57600               
100       0         50.90022  6.32655   1         803       82        0         0         86400     28800     64800               
101       0         51.03570  3.20604   0         928       0         2195      0         86400     28800     64800               
102       0         51.23132  5.22365   0         913       0         238       0         74877     32400     55799               
103       0         50.61122  5.89484   0         964       0         108       0         86400     30600     57600               
104       0         50.84131  3.21404   1         820       267       0         0         86400     28800     64800               
105       0         50.73048  6.13162   0         922       0         385       0         58089     28800     39599               
106       2         51.11236  4.17647   1         953       369       0         0         86400     28800     64800               
107       2         50.71204  5.61559   0         861       0         219       0         86400     46800     54000               
108       0         50.62254  6.27352   0         814       0         770       0         50973     28800     61199               
109       0         50.62454  5.83404   0         785       0         79        0         86400     30600     54000               
110       2         50.79314  3.03595   1         789       847       0         5929      86400     28800     64800               
111       1         50.83101  3.26301   0         785       0         231       0         81019     28800     61199               
112       0         50.70797  6.22037   0         899       0         706       0         48709     28800     54000               
113       1         51.09601  4.25966   1         821       1515      0         0         86400     28800     36000               
114       2         51.15607  2.94129   1         812       162       0         0         86400     28800     64800               
115       2         50.64680  3.82846   0         818       0         2698      0         64056     47699     57600               
116       0         50.85994  3.23734   1         762       112       0         0         86400     28800     64800               
117       0         50.79817  4.99491   0         865       0         1244      0         73810     44999     55799               
118       0         50.84469  6.03321   0         899       0         196       0         57262     28800     54000               
119       0         51.22916  4.46314   1         933       901       0         0         86400     28800     64800               
120       0         50.51960  6.24854   1         906       594       0         0         86400     28800     64800               
121       0         50.84056  4.14416   0         859       0         177       0         74412     28800     54000               
122       1         51.28505  4.72694   0         628       0         104       0         68762     46800     54000               
123       0         51.07168  5.87268   0         749       0         696       0         53128     43200     46800               
124       1         50.81363  5.20013   1         661       186       0         0         86400     28800     64800               
125       0         51.14148  5.54425   1         1078      1922      0         18870     86400     28800     64800               
126       0         51.06013  5.98096   0         836       0         304       0         86400     43200     50399               
127       0         50.96839  4.04878   1         891       1714      0         5389      86400     28800     64800               
128       0         50.68232  5.61902   0         1191      0         770       0         79965     28800     50399               
129       1         50.87177  4.49465   1         801       440       0         0         86400     28800     64800               
130       0         50.83488  5.98499   1         864       771       0         13607     86400     28800     64800               
131       2         51.14859  3.78442   1         679       1550      0         0         86400     28800     30600               
132       1         51.31325  4.94986   0         672       0         1454      0         86400     28800     61199               
133       1         50.52482  4.54421   1         916       60        0         6208      86400     28800     64800               
134       0         50.70884  6.16563   0         1074      0         93        0         63485     36000     50399               