BE_FR_0_R 2 6 31 135

[Vehicle Types] - ID_veh_type, fixed_cost, variable_cost, speed, capacity, alpha, beta, max_time, max_drive_time
0         20        1.5       70        3200      2240      2240      46800     32400     
1         20        2.25      50        13600     9520      9520      46800     32400       

[Number of Vehicle Types] - ID_veh_type, ID_depot, number_of_vehicles
0	0	8
0	1	4
0	2	3
1	0	4
1	1	3
1	2	4

[Scheduled Lines] - ID_from, ID_to, cost_per_req, capacity, dep_time, arr_time
0	2	0.021	3200	5400	16200
0	2	0.021	3200	6300	17100
0	2	0.021	3200	63000	73800
0	2	0.021	3200	70200	81000
0	2	0.021	3200	82800	86400
0	1	0.013	3200	2700	9900
0	1	0.013	3200	9000	16200
0	1	0.013	3200	64800	72000
0	1	0.013	3200	70200	77400
0	1	0.013	3200	77400	84600
2	0	0.021	3200	5400	16200
2	0	0.021	3200	63000	73800
2	0	0.021	3200	69300	80100
2	0	0.021	3200	76500	86400
2	0	0.021	3200	79200	86400
2	1	0.011	3200	0	7200
2	1	0.011	3200	0	7200
2	1	0.011	3200	9000	16200
2	1	0.011	3200	63000	72000
2	1	0.011	3200	66600	73800
2	1	0.011	3200	68400	75600
2	1	0.011	3200	72900	80100
1	2	0.011	3200	8100	15300
1	2	0.011	3200	9900	17100
1	2	0.011	3200	63900	71100
1	2	0.011	3200	68400	75600
1	2	0.011	3200	76500	83700
1	0	0.013	3200	0	7200
1	0	0.013	3200	61200	68400
1	0	0.013	3200	68400	75600
1	0	0.013	3200	79200	86400

[Nodes/requests]: ID_node, ID_depot, lat, long, type, service_time, q_del, q_col, tw_depot_start, tw_depot_end, tw_cust_start, tw_cust_end, PC
0         0         50.64882  5.98370   -1        0         0         0         0         86400     0         86400
1         1         51.06307  4.48186   -1        0         0         0         0         86400     0         86400
2         2         50.81603  3.32469   -1        0         0         0         0         86400     0         86400
3         0         50.84969  5.69597   1         737       67        0         8180      86400     28800     64800               
4         2         50.90878  3.23669   1         993       47        0         0         86400     28800     64800               
5         0         50.59765  5.55846   0         982       0         123       0         70966     50399     57600               
6         0         51.23145  3.20451   0         836       0         2227      0         86400     28800     61199               
7         0         51.09845  4.82091   0         837       0         82        0         68282     32400     57600               
8         2         51.14688  3.78224   0         950       0         1515      0         73119     28800     64800               
9         1         50.60141  5.55122   0         893       0         132       0         79836     50399     64800               
10        0         50.79867  5.44757   1         818       292       0         0         86400     28800     64800               
11        0         50.83777  6.32563   0         761       0         1999      0         53944     32400     54000               
12        1         50.61142  5.56130   0         494       0         307       0         78697     28800     57600               
13        2         50.83238  3.37180   1         1000      564       0         0         86400     28800     64800               
14        2         50.70365  2.99698   1         915       60        0         0         86400     28800     64800               
15        0         50.61850  5.88881   1         845       105       0         23887     86400     28800     64800               
16        0         50.55678  6.23642   1         896       381       0         22756     86400     28800     64800               
17        0         50.93065  6.18666   1         761       3355      0         0         86400     28800     64800               
18        2         50.64537  4.05077   0         810       0         174       0         86400     28800     57600               
19        2         51.02932  4.14548   1         945       1516      0         10154     86400     28800     64800               
20        2         51.12384  3.76825   0         843       0         768       0         73419     28800     64800               
21        0         50.96612  6.42593   1         700       363       0         22795     86400     28800     64800               
22        0         50.66949  5.99009   0         819       0         751       0         49915     28800     64800               
23        1         50.72441  6.15879   0         969       0         92        0         80315     28800     54000               
24        2         51.08619  4.00881   1         717       474       0         0         86400     28800     64800               
25        0         50.80178  6.10560   1         697       694       0         0         86400     28800     64800               
26        0         50.66713  6.30561   1         821       196       0         0         86400     28800     64800               
27        1         50.93688  4.25378   1         580       103       0         0         86400     28800     64800               
28        1         50.99377  5.44795   0         649       0         3260      0         86400     28800     64800               
29        0         50.89239  6.37284   0         613       0         335       0         53564     28800     64800               
30        0         51.30492  4.41944   1         725       619       0         0         86400     28800     64800               
31        0         50.83940  5.30108   1         788       197       0         0         86400     28800     64800               
32        2         50.60566  4.38503   1         609       628       0         0         86400     28800     64800               
33        1         50.63713  4.76991   0         744       0         781       0         77158     57600     61199               
34        0         51.04119  6.10245   0         807       0         1485      0         56803     37800     54000               
35        1         51.16207  4.39327   1         809       746       0         5921      86400     28800     64800               
36        0         50.77237  5.54038   1         836       3172      0         0         86400     28800     64800               
37        0         50.27507  5.16035   1         975       135       0         0         86400     28800     57600               
38        2         51.08540  3.77940   0         898       0         748       0         52648     28800     64800               
39        2         51.26937  4.29876   0         737       0         2026      0         74496     28800     64800               
40        2         51.14315  3.22569   0         963       0         29        0         69110     28800     61199               
41        0         51.00822  6.05711   1         1019      1424      0         0         86400     28800     64800               
42        2         50.89955  4.04637   0         1183      0         270       0         70301     54000     56700               
43        2         50.93977  4.04485   0         756       0         198       0         82771     54000     57600               
44        1         50.88947  4.45466   1         743       600       0         0         86400     28800     64800               
45        2         51.16349  4.17107   0         1016      0         174       0         86400     30600     52200               
46        0         50.78581  6.08466   0         910       0         72        0         47985     28800     57600               
47        1         51.21861  5.50985   0         572       0         68        0         80688     28800     54000               
48        0         50.74935  6.14533   0         899       0         225       0         54594     28800     57600               
49        0         50.63806  3.88650   1         1009      397       0         0         86400     28800     64800               
50        1         50.76515  3.19275   1         940       1535      0         0         86400     28800     37800               
51        0         51.00515  3.78474   1         819       332       0         8069      86400     28800     64800               
52        2         51.13886  3.77561   0         850       0         1524      0         66379     28800     64800               
53        0         50.57882  3.74867   1         960       1185      0         0         86400     28800     64800               
54        0         50.60345  5.55687   1         778       38        0         0         86400     28800     64800               
55        1         50.80985  3.21066   0         984       0         365       0         86400     28800     43200               
56        1         50.61076  5.57823   0         968       0         336       0         79054     50399     57600               
57        1         50.58766  4.36726   1         807       2713      0         0         86400     28800     64800               
58        2         50.89425  3.28174   0         788       0         94        0         86400     28800     46800               
59        0         50.63644  5.76291   0         922       0         302       0         56887     28800     61199               
60        0         50.82374  3.28137   1         813       384       0         0         86400     28800     64800               
61        0         50.80720  6.15366   1         867       190       0         26528     86400     28800     64800               
62        1         51.10609  4.17479   1         851       2248      0         0         86400     28800     64800               
63        1         51.16807  4.38111   0         828       0         751       0         77759     28800     57600               
64        2         50.94291  3.98533   1         1041      499       0         3682      86400     28800     64800               
65        0         50.67454  5.60865   1         654       310       0         0         86400     28800     64800               
66        2         51.26398  3.64535   1         997       20        0         9986      86400     28800     64800               
67        0         51.03170  6.47019   1         825       691       0         0         86400     28800     64800               
68        0         50.60293  5.84371   0         1113      0         486       0         54006     43200     50399               
69        0         50.78334  5.55618   1         875       3144      0         0         86400     28800     64800               
70        2         51.11059  4.16318   1         910       1621      0         0         86400     28800     64800               
71        0         50.88460  6.16655   1         926       3208      0         0         86400     28800     43200               
72        2         51.14892  4.19782   0         945       0         319       0         62253     30600     52200               
73        0         51.00831  2.94160   1         961       1601      0         0         86400     32400     57600               
74        2         51.11547  3.41215   0         694       0         1019      0         71667     46800     57600               
75        0         50.75067  6.29865   0         866       0         2816      0         48757     41400     54000               
76        2         50.89078  3.41788   0         884       0         639       0         55979     28800     61199               
77        2         51.02159  5.83916   0         826       0         381       0         77580     28800     61199               
78        1         50.84266  3.23055   0         890       0         727       0         86400     28800     64800               
79        2         50.64347  6.01666   0         841       0         649       0         86400     28800     64800               
80        0         51.02061  5.71335   1         935       717       0         0         86400     28800     64800               
81        2         50.75559  3.19389   1         1046      327       0         0         86400     28800     43200               
82        0         51.00340  5.48591   1         797       107       0         0         86400     28800     64800               
83        1         51.00351  5.48838   0         763       0         1477      0         81396     28800     64800               
84        0         51.08884  3.75827   0         998       0         1962      0         72251     28800     61199               
85        1         51.31024  5.07579   1         679       674       0         0         86400     28800     64800               
86        2         50.96687  3.10799   1         873       345       0         0         86400     28800     64800               
87        2         51.04883  3.12377   1         777       658       0         0         86400     28800     64800               
88        2         51.25496  4.43005   0         898       0         346       0         79638     28800     50399               
89        1         51.20153  5.29148   0         909       0         755       0         76507     28800     55799               
90        0         50.47915  4.49469   1         899       82        0         17302     86400     28800     64800               
91        2         51.10638  3.77120   0         701       0         262       0         57097     28800     64800               
92        1         50.86900  4.68747   0         760       0         195       0         86400     32400     57600               
93        0         50.84065  5.68306   1         782       1298      0         15602     86400     28800     64800               
94        0         50.99526  3.55331   1         737       322       0         0         86400     28800     64800               
95        0         50.95100  6.08456   1         1008      102       0         0         86400     28800     64800               
96        0         51.04403  6.33493   1         957       72        0         23848     86400     28800     64800               
97        2         50.99852  3.13220   1         783       315       0         9917      86400     28800     64800               
98        1         51.13414  4.42156   0         841       0         2082      0         69285     28800     57600               
99        2         51.17431  3.22896   1         771       253       0         22638     86400     28800     64800               
100       0         50.75229  6.19208   0         817       0         154       0         54926     28800     64800               
101       0         51.07992  6.14600   1         852       239       0         9248      86400     28800     64800               
102       1         51.04871  4.37436   0         770       0         281       0         80549     28800     57600               
103       2         51.19538  3.77150   0         798       0         337       0         52780     28800     64800               
104       0         51.17107  3.22943   1         925       616       0         0         86400     28800     64800               
105       0         50.88083  3.21784   0         795       0         163       0         86400     30600     59400               
106       1         50.63620  5.96756   1         727       1216      0         0         86400     28800     64800               
107       1         50.80750  4.42239   1         995       88        0         0         86400     28800     39599               
108       2         50.82549  2.84183   0         793       0         207       0         86400     46800     54000               
109       0         50.88577  6.07982   1         945       104       0         0         86400     28800     64800               
110       2         51.07441  5.15113   1         650       2083      0         0         86400     28800     39599               
111       2         50.49018  4.34739   1         954       1572      0         0         86400     28800     64800               
112       1         50.66145  6.01016   0         962       0         787       0         86400     39599     59400               
113       2         51.14238  4.19466   0         1092      0         770       0         62628     28800     64800               
114       2         50.81155  3.19291   1         709       95        0         0         86400     28800     64800               
115       0         50.80128  6.12687   1         712       306       0         7551      86400     28800     64800               
116       0         51.13793  4.14199   1         609       9         0         8724      86400     28800     64800               
117       0         50.98955  6.36433   1         884       2413      0         0         86400     28800     64800               
118       2         50.94341  4.04930   0         897       0         285       0         70068     54000     57600               
119       1         50.57051  4.37085   1         1003      114       0         5482      86400     28800     64800               
120       2         50.66629  4.39157   1         908       471       0         0         86400     34199     57600               
121       1         51.19517  4.67753   1         961       10        0         6353      86400     28800     64800               
122       0         51.15064  4.14583   0         611       0         1484      0         86400     28800     64800               
123       0         51.14661  6.25776   1         902       1996      0         0         86400     28800     64800               
124       0         50.64713  5.88579   0         844       0         523       0         48088     28800     57600               
125       0         50.76127  6.08998   1         920       77        0         0         86400     28800     64800               
126       0         50.56493  5.58334   0         884       0         299       0         70947     50399     57600               
127       1         51.11489  4.61528   1         843       1613      0         0         86400     28800     64800               
128       0         51.09163  3.95929   1         775       408       0         0         86400     28800     64800               
129       0         51.21447  5.26975   1         906       390       0         0         86400     28800     64800               
130       2         50.74067  3.23044   0         961       0         345       0         86400     28800     57600               
131       0         51.16040  6.27498   1         854       739       0         23540     86400     28800     64800               
132       1         50.58597  4.71703   0         770       0         19        0         86400     28800     55799               
133       0         50.78949  4.24281   1         590       9         0         8629      86400     28800     64800               
134       2         51.13678  3.61167   0         669       0         1208      0         75295     28800     57600               