BE_FR_2_R 2 6 31 121

[Vehicle Types] - ID_veh_type, fixed_cost, variable_cost, speed, capacity, alpha, beta, max_time, max_drive_time
0         20        1.5       70        3200      2240      2240      46800     32400     
1         20        2.25      50        13600     9520      9520      46800     32400       

[Number of Vehicle Types] - ID_veh_type, ID_depot, number_of_vehicles
0	0	8
0	1	4
0	2	3
1	0	4
1	1	3
1	2	4

[Scheduled Lines] - ID_from, ID_to, cost_per_req, capacity, dep_time, arr_time
0	2	0.021	3200	5400	16200
0	2	0.021	3200	6300	17100
0	2	0.021	3200	63000	73800
0	2	0.021	3200	70200	81000
0	2	0.021	3200	82800	86400
0	1	0.013	3200	2700	9900
0	1	0.013	3200	9000	16200
0	1	0.013	3200	64800	72000
0	1	0.013	3200	70200	77400
0	1	0.013	3200	77400	84600
2	0	0.021	3200	5400	16200
2	0	0.021	3200	63000	73800
2	0	0.021	3200	69300	80100
2	0	0.021	3200	76500	86400
2	0	0.021	3200	79200	86400
2	1	0.011	3200	0	7200
2	1	0.011	3200	0	7200
2	1	0.011	3200	9000	16200
2	1	0.011	3200	63000	72000
2	1	0.011	3200	66600	73800
2	1	0.011	3200	68400	75600
2	1	0.011	3200	72900	80100
1	2	0.011	3200	8100	15300
1	2	0.011	3200	9900	17100
1	2	0.011	3200	63900	71100
1	2	0.011	3200	68400	75600
1	2	0.011	3200	76500	83700
1	0	0.013	3200	0	7200
1	0	0.013	3200	61200	68400
1	0	0.013	3200	68400	75600
1	0	0.013	3200	79200	86400

[Nodes/requests]: ID_node, ID_depot, lat, long, type, service_time, q_del, q_col, tw_depot_start, tw_depot_end, tw_cust_start, tw_cust_end, PC
0         0         50.66218  6.03043   -1        0         0         0         0         86400     0         86400
1         1         51.07334  4.43918   -1        0         0         0         0         86400     0         86400
2         2         50.82930  3.35597   -1        0         0         0         0         86400     0         86400
3         0         51.05978  6.16068   1         926       76        0         0         86400     28800     64800               
4         0         50.73284  6.11298   1         1009      467       0         5596      86400     28800     64800               
5         2         51.02982  3.95078   0         841       0         1066      0         61063     28800     61199               
6         2         50.93853  5.74434   0         807       0         1426      0         86400     30600     57600               
7         1         51.06979  5.11494   1         887       78        0         0         86400     28800     64800               
8         0         50.35704  6.06714   1         951       224       0         13897     86400     28800     64800               
9         0         51.13909  4.56265   1         1046      196       0         0         86400     28800     64800               
10        1         51.33612  4.51448   0         936       0         19        0         86400     48600     57600               
11        0         50.79154  6.22480   0         774       0         2389      0         86400     37800     57600               
12        0         50.96834  6.17096   1         783       121       0         24287     86400     28800     64800               
13        0         50.74023  6.16625   1         909       332       0         0         86400     28800     64800               
14        0         50.98494  6.12740   1         776       582       0         6144      86400     28800     64800               
15        0         50.29859  4.47309   1         813       156       0         7388      86400     28800     64800               
16        0         50.80569  6.12242   1         836       2483      0         18487     86400     28800     64800               
17        0         50.88158  6.21244   1         944       2153      0         0         86400     28800     64800               
18        0         50.79025  6.10746   1         962       797       0         0         86400     28800     64800               
19        0         51.01558  5.55572   0         1027      0         123       0         60175     28800     61199               
20        2         50.84948  3.35452   1         916       183       0         0         86400     28800     64800               
21        1         50.68842  4.20350   1         760       191       0         0         86400     28800     64800               
22        0         50.40317  5.12965   0         839       0         198       0         58987     32400     52200               
23        2         51.13182  4.44529   0         836       0         378       0         71218     28800     64800               
24        0         50.59328  5.84313   1         912       126       0         0         86400     28800     64800               
25        0         51.22889  4.21719   0         859       0         884       0         86400     28800     57600               
26        0         50.79097  6.10329   1         831       393       0         0         86400     28800     64800               
27        0         50.92763  5.96546   0         1076      0         364       0         60661     43200     57600               
28        1         50.93324  4.59847   1         932       225       0         16161     86400     28800     64800               
29        0         51.01513  3.97646   1         642       114       0         0         86400     28800     64800               
30        0         50.97218  6.12063   1         932       131       0         23973     86400     28800     64800               
31        0         51.04079  6.08788   1         916       1059      0         17574     86400     28800     64800               
32        0         51.11480  6.34490   1         915       661       0         0         86400     28800     64800               
33        0         50.61382  6.33795   1         1101      272       0         6080      86400     28800     64800               
34        0         50.81509  6.29366   1         929       463       0         0         86400     28800     64800               
35        0         50.82247  6.03317   1         853       1306      0         0         86400     28800     32340               
36        0         51.18275  4.93533   1         706       124       0         0         86400     28800     64800               
37        1         50.79711  5.53811   1         933       2595      0         0         86400     28800     64800               
38        1         50.51783  5.70267   0         827       0         136       0         86400     28800     61199               
39        0         51.05229  5.11998   1         517       362       0         0         86400     28800     64800               
40        2         51.03434  3.72440   1         952       422       0         0         86400     28800     61199               
41        2         50.90840  3.43942   0         737       0         317       0         70206     28800     59400               
42        1         51.30335  4.42423   1         859       377       0         0         86400     28800     64800               
43        2         51.12078  3.81037   0         759       0         173       0         63042     28800     64800               
44        0         50.91048  6.28629   1         677       259       0         0         86400     28800     64800               
45        0         50.87842  6.17190   1         669       1998      0         0         86400     28800     64800               
46        0         50.98533  4.79913   1         969       114       0         8593      86400     28800     64800               
47        0         51.17277  6.26744   1         945       632       0         7974      86400     28800     64800               
48        1         50.67616  5.62388   0         895       0         48        0         86400     46800     57600               
49        0         50.86260  5.68295   1         696       47        0         0         86400     28800     64800               
50        1         51.32143  4.41690   1         840       387       0         0         86400     32400     57600               
51        0         50.63230  5.75598   0         987       0         124       0         49506     28800     64800               
52        0         50.90383  5.42605   0         850       0         386       0         86400     28800     61199               
53        0         51.07670  6.21566   1         910       640       0         4277      86400     28800     64800               
54        0         50.97173  5.36241   1         880       321       0         0         86400     28800     64800               
55        0         51.21937  5.42911   1         636       674       0         4164      86400     28800     64800               
56        1         51.19908  5.37753   1         828       759       0         0         86400     28800     64800               
57        0         50.17751  5.33797   0         794       0         747       0         53337     28800     50399               
58        2         51.15863  3.80303   0         957       0         2345      0         74470     28800     64800               
59        0         50.76337  5.51539   1         749       1841      0         0         86400     28800     64800               
60        1         51.27293  4.95327   0         749       0         1416      0         61150     28800     64800               
61        1         51.28904  4.25315   0         847       0         3295      0         86400     28800     64800               
62        0         50.47839  4.58226   1         660       900       0         16765     86400     28800     64800               
63        1         50.93512  3.43753   0         590       0         764       0         81234     28800     59400               
64        0         51.11971  4.92627   1         753       654       0         0         86400     28800     64800               
65        0         50.50552  4.81681   1         918       105       0         14657     86400     28800     64800               
66        0         50.78544  6.00848   1         930       503       0         0         86400     28800     43200               
67        0         50.77803  4.25591   0         910       0         764       0         73905     28800     55799               
68        0         50.68996  4.59648   1         843       29        0         0         86400     28800     64800               
69        0         50.97764  6.24505   1         823       47        0         15839     86400     28800     64800               
70        0         51.05746  6.14094   1         889       286       0         7985      86400     28800     64800               
71        0         50.70359  5.55231   0         856       0         478       0         59193     28800     64800               
72        0         51.10994  5.85868   1         782       959       0         0         86400     28800     64800               
73        0         50.67965  4.54742   1         913       91        0         0         86400     28800     64800               
74        1         50.81374  4.97917   0         841       0         143       0         65413     55799     59400               
75        0         50.98853  4.55598   1         983       506       0         0         86400     28800     64800               
76        0         50.90194  6.03464   1         625       655       0         18424     86400     28800     64800               
77        1         50.81456  4.32033   1         831       134       0         0         86400     28800     64800               
78        0         50.76947  6.14292   0         987       0         151       0         48602     28800     43200               
79        2         50.71424  3.34427   1         721       726       0         12305     86400     28800     64800               
80        0         50.70382  6.16194   1         1095      769       0         0         86400     28800     64800               
81        0         50.75680  6.07073   1         876       674       0         5299      86400     28800     64800               
82        0         50.91645  6.20032   1         831       198       0         8194      86400     28800     64800               
83        2         51.00540  3.85890   1         769       3131      0         0         86400     28800     64800               
84        1         50.62836  5.99502   0         1040      0         150       0         86400     37800     59400               
85        0         51.25737  4.31602   1         874       197       0         0         86400     28800     64800               
86        0         51.29242  4.44054   0         746       0         1460      0         70365     28800     57600               
87        1         51.17845  4.57784   0         751       0         680       0         80365     32400     61199               
88        1         50.62728  4.49915   1         1005      98        0         0         86400     32400     43200               
89        0         50.76574  6.09246   1         861       385       0         24661     86400     28800     64800               
90        2         50.76757  3.39080   0         864       0         228       0         56070     32400     61199               
91        0         50.86348  5.73795   1         943       335       0         0         86400     28800     64800               
92        0         51.24886  3.22544   0         920       0         125       0         77552     29700     58499               
93        0         51.07410  6.21599   1         643       1634      0         0         86400     28800     64800               
94        2         50.59513  5.75420   0         957       0         279       0         86400     28800     64800               
95        0         50.57284  6.23427   1         831       536       0         0         86400     28800     43200               
96        0         50.91821  6.12319   0         1099      0         395       0         48383     28800     46800               
97        1         50.70431  4.17767   1         597       2993      0         0         86400     28800     64800               
98        2         51.06471  2.61269   0         848       0         218       0         86400     28800     61199               
99        1         50.48570  5.68378   0         686       0         2778      0         86400     28800     64800               
100       0         50.78144  6.17468   1         862       763       0         0         86400     28800     64800               
101       2         50.75157  3.24595   0         1000      0         83        0         72094     28800     61199               
102       0         51.30129  4.96082   1         799       136       0         7950      86400     28800     64800               
103       2         51.10241  3.11158   1         729       128       0         11321     86400     28800     64800               
104       2         51.14109  3.81787   1         669       2222      0         0         86400     28800     54000               
105       0         51.13711  4.12701   1         1028      1582      0         0         86400     28800     64800               
106       0         51.10965  5.86694   0         676       0         608       0         54925     43200     46800               
107       0         51.04848  5.81853   1         916       243       0         0         86400     28800     64800               
108       1         51.25033  5.34165   1         676       39        0         0         86400     28800     64800               
109       0         50.63221  5.55886   0         720       0         120       0         57958     50399     64800               
110       2         50.88604  4.44726   0         988       0         2850      0         73348     28800     61199               
111       0         51.24852  4.43528   1         875       2062      0         0         86400     28800     64800               
112       0         50.80333  6.22553   0         1011      0         306       0         50971     36000     46800               
113       0         50.98392  6.35416   1         751       258       0         0         86400     43200     57600               
114       0         50.70241  5.98212   0         934       0         264       0         54156     36000     50399               
115       1         50.93742  4.26494   0         819       0         97        0         67143     28800     61199               
116       0         50.85668  6.21911   1         810       504       0         0         86400     28800     64800               
117       0         50.23587  5.33706   1         756       374       0         0         86400     28800     64800               
118       2         51.25608  3.18900   1         882       156       0         11919     86400     28800     64800               
119       0         50.84026  5.49454   1         962       114       0         0         86400     28800     64800               
120       0         50.78466  6.12862   1         974       538       0         24984     86400     28800     64800               