BE_MO_3_R 2 6 31 127

[Vehicle Types] - ID_veh_type, fixed_cost, variable_cost, speed, capacity, alpha, beta, max_time, max_drive_time
0         20        1.5       70        3200      2240      2240      46800     32400     
1         20        2.25      50        13600     9520      9520      46800     32400       

[Number of Vehicle Types] - ID_veh_type, ID_depot, number_of_vehicles
0	0	8
0	1	4
0	2	3
1	0	4
1	1	3
1	2	4

[Scheduled Lines] - ID_from, ID_to, cost_per_req, capacity, dep_time, arr_time
0	2	0.021	3200	5400	16200
0	2	0.021	3200	6300	17100
0	2	0.021	3200	63000	73800
0	2	0.021	3200	70200	81000
0	2	0.021	3200	82800	86400
0	1	0.013	3200	2700	9900
0	1	0.013	3200	9000	16200
0	1	0.013	3200	64800	72000
0	1	0.013	3200	70200	77400
0	1	0.013	3200	77400	84600
2	0	0.021	3200	5400	16200
2	0	0.021	3200	63000	73800
2	0	0.021	3200	69300	80100
2	0	0.021	3200	76500	86400
2	0	0.021	3200	79200	86400
2	1	0.011	3200	0	7200
2	1	0.011	3200	0	7200
2	1	0.011	3200	9000	16200
2	1	0.011	3200	63000	72000
2	1	0.011	3200	66600	73800
2	1	0.011	3200	68400	75600
2	1	0.011	3200	72900	80100
1	2	0.011	3200	8100	15300
1	2	0.011	3200	9900	17100
1	2	0.011	3200	63900	71100
1	2	0.011	3200	68400	75600
1	2	0.011	3200	76500	83700
1	0	0.013	3200	0	7200
1	0	0.013	3200	61200	68400
1	0	0.013	3200	68400	75600
1	0	0.013	3200	79200	86400

[Nodes/requests]: ID_node, ID_depot, lat, long, type, service_time, q_del, q_col, tw_depot_start, tw_depot_end, tw_cust_start, tw_cust_end, PC
0         0         50.66374  6.05660   -1        0         0         0         0         86400     0         86400
1         1         51.05374  4.47492   -1        0         0         0         0         86400     0         86400
2         2         50.84504  3.34810   -1        0         0         0         0         86400     0         86400
3         1         50.77535  3.16178   1         970       3065      0         0         86400     28800     64800               
4         2         50.51095  4.17722   1         761       1765      0         0         86400     28800     64800               
5         0         50.97074  4.05705   1         845       257       0         0         86400     28800     64800               
6         1         51.31689  4.72910   0         712       0         125       0         58002     46800     57600               
7         0         50.94959  5.77387   1         823       235       0         0         86400     28800     64800               
8         0         50.65136  5.84879   1         823       345       0         0         86400     28800     57600               
9         2         50.62571  4.81275   0         776       0         374       0         74154     44999     61199               
10        0         50.85151  5.98719   1         807       314       0         0         86400     28800     64800               
11        0         51.07875  4.25512   1         661       636       0         0         86400     28800     64800               
12        2         50.76661  3.61522   0         899       0         93        0         56692     28800     59400               
13        0         50.99902  5.90911   1         598       707       0         0         86400     28800     64800               
14        1         50.88113  3.86527   0         1027      0         454       0         86400     34199     61199               
15        0         50.76939  6.16711   0         845       0         200       0         86400     53099     55799               
16        0         50.82363  6.11261   0         771       0         40        0         86400     48600     57600               
17        0         51.09660  6.16533   1         666       301       0         0         86400     28800     64800               
18        0         50.93538  6.06671   0         668       0         110       0         47671     39599     57600               
19        2         50.92950  3.17168   1         805       341       0         0         86400     28800     64800               
20        0         51.11144  4.41213   1         819       107       0         0         86400     28800     64800               
21        0         51.08466  5.76219   1         769       947       0         0         86400     28800     64800               
22        2         51.12797  4.19596   0         520       0         2859      0         69741     28800     64800               
23        0         50.81556  6.28975   1         836       967       0         0         86400     28800     64800               
24        2         51.14360  4.19504   0         600       0         726       0         68185     28800     64800               
25        0         50.82230  6.05946   1         843       798       0         0         86400     28800     64800               
26        1         50.71608  4.38967   1         913       181       0         0         86400     28800     64800               
27        0         50.85205  6.10151   0         865       0         635       0         47494     39599     64800               
28        1         50.70266  5.61551   1         840       1653      0         0         86400     28800     64800               
29        2         51.18048  4.25139   1         674       183       0         14709     86400     28800     64800               
30        0         51.29675  4.29616   0         1044      0         909       0         86400     28800     54000               
31        2         50.76878  2.99391   1         853       199       0         0         86400     28800     64800               
32        0         50.72552  6.12071   0         934       0         768       0         65068     28800     61199               
33        2         51.31035  4.25506   1         1011      262       0         0         86400     28800     64800               
34        1         51.05901  4.37006   1         945       2247      0         0         86400     28800     64800               
35        2         50.94238  3.57260   1         571       19        0         0         86400     28800     64800               
36        0         51.12351  6.19861   0         902       0         314       0         54872     44999     61199               
37        0         50.81904  6.27925   1         852       409       0         25395     86400     28800     64800               
38        2         50.95341  4.43225   0         961       0         374       0         74201     36000     61199               
39        0         50.97826  6.14914   1         689       1957      0         0         86400     28800     64800               
40        1         51.22108  4.03547   0         550       0         874       0         86400     32400     57600               
41        0         50.79138  4.97258   0         1029      0         387       0         86400     41400     61199               
42        1         51.06777  4.37158   0         789       0         746       0         76908     57600     61199               
43        0         50.84612  4.74736   0         856       0         745       0         72066     28800     64800               
44        0         51.18033  6.27864   1         865       2442      0         0         86400     28800     64800               
45        0         51.06551  4.40790   1         831       855       0         0         86400     28800     64800               
46        0         50.75912  6.29443   1         853       542       0         0         86400     28800     64800               
47        0         50.84252  5.97684   1         721       2150      0         0         86400     28800     64800               
48        0         50.36100  6.33428   1         906       99        0         0         86400     28800     64800               
49        0         51.01590  6.12651   1         848       328       0         0         86400     28800     64800               
50        0         50.84128  5.52594   1         859       179       0         0         86400     28800     64800               
51        0         50.89441  6.18875   0         731       0         279       0         49553     36000     50399               
52        0         50.53244  5.65231   0         719       0         280       0         61031     28800     50399               
53        0         50.97864  6.30055   1         829       82        0         0         86400     28800     64800               
54        0         50.95031  4.45116   1         738       1552      0         0         86400     28800     64800               
55        0         51.16113  4.35900   1         935       1002      0         0         86400     28800     64800               
56        0         50.75073  6.26694   1         849       798       0         0         86400     28800     64800               
57        0         51.13826  4.73945   1         791       377       0         0         86400     28800     64800               
58        0         51.03542  3.13652   1         750       256       0         0         86400     28800     64800               
59        0         50.86597  3.27751   1         867       181       0         0         86400     28800     64800               
60        0         50.35809  5.92768   1         630       384       0         0         86400     28800     64800               
61        0         50.81509  6.16928   1         948       152       0         0         86400     36000     57600               
62        0         50.53901  4.98107   0         907       0         774       0         59069     28800     61199               
63        1         50.20600  3.20790   0         867       0         3133      0         86400     28800     64800               
64        1         51.12094  5.87740   0         891       0         1292      0         86400     28800     61199               
65        2         51.27582  4.27882   0         1002      0         765       0         63669     28800     64800               
66        0         50.93530  4.42643   1         797       343       0         0         86400     28800     64800               
67        2         51.23301  3.24794   0         581       0         353       0         65841     28800     61199               
68        2         51.13135  4.24628   0         741       0         1960      0         65103     28800     54000               
69        2         50.97162  3.23300   0         953       0         1447      0         55100     28800     55799               
70        0         50.59380  5.36347   0         950       0         308       0         86400     28800     61199               
71        2         50.79107  6.12526   0         735       0         68        0         86400     28800     54000               
72        0         50.83955  6.06400   0         1000      0         95        0         77226     28800     61199               
73        0         50.90646  6.24083   0         710       0         283       0         76946     28800     57600               
74        1         50.88227  4.23267   0         981       0         391       0         86400     28800     64800               
75        0         51.14363  4.96053   1         939       147       0         0         86400     28800     64800               
76        2         51.15751  3.80112   0         854       0         68        0         74286     28800     64800               
77        0         50.78309  6.08740   1         869       179       0         0         86400     28800     64800               
78        2         51.12018  3.76189   0         851       0         1828      0         57919     28800     64800               
79        0         50.54416  3.77452   1         760       854       0         0         86400     28800     64800               
80        0         50.80645  6.07239   1         737       725       0         0         86400     28800     64800               
81        1         51.30410  4.92881   0         710       0         249       0         71306     28800     61199               
82        0         51.07031  6.21461   1         548       1126      0         0         86400     28800     64800               
83        1         51.24657  4.52591   1         813       309       0         0         86400     28800     64800               
84        2         51.16016  4.20078   0         851       0         118       0         71772     28800     64800               
85        1         50.76053  3.19023   1         695       3059      0         0         86400     28800     64800               
86        1         51.30826  4.64730   0         726       0         152       0         57999     46800     57600               
87        0         50.82433  6.15096   0         950       0         389       0         55522     28800     55799               
88        2         51.16085  4.18528   0         541       0         1548      0         86400     28800     64800               
89        0         50.65793  5.78543   1         802       174       0         0         86400     28800     64800               
90        0         50.76047  6.23179   0         881       0         284       0         48070     28800     54000               
91        0         50.86303  3.34443   1         707       130       0         0         86400     28800     64800               
92        0         50.87645  4.36610   1         764       234       0         0         86400     28800     64800               
93        2         51.17267  4.08931   1         814       1157      0         0         86400     28800     64800               
94        0         50.90568  6.36298   1         588       263       0         0         86400     28800     64800               
95        0         51.32307  4.87952   0         577       0         997       0         86400     28800     61199               
96        2         51.23523  4.25409   0         921       0         1034      0         68477     28800     54000               
97        2         50.81329  3.19602   0         774       0         78        0         55390     28800     59400               
98        0         50.56385  5.48249   1         983       2792      0         0         86400     28800     57600               
99        1         50.88790  4.29036   0         641       0         243       0         86400     28800     46800               
100       0         50.78945  6.04572   0         886       0         1500      0         50278     36000     54000               
101       0         51.05416  6.14572   1         926       91        0         0         86400     28800     64800               
102       0         50.74499  6.22870   1         821       430       0         0         86400     28800     43200               
103       2         50.94500  3.11670   1         684       86        0         0         86400     28800     64800               
104       0         51.22983  3.20761   1         1010      239       0         0         86400     28800     64800               
105       0         50.82477  6.09064   1         946       652       0         0         86400     28800     64800               
106       2         50.68042  3.84057   0         826       0         950       0         54977     47699     57600               
107       0         50.82441  6.29331   1         753       418       0         0         86400     28800     64800               
108       0         50.92331  5.66610   1         595       190       0         0         86400     32400     64800               
109       0         50.41278  5.67953   0         787       0         613       0         64290     46800     55799               
110       1         50.68221  4.38222   1         631       195       0         7751      86400     28800     64800               
111       0         50.86824  3.15710   0         694       0         97        0         82611     28800     59400               
112       2         51.16421  4.13937   0         732       0         1508      0         86400     28800     61199               
113       0         51.08483  6.10579   0         874       0         146       0         86400     32400     61199               
114       1         51.12558  5.85375   1         807       131       0         0         86400     28800     64800               
115       0         50.90144  5.72710   1         993       936       0         0         86400     28800     57600               
116       0         51.11532  4.20515   1         599       2548      0         0         86400     28800     64800               
117       0         51.08114  5.81455   0         963       0         1058      0         61544     32400     57600               
118       2         50.91819  3.66375   1         1049      477       0         0         86400     28800     64800               
119       0         50.84987  6.19872   1         804       312       0         0         86400     28800     64800               
120       1         50.94999  4.58246   0         788       0         1530      0         86400     28800     57600               
121       0         51.02689  5.70510   1         681       747       0         0         86400     28800     36000               
122       0         50.94796  4.03127   0         725       0         329       0         74999     50399     54000               
123       0         50.86142  3.17175   1         774       2663      0         0         86400     28800     64800               
124       0         50.69852  5.61009   0         962       0         19        0         57889     28800     64800               
125       1         51.16743  4.15665   0         730       0         491       0         86400     28800     64800               
126       2         51.14211  4.12954   1         879       522       0         0         86400     28800     64800               