BE_MO_4_R 2 6 31 125

[Vehicle Types] - ID_veh_type, fixed_cost, variable_cost, speed, capacity, alpha, beta, max_time, max_drive_time
0         20        1.5       70        3200      2240      2240      46800     32400     
1         20        2.25      50        13600     9520      9520      46800     32400       

[Number of Vehicle Types] - ID_veh_type, ID_depot, number_of_vehicles
0	0	8
0	1	4
0	2	3
1	0	4
1	1	3
1	2	4

[Scheduled Lines] - ID_from, ID_to, cost_per_req, capacity, dep_time, arr_time
0	2	0.021	3200	5400	16200
0	2	0.021	3200	6300	17100
0	2	0.021	3200	63000	73800
0	2	0.021	3200	70200	81000
0	2	0.021	3200	82800	86400
0	1	0.013	3200	2700	9900
0	1	0.013	3200	9000	16200
0	1	0.013	3200	64800	72000
0	1	0.013	3200	70200	77400
0	1	0.013	3200	77400	84600
2	0	0.021	3200	5400	16200
2	0	0.021	3200	63000	73800
2	0	0.021	3200	69300	80100
2	0	0.021	3200	76500	86400
2	0	0.021	3200	79200	86400
2	1	0.011	3200	0	7200
2	1	0.011	3200	0	7200
2	1	0.011	3200	9000	16200
2	1	0.011	3200	63000	72000
2	1	0.011	3200	66600	73800
2	1	0.011	3200	68400	75600
2	1	0.011	3200	72900	80100
1	2	0.011	3200	8100	15300
1	2	0.011	3200	9900	17100
1	2	0.011	3200	63900	71100
1	2	0.011	3200	68400	75600
1	2	0.011	3200	76500	83700
1	0	0.013	3200	0	7200
1	0	0.013	3200	61200	68400
1	0	0.013	3200	68400	75600
1	0	0.013	3200	79200	86400

[Nodes/requests]: ID_node, ID_depot, lat, long, type, service_time, q_del, q_col, tw_depot_start, tw_depot_end, tw_cust_start, tw_cust_end, PC
0         0         50.65768  5.99484   -1        0         0         0         0         86400     0         86400
1         1         51.01842  4.44910   -1        0         0         0         0         86400     0         86400
2         2         50.81535  3.31509   -1        0         0         0         0         86400     0         86400
3         0         51.08794  5.18962   1         902       582       0         0         86400     28800     64800               
4         0         50.87874  4.50272   1         765       345       0         0         86400     28800     54000               
5         0         51.29131  4.41277   1         690       9         0         0         86400     28800     64800               
6         1         51.19280  5.56133   1         782       156       0         0         86400     28800     64800               
7         2         50.83603  2.89975   1         786       160       0         0         86400     28800     64800               
8         1         51.24811  5.09161   1         740       134       0         0         86400     28800     57600               
9         2         50.82124  3.58808   0         1021      0         1523      0         63900     28800     61199               
10        2         51.17229  3.80384   0         980       0         330       0         53638     28800     64800               
11        0         50.79459  6.14126   0         673       0         899       0         49031     37800     61199               
12        1         51.34381  4.93965   0         854       0         450       0         86400     28800     50399               
13        0         50.72359  4.60551   1         725       111       0         0         86400     28800     64800               
14        0         50.88468  6.04641   0         827       0         2291      0         56352     48600     54000               
15        1         50.89103  4.40022   1         868       802       0         0         86400     28800     64800               
16        0         50.93346  5.76195   0         707       0         298       0         51630     36000     61199               
17        0         50.65418  6.02996   0         1109      0         374       0         63553     43200     59400               
18        0         50.98043  6.07672   1         879       51        0         0         86400     28800     64800               
19        2         50.93343  3.26627   0         891       0         105       0         81614     28800     61199               
20        1         51.28430  4.70251   1         861       845       0         0         86400     28800     64800               
21        0         50.80878  6.29466   1         693       434       0         0         86400     28800     64800               
22        1         51.05494  3.96743   1         766       533       0         0         86400     28800     64800               
23        0         51.04288  5.83841   1         810       115       0         0         86400     28800     64800               
24        1         50.63023  6.32650   0         656       0         2103      0         86400     28800     54000               
25        0         50.40937  5.70029   0         812       0         384       0         76951     50399     59400               
26        0         50.92734  5.94484   0         717       0         384       0         70204     28800     57600               
27        2         50.92106  3.37289   1         1012      79        0         0         86400     28800     64800               
28        0         50.94115  3.21620   1         978       666       0         0         86400     28800     64800               
29        1         50.76978  3.19473   1         925       883       0         0         86400     28800     41400               
30        0         50.94533  5.97054   0         742       0         1272      0         71377     43200     57600               
31        0         50.61896  6.02032   1         942       245       0         0         86400     28800     64800               
32        0         50.42361  4.50226   1         1012      209       0         0         86400     28800     57600               
33        0         51.12336  4.40366   0         904       0         179       0         86400     28800     57600               
34        0         50.82723  6.20512   0         763       0         754       0         50041     28800     55799               
35        2         50.94414  3.43133   0         793       0         117       0         54960     28800     59400               
36        0         51.15287  3.77271   0         730       0         270       0         71395     28800     64800               
37        1         51.04815  4.70350   1         844       355       0         0         86400     28800     64800               
38        0         51.08155  6.18401   1         824       250       0         0         86400     28800     64800               
39        0         51.10362  4.41896   1         964       201       0         0         86400     28800     64800               
40        0         51.21978  3.19721   0         880       0         48        0         86400     28800     61199               
41        0         50.94468  6.14926   1         1126      321       0         0         86400     28800     64800               
42        1         50.75086  5.10591   1         702       483       0         0         86400     28800     64800               
43        2         51.06505  4.13842   1         933       62        0         0         86400     28800     64800               
44        2         51.13870  4.24638   0         784       0         1624      0         62524     28800     54000               
45        1         50.92334  5.48123   0         921       0         322       0         86400     28800     57600               
46        0         50.82762  6.15347   1         710       395       0         0         86400     28800     64800               
47        2         51.29002  4.29141   0         840       0         2301      0         69258     28800     64800               
48        0         50.60241  5.85329   0         995       0         641       0         63256     37800     57600               
49        2         50.93052  3.93381   0         942       0         9         0         66163     28800     61199               
50        0         50.83477  6.19888   1         624       1458      0         0         86400     28800     64800               
51        1         51.00920  4.34853   0         821       0         1431      0         59803     44999     59400               
52        1         50.73006  3.17057   1         839       717       0         0         86400     28800     30600               
53        0         50.78320  6.11111   1         830       120       0         0         86400     28800     64800               
54        0         50.92324  6.37535   1         775       648       0         0         86400     28800     64800               
55        2         51.06865  4.80715   0         845       0         1664      0         86400     28800     57600               
56        0         50.79892  6.12289   1         1025      475       0         0         86400     28800     64800               
57        0         51.07174  5.14153   1         779       1634      0         0         86400     44999     57600               
58        0         50.86647  3.38283   1         849       666       0         0         86400     28800     64800               
59        0         50.91779  5.76982   0         836       0         3329      0         51592     34199     57600               
60        2         51.16105  3.47511   0         763       0         1516      0         65095     46800     61199               
61        0         50.84114  4.33812   0         781       0         747       0         74075     28800     57600               
62        0         50.95648  5.67805   1         861       1037      0         0         86400     28800     64800               
63        0         51.03066  4.96714   1         748       119       0         0         86400     28800     59400               
64        0         50.89165  6.36367   1         951       1465      0         0         86400     28800     64800               
65        0         50.89976  6.34656   0         911       0         293       0         56394     28800     55799               
66        0         50.93583  5.94517   0         973       0         773       0         49791     28800     57600               
67        2         51.27335  4.07618   1         708       757       0         0         86400     28800     64800               
68        1         50.83143  4.74124   1         654       134       0         0         86400     28800     64800               
69        0         50.90852  6.20966   1         950       2099      0         0         86400     28800     64800               
70        1         50.95411  6.01650   0         879       0         1831      0         86400     28800     57600               
71        0         50.80306  6.14600   1         956       668       0         0         86400     28800     64800               
72        2         50.82325  2.98562   0         928       0         164       0         62195     28800     61199               
73        0         50.83897  6.21422   1         730       195       0         0         86400     28800     64800               
74        0         50.68590  5.64238   1         898       666       0         0         86400     28800     64800               
75        1         51.25866  4.53924   1         615       735       0         0         86400     28800     64800               
76        1         50.57190  4.70129   1         957       58        0         0         86400     28800     64800               
77        0         50.74865  6.03754   1         1042      304       0         0         86400     28800     64800               
78        1         51.02442  6.27312   1         863       963       0         0         86400     28800     64800               
79        0         50.80098  4.40990   1         849       1036      0         0         86400     36000     64800               
80        1         50.86936  4.47141   0         1043      0         9         0         68084     28800     61199               
81        0         51.10018  3.76694   0         675       0         153       0         82515     28800     64800               
82        0         51.30409  4.95413   0         821       0         373       0         78535     28800     61199               
83        2         51.14222  3.78656   0         798       0         646       0         58389     28800     64800               
84        1         50.94486  5.92328   0         793       0         387       0         80241     43200     57600               
85        0         51.08218  3.42465   1         847       91        0         0         86400     28800     64800               
86        0         51.05427  6.30892   1         980       1298      0         0         86400     28800     64800               
87        2         51.14799  4.13425   1         1013      577       0         0         86400     28800     64800               
88        2         51.10890  3.70506   0         947       0         2662      0         58802     28800     61199               
89        0         50.93673  6.11489   1         951       2922      0         0         86400     28800     46800               
90        0         50.86629  4.47036   1         876       167       0         0         86400     28800     54000               
91        0         50.88984  3.44051   1         1016      1604      0         0         86400     28800     64800               
92        1         50.97036  3.80435   0         740       0         700       0         86400     28800     64800               
93        1         51.00511  4.46625   1         869       196       0         0         86400     28800     64800               
94        0         50.83713  3.10296   1         829       453       0         0         86400     28800     64800               
95        0         50.68803  5.58235   0         901       0         29        0         53790     28800     64800               
96        2         50.74149  3.17410   1         929       2155      0         0         86400     28800     64800               
97        0         50.76806  6.11074   0         784       0         210       0         53723     28800     54000               
98        1         51.31025  4.35931   1         741       41        0         0         86400     28800     64800               
99        1         51.27466  4.95652   0         743       0         456       0         59800     28800     50399               
100       0         50.63641  6.02007   1         692       276       0         0         86400     28800     64800               
101       2         51.09373  3.03249   1         744       218       0         0         86400     28800     64800               
102       1         51.24789  4.27964   0         829       0         3320      0         86400     28800     64800               
103       0         50.62287  5.99463   0         802       0         374       0         63363     43200     59400               
104       0         50.82196  6.15196   1         755       647       0         0         86400     43200     57600               
105       0         50.79954  6.15421   1         1015      1601      0         0         86400     28800     64800               
106       0         51.00457  6.05934   1         802       337       0         0         86400     28800     64800               
107       0         51.06816  6.16712   0         699       0         30        0         62470     44999     54000               
108       2         51.03998  6.01648   0         771       0         219       0         86400     44999     57600               
109       1         51.27038  4.28472   0         801       0         878       0         86400     28800     64800               
110       1         50.68470  5.62562   0         653       0         30        0         86400     28800     61199               
111       0         50.86054  5.72867   1         933       29        0         0         86400     36000     61199               
112       0         51.05749  6.02750   0         982       0         1493      0         46391     28800     57600               
113       0         50.69578  6.22002   1         919       121       0         0         86400     28800     64800               
114       0         50.68530  5.60254   0         824       0         253       0         64256     46800     61199               
115       1         50.87004  4.20499   1         720       188       0         0         86400     28800     64800               
116       2         51.17094  4.18231   1         1059      231       0         0         86400     28800     64800               
117       2         51.22343  4.30774   1         811       705       0         0         86400     28800     64800               
118       2         51.12576  3.69590   1         651       327       0         0         86400     28800     64800               
119       0         51.10360  4.28490   1         777       201       0         0         86400     28800     64800               
120       0         50.87568  3.27906   0         806       0         110       0         86400     28800     61199               
121       0         50.85421  6.05297   1         965       734       0         0         86400     28800     64800               
122       1         51.22518  4.43509   0         1017      0         85        0         76436     28800     54000               
123       0         51.20800  5.24083   1         826       108       0         0         86400     28800     64800               
124       0         50.77001  6.12894   1         774       817       0         0         86400     28800     64800               