BE_MO_2_R 2 6 31 119

[Vehicle Types] - ID_veh_type, fixed_cost, variable_cost, speed, capacity, alpha, beta, max_time, max_drive_time
0         20        1.5       70        3200      2240      2240      46800     32400     
1         20        2.25      50        13600     9520      9520      46800     32400       

[Number of Vehicle Types] - ID_veh_type, ID_depot, number_of_vehicles
0	0	8
0	1	4
0	2	3
1	0	4
1	1	3
1	2	4

[Scheduled Lines] - ID_from, ID_to, cost_per_req, capacity, dep_time, arr_time
0	2	0.021	3200	5400	16200
0	2	0.021	3200	6300	17100
0	2	0.021	3200	63000	73800
0	2	0.021	3200	70200	81000
0	2	0.021	3200	82800	86400
0	1	0.013	3200	2700	9900
0	1	0.013	3200	9000	16200
0	1	0.013	3200	64800	72000
0	1	0.013	3200	70200	77400
0	1	0.013	3200	77400	84600
2	0	0.021	3200	5400	16200
2	0	0.021	3200	63000	73800
2	0	0.021	3200	69300	80100
2	0	0.021	3200	76500	86400
2	0	0.021	3200	79200	86400
2	1	0.011	3200	0	7200
2	1	0.011	3200	0	7200
2	1	0.011	3200	9000	16200
2	1	0.011	3200	63000	72000
2	1	0.011	3200	66600	73800
2	1	0.011	3200	68400	75600
2	1	0.011	3200	72900	80100
1	2	0.011	3200	8100	15300
1	2	0.011	3200	9900	17100
1	2	0.011	3200	63900	71100
1	2	0.011	3200	68400	75600
1	2	0.011	3200	76500	83700
1	0	0.013	3200	0	7200
1	0	0.013	3200	61200	68400
1	0	0.013	3200	68400	75600
1	0	0.013	3200	79200	86400

[Nodes/requests]: ID_node, ID_depot, lat, long, type, service_time, q_del, q_col, tw_depot_start, tw_depot_end, tw_cust_start, tw_cust_end, PC
0         0         50.63672  5.98114   -1        0         0         0         0         86400     0         86400
1         1         51.02936  4.48730   -1        0         0         0         0         86400     0         86400
2         2         50.80630  3.31777   -1        0         0         0         0         86400     0         86400
3         0         50.99885  5.87653   1         858       123       0         0         86400     28800     64800               
4         0         50.89660  5.94341   1         840       1766      0         0         86400     28800     64800               
5         0         50.66126  6.03703   0         575       0         1131      0         86400     44999     59400               
6         0         50.84374  6.27183   0         974       0         186       0         58994     39599     61199               
7         0         50.78711  6.16014   1         649       590       0         0         86400     28800     64800               
8         0         50.86097  3.17547   1         803       377       0         0         86400     28800     64800               
9         2         51.14119  2.72070   1         878       434       0         0         86400     36000     61199               
10        0         51.09841  4.34771   0         954       0         714       0         73337     28800     64800               
11        0         51.07812  4.35103   0         765       0         1517      0         86400     36000     50399               
12        1         50.80823  4.35593   1         887       762       0         0         86400     28800     64800               
13        2         50.83187  4.42733   0         916       0         978       0         73156     30600     59400               
14        0         50.49104  4.81722   1         895       101       0         0         86400     28800     64800               
15        2         51.20085  3.26514   1         699       1464      0         0         86400     28800     64800               
16        0         50.59445  4.36766   0         835       0         770       0         86400     32400     59400               
17        1         50.87250  4.53131   1         771       161       0         0         86400     28800     64800               
18        2         51.11133  4.01963   1         776       3191      0         0         86400     28800     64800               
19        2         50.97411  3.77717   1         975       163       0         0         86400     28800     64800               
20        0         50.79315  6.12828   1         721       248       0         0         86400     28800     64800               
21        0         50.89666  3.30254   0         808       0         2204      0         86400     28800     57600               
22        0         50.93159  6.27098   1         665       133       0         0         86400     28800     64800               
23        1         51.02159  6.01456   0         916       0         362       0         86400     46800     57600               
24        1         50.84536  4.53010   1         1040      77        0         0         86400     32400     57600               
25        2         51.30968  3.10642   0         884       0         622       0         86400     28800     61199               
26        0         50.99856  3.10519   0         817       0         77        0         86400     28800     61199               
27        1         51.09527  4.06878   1         683       561       0         0         86400     28800     64800               
28        0         50.79143  6.08417   1         779       573       0         0         86400     28800     64800               
29        2         50.77642  3.11531   1         753       240       0         0         86400     28800     64800               
30        0         50.85850  5.98210   1         866       152       0         0         86400     28800     64800               
31        2         51.10729  4.20264   1         1049      1248      0         0         86400     28800     64800               
32        1         50.92893  3.94934   0         651       0         301       0         86400     36000     61199               
33        0         50.64344  5.57533   1         762       914       0         0         86400     28800     30600               
34        0         50.83213  6.27130   1         838       3099      0         0         86400     28800     64800               
35        0         50.64293  5.64913   0         630       0         226       0         54731     28800     54000               
36        1         51.31289  4.90473   1         881       1523      0         0         86400     28800     64800               
37        2         51.11715  4.18464   1         832       489       0         0         86400     28800     64800               
38        2         51.29275  4.25253   0         897       0         1546      0         65267     28800     64800               
39        0         50.95053  5.72257   1         671       119       0         0         86400     28800     64800               
40        1         51.02846  4.08066   1         935       563       0         0         86400     28800     64800               
41        1         50.86338  4.98402   1         838       717       0         0         86400     28800     64800               
42        1         50.92489  5.74529   0         998       0         464       0         86400     32400     57600               
43        1         51.34344  4.56427   1         823       856       0         0         86400     28800     64800               
44        0         51.03497  6.14428   1         1018      152       0         0         86400     28800     64800               
45        2         50.78294  3.09443   1         698       1027      0         0         86400     28800     64800               
46        0         50.92189  6.10402   1         824       1012      0         0         86400     28800     64800               
47        0         50.89195  6.32134   1         812       102       0         0         86400     28800     64800               
48        2         50.69416  3.84371   1         763       271       0         0         86400     28800     64800               
49        0         50.78692  6.05558   1         956       155       0         0         86400     28800     64800               
50        2         50.90785  3.46040   0         841       0         135       0         67660     28800     59400               
51        2         50.94222  3.11302   1         865       125       0         0         86400     28800     64800               
52        1         51.12360  4.34212   1         1005      2678      0         0         86400     28800     64800               
53        0         51.01073  5.99701   1         767       307       0         0         86400     28800     64800               
54        0         50.84546  6.19733   1         654       205       0         0         86400     28800     64800               
55        0         50.81082  6.11609   1         815       579       0         0         86400     28800     64800               
56        1         50.86165  4.30887   1         726       193       0         0         86400     28800     64800               
57        0         50.67498  6.17822   0         778       0         473       0         59370     43200     50399               
58        0         50.89704  6.15405   1         652       29        0         0         86400     28800     64800               
59        0         51.07542  6.16120   1         762       272       0         0         86400     28800     64800               
60        2         50.83483  4.06352   1         708       403       0         0         86400     28800     64800               
61        0         50.60975  3.36001   0         774       0         252       0         86400     28800     64800               
62        2         50.68486  3.87285   1         789       955       0         0         86400     28800     64800               
63        0         50.57829  6.30675   1         794       1163      0         0         86400     28800     64800               
64        2         50.93641  5.95060   0         1070      0         1085      0         73818     43200     57600               
65        2         51.20704  3.18314   1         1024      321       0         0         86400     28800     64800               
66        0         51.04765  4.44126   0         739       0         689       0         86400     30600     59400               
67        1         50.66491  5.49953   1         988       393       0         0         86400     28800     64800               
68        1         51.11941  4.59620   1         761       885       0         0         86400     28800     64800               
69        1         50.97410  4.61680   1         738       1196      0         0         86400     28800     64800               
70        0         50.79502  6.12284   0         880       0         1348      0         59463     28800     55799               
71        2         51.10584  3.80565   0         783       0         176       0         54187     28800     64800               
72        0         50.96318  5.30581   1         910       60        0         0         86400     28800     64800               
73        0         50.91389  6.15277   0         862       0         908       0         61074     28800     54000               
74        2         51.19302  5.12723   1         799       1577      0         0         86400     28800     64800               
75        0         51.02895  3.01424   1         813       1309      0         0         86400     28800     64800               
76        0         50.96294  4.60179   0         780       0         196       0         86400     32400     59400               
77        0         51.27909  4.91297   0         800       0         773       0         74081     32400     64800               
78        0         51.08899  3.78329   0         756       0         802       0         75045     28800     64800               
79        1         51.25309  4.39153   1         872       114       0         0         86400     28800     64800               
80        0         50.96891  4.81201   1         915       1150      0         0         86400     28800     64800               
81        0         51.01132  5.82513   1         837       559       0         0         86400     28800     64800               
82        0         50.86562  5.99517   1         693       600       0         0         86400     28800     64800               
83        2         51.21945  4.37548   0         806       0         252       0         72664     43200     50399               
84        1         51.10912  5.42533   1         857       1565      0         0         86400     28800     64800               
85        0         50.76418  6.15698   0         1089      0         100       0         77549     39599     54000               
86        0         51.08337  6.25378   1         877       70        0         0         86400     28800     64800               
87        0         50.89496  3.12968   1         867       814       0         0         86400     28800     64800               
88        1         51.07426  4.81869   0         795       0         893       0         60792     32400     57600               
89        2         51.16886  3.33464   1         1072      494       0         0         86400     28800     64800               
90        0         50.72492  6.25531   1         844       515       0         0         86400     28800     64800               
91        2         51.06644  4.47036   0         823       0         82        0         70320     28800     57600               
92        0         51.13574  4.91931   1         719       72        0         0         86400     28800     64800               
93        1         50.81621  4.94439   0         868       0         1888      0         62347     28800     59400               
94        0         50.83366  4.94779   0         794       0         1909      0         86400     32400     57600               
95        0         50.37100  6.27035   1         922       686       0         0         86400     28800     64800               
96        1         51.22806  5.25678   0         746       0         126       0         86400     28800     59400               
97        0         50.73316  2.96129   1         913       167       0         0         86400     28800     64800               
98        1         50.81950  4.97393   0         832       0         372       0         77485     55799     59400               
99        0         51.06871  6.25827   0         772       0         154       0         67399     28800     57600               
100       0         50.62121  4.78516   0         808       0         407       0         86400     46800     61199               
101       2         50.83203  4.72335   0         875       0         178       0         86400     28800     55799               
102       2         50.69556  4.03107   1         846       609       0         0         86400     28800     64800               
103       0         51.17362  4.17499   1         720       336       0         0         86400     28800     61199               
104       0         51.11249  6.34009   1         850       289       0         0         86400     28800     64800               
105       2         51.12273  3.77096   0         782       0         348       0         69655     28800     64800               
106       2         50.76363  3.09984   0         867       0         80        0         53441     28800     61199               
107       2         50.61398  3.35650   1         975       440       0         0         86400     28800     64800               
108       0         50.60093  5.91222   1         800       1968      0         0         86400     28800     64800               
109       0         51.08217  4.39519   1         620       30        0         0         86400     28800     64800               
110       2         51.22314  4.30287   1         695       2393      0         0         86400     28800     64800               
111       0         50.76362  6.08919   1         850       302       0         0         86400     28800     64800               
112       0         50.57889  5.28480   1         1000      105       0         0         86400     28800     64800               
113       1         50.78650  6.07007   0         816       0         69        0         86400     28800     57600               
114       1         50.51809  5.69660   0         928       0         479       0         86400     28800     61199               
115       2         50.57429  3.34496   0         1016      0         285       0         57354     28800     59400               
116       0         50.92753  4.70884   1         831       680       0         0         86400     28800     64800               
117       2         51.10118  3.70924   1         972       1912      0         0         86400     28800     64800               
118       2         50.60099  5.86021   0         651       0         727       0         86400     28800     52200               