BE_MO_0_R 2 6 31 106

[Vehicle Types] - ID_veh_type, fixed_cost, variable_cost, speed, capacity, alpha, beta, max_time, max_drive_time
0         20        1.5       70        3200      2240      2240      46800     32400     
1         20        2.25      50        13600     9520      9520      46800     32400       

[Number of Vehicle Types] - ID_veh_type, ID_depot, number_of_vehicles
0	0	8
0	1	4
0	2	3
1	0	4
1	1	3
1	2	4

[Scheduled Lines] - ID_from, ID_to, cost_per_req, capacity, dep_time, arr_time
0	2	0.021	3200	5400	16200
0	2	0.021	3200	6300	17100
0	2	0.021	3200	63000	73800
0	2	0.021	3200	70200	81000
0	2	0.021	3200	82800	86400
0	1	0.013	3200	2700	9900
0	1	0.013	3200	9000	16200
0	1	0.013	3200	64800	72000
0	1	0.013	3200	70200	77400
0	1	0.013	3200	77400	84600
2	0	0.021	3200	5400	16200
2	0	0.021	3200	63000	73800
2	0	0.021	3200	69300	80100
2	0	0.021	3200	76500	86400
2	0	0.021	3200	79200	86400
2	1	0.011	3200	0	7200
2	1	0.011	3200	0	7200
2	1	0.011	3200	9000	16200
2	1	0.011	3200	63000	72000
2	1	0.011	3200	66600	73800
2	1	0.011	3200	68400	75600
2	1	0.011	3200	72900	80100
1	2	0.011	3200	8100	15300
1	2	0.011	3200	9900	17100
1	2	0.011	3200	63900	71100
1	2	0.011	3200	68400	75600
1	2	0.011	3200	76500	83700
1	0	0.013	3200	0	7200
1	0	0.013	3200	61200	68400
1	0	0.013	3200	68400	75600
1	0	0.013	3200	79200	86400

[Nodes/requests]: ID_node, ID_depot, lat, long, type, service_time, q_del, q_col, tw_depot_start, tw_depot_end, tw_cust_start, tw_cust_end, PC
0         0         50.64330  6.00290   -1        0         0         0         0         86400     0         86400
1         1         51.04364  4.46006   -1        0         0         0         0         86400     0         86400
2         2         50.82849  3.35167   -1        0         0         0         0         86400     0         86400
3         0         51.08360  4.45003   1         765       58        0         0         86400     28800     59400               
4         2         51.10828  4.02871   1         1079      19        0         0         86400     28800     64800               
5         0         50.80756  6.16375   1         963       300       0         0         86400     28800     64800               
6         2         50.80529  4.00985   1         625       341       0         0         86400     28800     64800               
7         2         51.25429  4.27186   0         1021      0         919       0         73816     28800     54000               
8         0         50.56054  6.28080   1         896       3082      0         0         86400     28800     43200               
9         1         51.19354  4.33025   1         809       2269      0         0         86400     30600     34199               
10        0         51.03204  6.25684   1         878       575       0         0         86400     28800     64800               
11        0         50.78548  6.07763   0         734       0         111       0         50666     39599     57600               
12        2         51.11574  2.93637   0         791       0         48        0         57477     28800     57600               
13        0         50.90400  4.52761   1         910       106       0         0         86400     28800     64800               
14        2         51.18527  3.46564   0         889       0         739       0         73607     46800     61199               
15        0         50.89822  5.90138   0         783       0         375       0         70365     32400     57600               
16        2         50.46740  3.79002   1         800       244       0         0         86400     28800     64800               
17        0         50.64720  6.00388   0         776       0         298       0         47147     28800     57600               
18        0         50.85112  6.15033   1         663       95        0         0         86400     38700     49500               
19        0         51.01087  5.71095   0         752       0         201       0         57775     28800     55799               
20        2         50.73924  4.23077   0         739       0         150       0         65973     28800     61199               
21        0         51.01996  3.17044   1         779       137       0         0         86400     28800     64800               
22        2         50.85782  4.34967   0         826       0         205       0         72770     28800     61199               
23        1         50.63856  5.99898   1         1036      1006      0         0         86400     28800     64800               
24        2         50.93469  3.14829   1         764       2008      0         0         86400     32400     64800               
25        0         50.53498  5.20299   1         997       861       0         0         86400     28800     64800               
26        0         50.85196  6.19642   1         950       2537      0         0         86400     28800     64800               
27        0         50.83659  6.12953   1         776       49        0         0         86400     28800     64800               
28        0         50.71152  6.18661   1         988       113       0         0         86400     28800     64800               
29        0         51.16102  3.12346   1         827       147       0         0         86400     28800     64800               
30        1         51.01957  4.71134   1         847       38        0         0         86400     28800     64800               
31        1         51.26577  4.69592   1         850       424       0         0         86400     28800     64800               
32        2         50.83374  3.19783   0         859       0         2096      0         86400     43200     54000               
33        0         50.85726  6.00700   1         998       601       0         0         86400     28800     64800               
34        0         50.64778  5.80941   1         814       143       0         0         86400     28800     64800               
35        0         50.88540  3.47129   1         847       1914      0         0         86400     28800     64800               
36        2         50.88302  3.11683   1         1010      533       0         0         86400     28800     64800               
37        0         50.73406  6.15307   1         930       570       0         0         86400     28800     64800               
38        2         51.18459  4.22135   0         809       0         1470      0         73523     28800     59400               
39        1         50.75208  6.12229   0         837       0         281       0         86400     30600     57600               
40        0         51.03664  6.25770   1         786       729       0         0         86400     28800     64800               
41        1         51.21130  4.20186   0         942       0         2171      0         86400     28800     57600               
42        2         50.98077  3.25846   1         938       2014      0         0         86400     28800     64800               
43        0         50.85265  3.28196   1         765       685       0         0         86400     28800     64800               
44        0         50.79184  5.16671   1         980       1196      0         0         86400     28800     64800               
45        2         50.59054  3.31915   1         898       242       0         0         86400     28800     64800               
46        0         50.88575  6.15301   1         664       498       0         0         86400     28800     43200               
47        2         51.00141  3.08455   1         774       159       0         0         86400     28800     64800               
48        0         50.72387  6.26591   0         819       0         144       0         51727     28800     54000               
49        2         50.85750  6.01314   0         748       0         2309      0         86400     28800     61199               
50        1         50.96152  6.17667   0         1038      0         1810      0         86400     36000     59400               
51        0         51.01882  5.20330   1         748       229       0         0         86400     28800     64800               
52        2         50.65832  3.33306   0         897       0         636       0         86400     28800     64800               
53        0         50.62968  6.05359   0         697       0         1676      0         52127     28800     64800               
54        0         50.79523  6.27636   1         721       125       0         0         86400     28800     64800               
55        0         50.93770  6.16717   0         765       0         304       0         76252     36000     50399               
56        2         50.93471  3.37049   0         941       0         284       0         67144     32400     61199               
57        0         50.84121  6.05658   0         988       0         305       0         49761     39599     61199               
58        0         50.86692  6.12370   1         740       119       0         0         86400     30600     54000               
59        0         51.07485  6.09360   1         903       1224      0         0         86400     28800     64800               
60        0         50.83957  4.71263   0         528       0         275       0         72586     28800     64800               
61        0         50.60676  5.55197   0         770       0         164       0         67294     50399     64800               
62        0         50.62941  6.01242   0         938       0         77        0         56387     48600     57600               
63        0         50.87401  6.11673   1         934       501       0         0         86400     28800     64800               
64        0         50.95929  4.61366   1         862       115       0         0         86400     28800     64800               
65        0         50.97429  5.87768   0         934       0         1006      0         53084     39599     55799               
66        0         51.00144  6.11136   0         1004      0         917       0         58360     28800     55799               
67        0         50.85789  6.02410   0         627       0         90        0         46822     28800     55799               
68        2         51.12214  4.20276   0         956       0         736       0         64503     28800     59400               
69        0         50.94836  3.32808   1         821       116       0         0         86400     28800     64800               
70        0         51.07542  6.11589   1         837       1535      0         0         86400     28800     64800               
71        2         51.01086  2.99198   1         828       377       0         0         86400     28800     64800               
72        1         50.96143  5.70971   0         813       0         753       0         74157     41400     61199               
73        0         50.68100  5.48224   1         1062      2404      0         0         86400     28800     64800               
74        0         50.63344  5.84354   1         910       97        0         0         86400     28800     64800               
75        2         51.06295  2.66444   1         770       1465      0         0         86400     28800     64800               
76        0         50.80605  6.33138   1         949       232       0         0         86400     28800     64800               
77        1         51.29405  4.87695   1         717       156       0         0         86400     28800     64800               
78        0         50.65466  5.56105   1         1039      889       0         0         86400     28800     57600               
79        1         51.07410  5.13491   1         876       1482      0         0         86400     28800     64800               
80        1         50.85270  4.41291   0         720       0         116       0         65711     28800     57600               
81        0         50.77662  6.25127   1         914       3279      0         0         86400     28800     64800               
82        0         50.93552  3.99666   1         670       110       0         0         86400     28800     64800               
83        0         50.76296  6.14842   1         863       450       0         0         86400     28800     64800               
84        2         50.89190  3.32829   1         643       165       0         0         86400     28800     64800               
85        2         51.08042  3.67412   1         935       1031      0         0         86400     28800     64800               
86        0         51.10946  4.41238   0         691       0         117       0         68544     28800     57600               
87        1         51.30441  4.51323   1         816       736       0         0         86400     28800     64800               
88        1         50.91540  5.37849   1         957       157       0         0         86400     28800     64800               
89        0         50.96045  3.55645   1         682       120       0         0         86400     28800     64800               
90        0         51.14706  5.74840   1         843       109       0         0         86400     36000     61199               
91        0         50.93046  5.75457   0         850       0         163       0         59938     32400     57600               
92        0         50.83084  6.07829   1         775       184       0         0         86400     28800     64800               
93        0         50.81025  6.22292   1         701       673       0         0         86400     28800     64800               
94        0         50.98970  3.80615   1         907       519       0         0         86400     28800     64800               
95        2         51.32617  4.68707   0         869       0         719       0         86400     28800     61199               
96        0         51.15399  6.29375   1         1029      398       0         0         86400     28800     50399               
97        0         50.46456  4.57222   1         870       1287      0         0         86400     28800     64800               
98        0         51.11479  4.04229   0         869       0         219       0         86400     28800     59400               
99        2         51.23919  3.46906   0         799       0         739       0         58706     46800     61199               
100       2         50.87743  3.23637   0         599       0         139       0         86400     28800     61199               
101       0         51.04563  5.39190   1         982       109       0         0         86400     28800     64800               
102       0         50.73753  6.14938   0         930       0         95        0         51804     28800     64800               
103       0         50.83491  6.14062   1         674       309       0         0         86400     28800     64800               
104       2         50.92348  5.03981   0         948       0         712       0         69701     43200     61199               
105       0         50.66592  6.04314   0         852       0         1558      0         59818     28800     64800               