BE_MO_1_R 2 6 31 133

[Vehicle Types] - ID_veh_type, fixed_cost, variable_cost, speed, capacity, alpha, beta, max_time, max_drive_time
0         20        1.5       70        3200      2240      2240      46800     32400     
1         20        2.25      50        13600     9520      9520      46800     32400       

[Number of Vehicle Types] - ID_veh_type, ID_depot, number_of_vehicles
0	0	8
0	1	4
0	2	3
1	0	4
1	1	3
1	2	4

[Scheduled Lines] - ID_from, ID_to, cost_per_req, capacity, dep_time, arr_time
0	2	0.021	3200	5400	16200
0	2	0.021	3200	6300	17100
0	2	0.021	3200	63000	73800
0	2	0.021	3200	70200	81000
0	2	0.021	3200	82800	86400
0	1	0.013	3200	2700	9900
0	1	0.013	3200	9000	16200
0	1	0.013	3200	64800	72000
0	1	0.013	3200	70200	77400
0	1	0.013	3200	77400	84600
2	0	0.021	3200	5400	16200
2	0	0.021	3200	63000	73800
2	0	0.021	3200	69300	80100
2	0	0.021	3200	76500	86400
2	0	0.021	3200	79200	86400
2	1	0.011	3200	0	7200
2	1	0.011	3200	0	7200
2	1	0.011	3200	9000	16200
2	1	0.011	3200	63000	72000
2	1	0.011	3200	66600	73800
2	1	0.011	3200	68400	75600
2	1	0.011	3200	72900	80100
1	2	0.011	3200	8100	15300
1	2	0.011	3200	9900	17100
1	2	0.011	3200	63900	71100
1	2	0.011	3200	68400	75600
1	2	0.011	3200	76500	83700
1	0	0.013	3200	0	7200
1	0	0.013	3200	61200	68400
1	0	0.013	3200	68400	75600
1	0	0.013	3200	79200	86400

[Nodes/requests]: ID_node, ID_depot, lat, long, type, service_time, q_del, q_col, tw_depot_start, tw_depot_end, tw_cust_start, tw_cust_end, PC
0         0         50.62926  6.01357   -1        0         0         0         0         86400     0         86400
1         1         51.01182  4.42831   -1        0         0         0         0         86400     0         86400
2         2         50.78766  3.31418   -1        0         0         0         0         86400     0         86400
3         0         50.77802  6.08352   1         925       1670      0         0         86400     28800     64800               
4         0         50.79069  6.04308   0         536       0         108       0         52375     28800     54000               
5         1         50.92784  5.29436   0         870       0         274       0         73964     28800     61199               
6         0         50.69645  5.59770   0         642       0         572       0         54000     28800     57600               
7         2         51.20261  4.58064   0         907       0         922       0         74898     32400     59400               
8         0         51.09327  6.23385   0         738       0         952       0         51939     28800     48600               
9         2         51.29966  4.68829   0         711       0         433       0         69349     28800     61199               
10        2         50.80620  3.29228   1         747       307       0         0         86400     28800     64800               
11        0         50.88997  3.35665   0         935       0         941       0         86400     32400     61199               
12        2         51.15518  3.75890   0         883       0         359       0         49962     28800     64800               
13        0         50.80508  6.10957   1         835       1077      0         0         86400     28800     64800               
14        0         50.86649  6.29029   1         943       147       0         0         86400     28800     64800               
15        0         50.95345  6.12919   1         891       421       0         0         86400     28800     64800               
16        0         50.49227  6.19732   0         658       0         729       0         49884     28800     64800               
17        0         50.87407  3.28911   0         966       0         335       0         86400     30600     59400               
18        2         50.77479  3.21988   0         959       0         422       0         58352     28800     61199               
19        0         50.92114  3.18579   1         898       503       0         0         86400     28800     64800               
20        0         50.69363  5.54511   0         836       0         482       0         60047     28800     64800               
21        0         50.69281  5.86109   0         776       0         40        0         56637     28800     61199               
22        2         51.09719  3.42533   0         867       0         219       0         62904     46800     57600               
23        0         50.78177  6.12805   1         933       476       0         0         86400     28800     64800               
24        0         50.65407  6.02905   0         829       0         276       0         48070     28800     55799               
25        1         51.25707  4.31855   0         786       0         775       0         70874     28800     39599               
26        0         51.00494  5.99387   1         676       604       0         0         86400     28800     64800               
27        0         50.89100  6.09590   0         935       0         83        0         44044     28800     57600               
28        0         50.79282  6.13776   1         629       20        0         0         86400     28800     64800               
29        0         51.08543  3.77911   0         986       0         650       0         70453     28800     64800               
30        1         51.18528  3.21357   0         982       0         1547      0         86400     28800     54000               
31        1         50.79234  3.20636   1         909       3044      0         0         86400     28800     37800               
32        0         50.75962  6.08676   1         821       87        0         0         86400     28800     64800               
33        0         50.87845  6.19613   1         724       1696      0         0         86400     28800     36000               
34        2         50.63325  4.31782   0         904       0         334       0         73893     28800     59400               
35        0         51.17622  4.43935   0         844       0         756       0         72149     28800     64800               
36        0         50.39654  6.10421   1         726       40        0         0         86400     28800     64800               
37        2         51.19651  3.47500   0         970       0         722       0         80539     46800     61199               
38        0         50.30277  5.36261   0         658       0         718       0         68312     43200     61199               
39        1         50.75462  3.20732   1         793       3176      0         0         86400     28800     37800               
40        0         50.86034  6.18017   0         878       0         107       0         56483     43200     57600               
41        0         50.78972  6.24554   0         918       0         955       0         56258     46800     54000               
42        0         50.44406  6.19381   0         859       0         772       0         49884     28800     52200               
43        2         51.11448  3.82660   0         873       0         405       0         49745     28800     64800               
44        0         51.23289  4.49028   1         923       873       0         0         86400     28800     64800               
45        2         51.13958  3.78671   0         874       0         385       0         64224     28800     61199               
46        1         51.30911  4.28268   0         1105      0         2310      0         76255     28800     43200               
47        1         51.25362  4.49994   1         726       213       0         0         86400     28800     64800               
48        1         51.24034  4.43559   0         617       0         758       0         76536     28800     50399               
49        1         50.83892  4.22170   1         794       49        0         0         86400     32400     57600               
50        0         50.72863  3.30794   1         800       174       0         0         86400     28800     64800               
51        0         50.78856  6.13652   1         743       61        0         0         86400     28800     64800               
52        0         50.94854  4.42192   1         663       1622      0         0         86400     28800     64800               
53        1         50.86190  4.41366   1         690       730       0         0         86400     28800     64800               
54        2         51.07204  6.10623   0         709       0         194       0         77457     41400     54000               
55        1         51.03227  5.55821   0         764       0         30        0         80864     28800     64800               
56        0         50.90221  6.32878   1         685       218       0         0         86400     28800     64800               
57        0         50.76688  6.14060   1         838       982       0         0         86400     28800     64800               
58        2         50.89780  3.83286   0         873       0         108       0         70172     28800     59400               
59        1         50.83084  3.29163   1         653       78        0         0         86400     28800     64800               
60        0         50.88938  6.29927   1         952       164       0         0         86400     28800     64800               
61        0         51.23174  5.37633   1         1085      609       0         0         86400     28800     64800               
62        0         51.10122  3.76678   0         872       0         2678      0         71535     28800     61199               
63        2         51.02811  4.11782   1         783       708       0         0         86400     28800     64800               
64        0         51.09302  4.31945   1         963       188       0         0         86400     28800     64800               
65        0         50.94539  3.15117   1         723       369       0         0         86400     28800     64800               
66        0         51.21878  5.28210   0         808       0         729       0         86400     28800     55799               
67        1         50.99279  5.42485   0         857       0         1641      0         86400     28800     64800               
68        2         51.08501  3.10827   0         1072      0         165       0         57704     43200     61199               
69        2         51.08371  2.59760   1         862       1589      0         0         86400     28800     64800               
70        1         51.31509  4.92835   0         636       0         467       0         61286     28800     50399               
71        2         50.96594  3.53249   1         885       1605      0         0         86400     30600     57600               
72        0         50.75370  6.16503   0         872       0         719       0         49104     28800     57600               
73        0         50.89481  5.78781   0         867       0         89        0         56414     28800     61199               
74        0         51.27616  4.70698   0         891       0         304       0         68347     46800     57600               
75        2         51.13857  3.80203   0         935       0         162       0         54112     28800     64800               
76        0         50.70563  6.16152   0         852       0         293       0         50527     28800     61199               
77        0         50.56624  6.26215   0         727       0         558       0         53011     28800     61199               
78        0         50.81904  6.16784   1         754       825       0         0         86400     28800     64800               
79        0         50.75837  3.24615   1         823       157       0         0         86400     28800     64800               
80        0         50.58277  5.86067   1         883       321       0         0         86400     28800     64800               
81        0         50.73235  6.13045   0         911       0         1247      0         48919     28800     50399               
82        0         51.07901  5.84636   1         753       482       0         0         86400     28800     64800               
83        0         50.66282  5.53802   0         786       0         77        0         54549     32400     54000               
84        0         50.31287  4.89462   1         966       750       0         0         86400     28800     64800               
85        1         50.98258  3.08769   0         797       0         1886      0         86400     28800     57600               
86        0         50.88453  4.49438   1         750       1524      0         0         86400     28800     64800               
87        2         50.98822  3.67424   1         990       330       0         0         86400     28800     64800               
88        0         50.72103  6.12412   1         781       259       0         0         86400     28800     64800               
89        0         50.73526  6.13058   1         874       451       0         0         86400     28800     64800               
90        0         50.66477  5.51286   0         959       0         1006      0         59023     28800     57600               
91        0         50.83142  6.17337   1         983       122       0         0         86400     39599     50399               
92        0         50.96796  3.36188   0         867       0         2956      0         79569     28800     59400               
93        0         50.91295  6.16952   1         749       125       0         0         86400     28800     64800               
94        1         51.28175  4.93520   0         960       0         2445      0         86400     28800     61199               
95        2         51.20360  3.48849   0         654       0         1458      0         56002     46800     61199               
96        1         51.15413  4.87832   1         997       1953      0         0         86400     28800     64800               
97        1         51.21057  4.57258   0         702       0         363       0         66220     28800     57600               
98        1         51.09750  4.39730   1         942       30        0         0         86400     28800     64800               
99        2         51.05801  5.22704   1         659       327       0         0         86400     28800     64800               
100       1         51.18291  4.31337   1         846       1261      0         0         86400     28800     64800               
101       1         51.18865  3.46932   0         901       0         3323      0         86400     46800     61199               
102       1         50.67077  4.54975   1         901       124       0         0         86400     28800     64800               
103       2         51.01064  3.35581   1         901       216       0         0         86400     28800     64800               
104       2         51.29584  4.28667   0         692       0         384       0         69604     28800     64800               
105       0         50.80870  6.16153   1         873       1827      0         0         86400     28800     64800               
106       1         50.93198  4.02724   0         781       0         134       0         86400     46800     57600               
107       0         51.07947  5.14482   1         734       200       0         0         86400     28800     64800               
108       0         50.83186  6.31551   1         605       1108      0         0         86400     28800     64800               
109       0         50.96392  4.03600   1         797       380       0         0         86400     28800     64800               
110       0         50.79750  6.11490   0         840       0         90        0         49956     39599     57600               
111       0         50.58891  6.25897   1         566       525       0         0         86400     28800     64800               
112       0         50.59862  6.32174   1         813       60        0         0         86400     28800     64800               
113       0         50.88378  5.71111   1         1018      700       0         0         86400     28800     64800               
114       0         50.76215  6.12216   1         761       2246      0         0         86400     28800     43200               
115       2         51.07111  3.79627   0         937       0         224       0         53669     28800     64800               
116       0         50.80904  6.34109   1         728       989       0         0         86400     28800     64800               
117       0         50.60227  5.77501   0         825       0         234       0         48297     28800     61199               
118       1         51.31270  4.72507   0         862       0         101       0         64170     46800     57600               
119       2         50.64985  4.77557   0         739       0         166       0         86400     37800     61199               
120       2         51.02487  3.80549   0         1017      0         298       0         81442     28800     64800               
121       0         51.13676  5.88556   0         878       0         91        0         49578     28800     61199               
122       0         50.98410  6.10653   1         954       1166      0         0         86400     28800     46800               
123       0         50.81300  6.10986   0         695       0         194       0         57857     37800     57600               
124       0         51.22758  4.48923   1         716       109       0         0         86400     28800     64800               
125       1         51.29055  4.90482   0         856       0         10        0         65898     28800     50399               
126       0         50.88968  5.69573   1         923       1115      0         0         86400     28800     64800               
127       0         51.09811  6.34626   1         658       41        0         0         86400     28800     64800               
128       0         51.11770  3.75940   0         922       0         374       0         70774     28800     64800               
129       0         51.29539  4.69675   0         849       0         117       0         76705     46800     57600               
130       1         50.81534  6.06046   0         963       0         29        0         86400     28800     57600               
131       2         51.14428  4.17963   0         928       0         1493      0         72379     28800     64800               
132       0         50.72201  6.28925   1         751       262       0         0         86400     28800     64800               