BE_TU_2_R 2 6 31 122

[Vehicle Types] - ID_veh_type, fixed_cost, variable_cost, speed, capacity, alpha, beta, max_time, max_drive_time
0         20        1.5       70        3200      2240      2240      46800     32400     
1         20        2.25      50        13600     9520      9520      46800     32400       

[Number of Vehicle Types] - ID_veh_type, ID_depot, number_of_vehicles
0	0	8
0	1	4
0	2	3
1	0	4
1	1	3
1	2	4

[Scheduled Lines] - ID_from, ID_to, cost_per_req, capacity, dep_time, arr_time
0	2	0.021	3200	5400	16200
0	2	0.021	3200	6300	17100
0	2	0.021	3200	63000	73800
0	2	0.021	3200	70200	81000
0	2	0.021	3200	82800	86400
0	1	0.013	3200	2700	9900
0	1	0.013	3200	9000	16200
0	1	0.013	3200	64800	72000
0	1	0.013	3200	70200	77400
0	1	0.013	3200	77400	84600
2	0	0.021	3200	5400	16200
2	0	0.021	3200	63000	73800
2	0	0.021	3200	69300	80100
2	0	0.021	3200	76500	86400
2	0	0.021	3200	79200	86400
2	1	0.011	3200	0	7200
2	1	0.011	3200	0	7200
2	1	0.011	3200	9000	16200
2	1	0.011	3200	63000	72000
2	1	0.011	3200	66600	73800
2	1	0.011	3200	68400	75600
2	1	0.011	3200	72900	80100
1	2	0.011	3200	8100	15300
1	2	0.011	3200	9900	17100
1	2	0.011	3200	63900	71100
1	2	0.011	3200	68400	75600
1	2	0.011	3200	76500	83700
1	0	0.013	3200	0	7200
1	0	0.013	3200	61200	68400
1	0	0.013	3200	68400	75600
1	0	0.013	3200	79200	86400

[Nodes/requests]: ID_node, ID_depot, lat, long, type, service_time, q_del, q_col, tw_depot_start, tw_depot_end, tw_cust_start, tw_cust_end, PC
0         0         50.65228  5.98865   -1        0         0         0         0         86400     0         86400
1         1         51.05082  4.46457   -1        0         0         0         0         86400     0         86400
2         2         50.85604  3.30785   -1        0         0         0         0         86400     0         86400
3         1         50.95436  4.24503   1         660       531       0         13858     86400     28800     64800               
4         2         50.61197  3.29740   0         715       0         57        0         71999     28800     64800               
5         1         50.89980  4.06395   0         890       0         201       0         86400     43200     57600               
6         2         50.84403  5.75759   0         772       0         450       0         86400     28800     61199               
7         0         50.69085  5.86985   1         876       771       0         0         86400     28800     64800               
8         0         50.80310  6.09152   0         797       0         222       0         56135     28800     57600               
9         0         50.75468  6.23528   0         749       0         2243      0         48932     34199     61199               
10        2         51.13226  3.78893   0         1097      0         653       0         47280     28800     64800               
11        0         50.08554  4.94869   1         890       892       0         0         86400     28800     64800               
12        0         50.60983  6.31002   1         650       86        0         15160     86400     28800     64800               
13        1         50.84893  4.41958   1         733       614       0         0         86400     28800     64800               
14        1         51.36253  4.25653   1         802       1044      0         0         86400     28800     64800               
15        0         51.17866  4.33458   1         790       1298      0         0         86400     28800     64800               
16        2         51.10662  3.82030   0         830       0         666       0         61849     28800     64800               
17        0         50.84476  6.05502   0         867       0         253       0         60198     33300     54000               
18        1         51.08838  3.78032   0         822       0         746       0         86400     52200     57600               
19        1         51.23024  4.39276   0         829       0         759       0         86400     28800     52200               
20        2         51.01676  3.77875   1         827       133       0         16248     86400     28800     64800               
21        2         50.90492  5.65906   0         705       0         1036      0         86400     28800     57600               
22        1         50.91769  5.94281   0         845       0         87        0         86400     28800     61199               
23        0         50.90150  6.15002   1         729       2029      0         0         86400     28800     64800               
24        0         50.58234  5.03700   1         686       297       0         0         86400     28800     64800               
25        0         51.32437  5.09609   0         982       0         733       0         80679     28800     54000               
26        1         50.89780  4.73870   1         724       376       0         0         86400     28800     64800               
27        0         50.82068  6.39973   1         749       2524      0         23323     86400     28800     64800               
28        2         50.97087  3.49709   1         904       1373      0         0         86400     30600     57600               
29        0         50.58685  6.30320   1         962       551       0         16272     86400     28800     64800               
30        0         50.82655  4.72800   0         1135      0         30        0         86400     28800     57600               
31        0         50.96731  4.22815   1         1006      382       0         0         86400     32400     57600               
32        0         50.83134  6.29227   0         794       0         110       0         47490     39599     57600               
33        2         50.98008  3.75663   1         906       78        0         16523     86400     28800     64800               
34        0         51.16387  4.17739   1         853       1506      0         0         86400     28800     39599               
35        2         50.97878  3.12354   1         972       772       0         0         86400     28800     64800               
36        2         50.64970  5.56307   0         920       0         2055      0         86400     41400     61199               
37        2         51.09556  3.48404   0         851       0         953       0         67958     46800     57600               
38        0         50.77277  6.11424   1         701       314       0         0         86400     28800     64800               
39        2         50.86823  3.18195   1         734       1528      0         5210      86400     28800     64800               
40        0         50.80322  6.03911   1         682       596       0         0         86400     28800     64800               
41        0         50.77922  6.07060   1         848       1439      0         0         86400     28800     64800               
42        0         50.90643  6.36780   1         736       243       0         0         86400     28800     64800               
43        1         51.30767  4.83074   0         755       0         58        0         86400     28800     59400               
44        2         51.10628  4.13076   0         886       0         177       0         71437     28800     59400               
45        1         50.73607  3.25124   0         850       0         157       0         86400     28800     64800               
46        0         51.11386  4.34003   0         774       0         736       0         86400     30600     59400               
47        0         50.49895  4.47813   0         900       0         600       0         81812     28800     61199               
48        2         51.09899  3.75681   0         705       0         1507      0         62261     28800     64800               
49        2         50.62647  5.42966   0         680       0         386       0         86400     28800     54000               
50        0         50.56077  4.39029   1         993       882       0         0         86400     32400     57600               
51        0         51.24712  4.49934   1         749       209       0         4244      86400     28800     64800               
52        0         51.00217  3.75723   1         703       250       0         6823      86400     28800     64800               
53        2         51.15517  3.77710   0         740       0         144       0         69184     28800     61199               
54        1         50.85755  4.27137   0         714       0         887       0         59201     48600     61199               
55        0         51.06378  6.00133   0         984       0         272       0         47479     28800     57600               
56        1         50.62505  3.35343   0         798       0         789       0         86400     28800     64800               
57        0         50.63213  6.04107   0         727       0         446       0         47191     28800     59400               
58        2         51.12219  5.71171   1         735       2308      0         0         86400     28800     64800               
59        1         50.76584  3.19830   1         872       3026      0         0         86400     28800     50399               
60        1         50.66195  5.47806   0         823       0         125       0         86400     28800     57600               
61        0         51.03264  6.14131   1         735       745       0         17079     86400     28800     64800               
62        0         50.90483  6.15543   1         761       1724      0         15705     86400     28800     64800               
63        2         50.65958  3.84905   0         763       0         975       0         49321     28800     59400               
64        0         51.03497  6.16085   0         650       0         709       0         86400     39599     57600               
65        2         50.93990  3.15906   1         868       484       0         0         86400     28800     64800               
66        1         51.16384  5.63558   1         1068      248       0         15698     86400     28800     64800               
67        0         50.99204  5.35920   1         938       547       0         0         86400     28800     64800               
68        0         50.44878  5.70446   0         996       0         1160      0         66801     28800     61199               
69        0         50.73396  4.44387   1         683       334       0         6892      86400     28800     64800               
70        2         50.74820  3.60200   0         619       0         834       0         65065     28800     59400               
71        0         50.85262  6.06024   1         668       1212      0         0         86400     28800     64800               
72        0         50.40906  4.42952   1         728       29        0         7758      86400     28800     64800               
73        2         50.95397  3.16430   1         875       149       0         4512      86400     28800     64800               
74        2         51.08808  3.75365   0         701       0         658       0         50451     28800     64800               
75        0         50.80747  5.53694   1         1017      293       0         0         86400     30600     50399               
76        0         50.75329  6.28847   1         773       425       0         16962     86400     28800     64800               
77        1         50.78367  4.55057   0         910       0         228       0         58453     28800     61199               
78        0         50.84595  6.17747   0         954       0         761       0         47589     28800     55799               
79        0         51.06631  6.21653   1         935       495       0         0         86400     28800     64800               
80        0         50.77137  6.13387   1         1062      264       0         23975     86400     28800     64800               
81        2         51.18868  2.95878   0         736       0         697       0         74489     28800     64800               
82        0         50.91510  6.13500   0         755       0         126       0         48793     28800     57600               
83        0         50.66056  5.62037   1         811       1170      0         22619     86400     28800     64800               
84        2         50.64697  3.84818   1         1112      115       0         21715     86400     28800     64800               
85        0         50.99569  5.34657   0         795       0         215       0         79549     46800     57600               
86        2         50.64790  3.84133   0         1080      0         313       0         67757     28800     64800               
87        2         50.96491  3.54246   1         710       751       0         0         86400     28800     64800               
88        2         51.21801  3.79791   1         901       2894      0         0         86400     28800     64800               
89        1         50.89550  4.68103   1         688       29        0         0         86400     36000     39599               
90        2         51.00320  4.46415   1         706       82        0         0         86400     28800     43200               
91        0         50.83497  6.29702   1         734       174       0         0         86400     28800     64800               
92        1         50.81018  4.41214   1         1006      82        0         0         86400     28800     64800               
93        1         51.06142  5.14249   0         868       0         180       0         58417     28800     58499               
94        0         50.65818  5.98130   0         705       0         125       0         67745     41400     61199               
95        2         50.81670  3.29393   0         1154      0         434       0         65566     28800     54000               
96        0         50.75682  6.10949   1         783       800       0         6016      86400     28800     64800               
97        0         51.05872  3.63287   0         904       0         2699      0         72927     46800     57600               
98        0         51.16145  4.20541   0         848       0         238       0         86400     28800     64800               
99        0         50.90642  6.19220   1         867       282       0         0         86400     28800     64800               
100       2         50.93453  5.65845   0         746       0         377       0         72103     28800     57600               
101       2         50.62880  3.30877   1         728       316       0         15860     86400     28800     64800               
102       1         51.13939  3.24422   0         840       0         2480      0         76192     28800     57600               
103       2         50.91071  3.10869   1         861       330       0         24285     86400     28800     64800               
104       1         50.66170  4.34973   1         763       167       0         0         86400     28800     64800               
105       0         50.75841  6.12375   1         791       339       0         23959     86400     28800     64800               
106       0         50.89647  6.13741   1         1154      3274      0         0         86400     28800     43200               
107       0         50.83131  4.74346   1         854       1138      0         0         86400     28800     64800               
108       0         50.61405  5.47190   1         1020      259       0         0         86400     28800     64800               
109       1         51.22502  5.51885   0         915       0         47        0         73161     28800     54000               
110       1         51.00205  5.38583   0         814       0         76        0         64528     28800     57600               
111       0         50.66799  5.43357   1         835       310       0         0         86400     28800     57600               
112       2         50.75474  2.94516   1         940       10        0         0         86400     34199     64800               
113       0         50.96049  5.71637   1         810       760       0         0         86400     28800     36000               
114       2         51.19144  4.36779   0         854       0         1657      0         86400     30600     59400               
115       0         50.65210  6.04467   0         835       0         257       0         61549     28800     61199               
116       2         51.09638  3.76757   0         826       0         618       0         48894     28800     64800               
117       2         50.96457  3.03900   1         758       116       0         0         86400     28800     64800               
118       0         50.71360  5.58773   1         929       334       0         23718     86400     28800     64800               
119       1         50.51659  4.97424   0         875       0         717       0         86400     28800     61199               
120       0         50.45695  5.65174   0         817       0         203       0         63420     50399     59400               
121       0         51.11973  3.79822   0         866       0         529       0         86400     52200     57600               