BE_TU_4_R 2 6 31 131

[Vehicle Types] - ID_veh_type, fixed_cost, variable_cost, speed, capacity, alpha, beta, max_time, max_drive_time
0         20        1.5       70        3200      2240      2240      46800     32400     
1         20        2.25      50        13600     9520      9520      46800     32400       

[Number of Vehicle Types] - ID_veh_type, ID_depot, number_of_vehicles
0	0	8
0	1	4
0	2	3
1	0	4
1	1	3
1	2	4

[Scheduled Lines] - ID_from, ID_to, cost_per_req, capacity, dep_time, arr_time
0	2	0.021	3200	5400	16200
0	2	0.021	3200	6300	17100
0	2	0.021	3200	63000	73800
0	2	0.021	3200	70200	81000
0	2	0.021	3200	82800	86400
0	1	0.013	3200	2700	9900
0	1	0.013	3200	9000	16200
0	1	0.013	3200	64800	72000
0	1	0.013	3200	70200	77400
0	1	0.013	3200	77400	84600
2	0	0.021	3200	5400	16200
2	0	0.021	3200	63000	73800
2	0	0.021	3200	69300	80100
2	0	0.021	3200	76500	86400
2	0	0.021	3200	79200	86400
2	1	0.011	3200	0	7200
2	1	0.011	3200	0	7200
2	1	0.011	3200	9000	16200
2	1	0.011	3200	63000	72000
2	1	0.011	3200	66600	73800
2	1	0.011	3200	68400	75600
2	1	0.011	3200	72900	80100
1	2	0.011	3200	8100	15300
1	2	0.011	3200	9900	17100
1	2	0.011	3200	63900	71100
1	2	0.011	3200	68400	75600
1	2	0.011	3200	76500	83700
1	0	0.013	3200	0	7200
1	0	0.013	3200	61200	68400
1	0	0.013	3200	68400	75600
1	0	0.013	3200	79200	86400

[Nodes/requests]: ID_node, ID_depot, lat, long, type, service_time, q_del, q_col, tw_depot_start, tw_depot_end, tw_cust_start, tw_cust_end, PC
0         0         50.62176  5.99834   -1        0         0         0         0         86400     0         86400
1         1         51.03517  4.46819   -1        0         0         0         0         86400     0         86400
2         2         50.81575  3.30282   -1        0         0         0         0         86400     0         86400
3         0         50.61216  5.27796   1         737       128       0         0         86400     28800     64800               
4         0         51.03921  5.69588   1         809       1524      0         0         86400     28800     64800               
5         0         51.06698  5.81287   1         841       116       0         0         86400     28800     64800               
6         0         51.15842  4.91888   1         659       354       0         0         86400     28800     64800               
7         1         51.26017  4.70142   0         748       0         98        0         64463     46800     57600               
8         1         50.64845  4.81437   0         839       0         1461      0         70243     55799     61199               
9         0         50.76642  4.99448   0         825       0         912       0         74378     46800     59400               
10        0         50.99776  6.30430   1         796       112       0         15243     86400     28800     64800               
11        2         50.58910  5.86269   0         671       0         1126      0         86400     28800     57600               
12        0         50.92786  3.17005   1         750       448       0         6087      86400     28800     64800               
13        0         50.96362  5.70195   1         899       1424      0         0         86400     34199     36000               
14        0         50.80405  6.16121   1         941       142       0         23918     86400     28800     64800               
15        2         51.23481  4.18301   0         869       0         1940      0         64380     28800     61199               
16        2         50.55844  4.97547   0         794       0         2290      0         73756     28800     61199               
17        0         50.44163  4.51744   1         1032      220       0         14677     86400     28800     64800               
18        1         51.29282  4.51344   1         878       142       0         0         86400     32400     50399               
19        0         50.82216  6.18468   0         930       0         501       0         57609     28800     55799               
20        0         51.32961  4.93556   1         758       183       0         3800      86400     28800     64800               
21        1         50.81148  4.37078   0         923       0         261       0         86400     28800     54000               
22        2         50.76176  3.19078   1         891       77        0         0         86400     28800     64800               
23        0         50.62429  4.76782   1         878       52        0         10378     86400     28800     64800               
24        0         51.16934  4.16832   1         886       483       0         6740      86400     28800     64800               
25        0         50.74582  6.10813   0         841       0         466       0         48435     28800     57600               
26        0         50.93461  6.09842   1         638       1432      0         0         86400     28800     64800               
27        2         51.26584  4.44772   0         743       0         81        0         71039     28800     54000               
28        0         50.89753  6.10572   1         954       269       0         30084     86400     28800     64800               
29        2         51.27906  4.30079   0         688       0         1333      0         66227     28800     64800               
30        1         50.73050  4.39003   1         1073      143       0         0         86400     28800     64800               
31        1         51.15738  4.41085   1         788       47        0         0         86400     28800     64800               
32        0         50.79764  6.04160   0         983       0         80        0         57055     28800     54000               
33        2         50.77650  3.98766   1         924       497       0         0         86400     28800     64800               
34        1         50.81489  6.05618   0         950       0         241       0         86400     37800     57600               
35        0         50.92609  6.16724   1         840       3207      0         0         86400     28800     64800               
36        1         50.78613  6.11823   0         737       0         77        0         72021     43200     59400               
37        2         51.03891  3.56713   1         854       667       0         19080     86400     28800     64800               
38        0         51.02706  3.13944   1         928       71        0         0         86400     28800     64800               
39        0         51.16918  4.21377   0         963       0         220       0         86400     28800     57600               
40        2         50.96633  3.35968   0         787       0         100       0         86400     28800     64800               
41        1         51.02411  4.35679   0         640       0         729       0         86400     43200     57600               
42        2         50.87164  3.27963   1         864       742       0         0         86400     28800     64800               
43        2         50.82646  3.36523   1         915       735       0         0         86400     28800     64800               
44        0         51.03072  5.85824   0         1078      0         98        0         49534     36000     61199               
45        0         50.55718  5.27565   1         818       676       0         0         86400     30600     57600               
46        2         51.27202  4.19983   1         805       582       0         7728      86400     28800     64800               
47        0         50.70409  5.62523   1         1012      1759      0         15541     86400     28800     64800               
48        0         50.83106  6.05853   1         900       95        0         28224     86400     28800     64800               
49        0         50.75116  4.28576   1         936       198       0         0         86400     28800     64800               
50        2         51.27532  4.29099   0         763       0         1352      0         64083     28800     64800               
51        0         50.42597  5.70687   1         788       175       0         16636     86400     28800     64800               
52        0         50.32471  6.07915   0         976       0         28        0         64134     28800     61199               
53        1         51.32217  4.92508   0         849       0         1426      0         75736     28800     64800               
54        0         50.98138  4.75814   1         975       119       0         8714      86400     36000     64800               
55        1         50.69661  5.09431   1         986       193       0         0         86400     28800     64800               
56        1         51.11934  4.38127   1         756       107       0         9846      86400     28800     64800               
57        0         50.90291  6.39627   1         842       116       0         28265     86400     28800     64800               
58        1         51.31945  4.95467   0         683       0         1458      0         69887     28800     64800               
59        0         50.89558  6.38026   1         1000      198       0         24341     86400     28800     64800               
60        2         50.88790  3.41241   1         744       402       0         17918     86400     28800     64800               
61        2         50.39139  3.91568   1         739       510       0         6686      86400     28800     56700               
62        0         50.64876  4.81735   0         945       0         745       0         86400     52200     61199               
63        0         51.24765  4.24713   0         716       0         521       0         86400     28800     54000               
64        0         51.16790  3.78993   1         622       40        0         10054     86400     28800     64800               
65        0         50.88610  5.72395   1         1075      656       0         0         86400     28800     64800               
66        0         51.14188  6.31994   1         895       82        0         5860      86400     28800     64800               
67        0         50.91476  6.17221   1         732       2775      0         0         86400     28800     43200               
68        1         51.10064  4.45976   1         848       194       0         0         86400     28800     64800               
69        0         50.99132  6.12302   1         943       1020      0         0         86400     28800     46800               
70        0         51.03589  3.03943   1         758       30        0         0         86400     28800     64800               
71        0         50.69365  5.49594   1         889       121       0         15308     86400     28800     64800               
72        0         50.98271  5.49157   1         1070      1118      0         0         86400     28800     64800               
73        2         51.15477  3.23313   0         1023      0         358       0         86400     28800     61199               
74        0         50.90956  3.29739   1         905       381       0         7844      86400     28800     64800               
75        1         50.88947  4.47780   0         793       0         713       0         59596     28800     57600               
76        2         50.73471  3.83231   1         922       1245      0         0         86400     28800     57600               
77        0         51.10847  6.31814   0         781       0         278       0         57162     28800     52200               
78        1         50.66092  5.98602   0         912       0         1155      0         72645     52200     59400               
79        0         51.05966  5.83564   1         765       172       0         0         86400     28800     64800               
80        2         51.06156  2.66205   1         607       205       0         4527      86400     28800     64800               
81        2         50.79475  3.40236   1         824       2540      0         0         86400     28800     64800               
82        0         50.84762  4.31787   1         628       87        0         3757      86400     28800     64800               
83        1         51.09098  4.79332   0         827       0         70        0         59836     43200     64800               
84        0         50.75749  3.12315   1         719       165       0         8774      86400     28800     64800               
85        0         51.07858  6.31155   0         956       0         185       0         57975     28800     52200               
86        2         50.42649  4.18736   1         1089      380       0         0         86400     28800     64800               
87        1         51.19131  4.16990   0         865       0         1550      0         86400     28800     64800               
88        0         50.69600  4.35085   1         922       110       0         0         86400     28800     64800               
89        0         51.14350  3.77847   1         1006      517       0         0         86400     28800     64800               
90        0         50.58604  6.32574   1         942       508       0         14835     86400     28800     64800               
91        0         50.90244  4.88086   1         896       76        0         0         86400     28800     64800               
92        0         51.11939  4.37367   1         715       563       0         0         86400     28800     64800               
93        1         51.06710  4.74198   1         629       421       0         9515      86400     28800     64800               
94        1         50.87950  4.45466   1         825       50        0         0         86400     28800     64800               
95        2         50.32819  4.38627   1         810       67        0         0         86400     28800     64800               
96        0         51.01946  6.31851   1         825       110       0         17162     86400     28800     64800               
97        0         50.63337  6.23201   1         826       1243      0         0         86400     28800     64800               
98        1         50.60578  4.78818   0         902       0         723       0         70241     46800     61199               
99        2         50.85031  3.61411   0         923       0         441       0         53754     28800     64800               
100       2         50.96013  4.57989   1         856       72        0         0         86400     32400     61199               
101       1         51.11399  4.39500   1         995       378       0         12937     86400     28800     64800               
102       1         50.85740  4.29787   0         771       0         705       0         86400     50399     61199               
103       0         50.76850  5.53245   1         752       108       0         0         86400     28800     64800               
104       0         50.78311  6.10500   1         1007      191       0         0         86400     28800     64800               
105       0         50.79128  6.14152   1         770       727       0         0         86400     28800     64800               
106       0         50.97412  6.27710   1         834       52        0         0         86400     28800     64800               
107       1         50.81157  5.26298   0         1068      0         143       0         64125     28800     61199               
108       1         51.00277  4.46836   1         694       929       0         9138      86400     28800     64800               
109       2         51.17970  3.46492   0         1077      0         738       0         60271     46800     61199               
110       2         51.09439  3.72265   1         862       119       0         19251     86400     28800     64800               
111       0         51.06579  2.61851   1         596       138       0         0         86400     28800     64800               
112       0         50.98298  6.09843   1         855       116       0         5866      86400     28800     64800               
113       2         51.03164  5.36120   0         806       0         230       0         72439     28800     61199               
114       1         51.09137  4.45356   0         751       0         235       0         65919     36000     57600               
115       0         50.88882  6.17874   1         1050      719       0         0         86400     28800     64800               
116       0         50.50739  4.78563   1         804       1164      0         7260      86400     28800     64800               
117       0         50.86617  6.13226   0         1023      0         123       0         49490     28800     61199               
118       0         50.82553  6.26086   1         678       50        0         0         86400     28800     64800               
119       1         50.77848  3.21176   1         1156      3221      0         0         86400     28800     64800               
120       1         51.05599  4.39814   0         559       0         134       0         86400     28800     54000               
121       0         50.82119  6.05210   1         762       623       0         0         86400     43200     57600               
122       0         51.09676  6.16571   0         755       0         225       0         86400     41400     61199               
123       0         50.93805  5.93192   1         721       79        0         0         86400     28800     61199               
124       0         50.98653  6.18923   1         744       1923      0         6072      86400     28800     64800               
125       0         50.75077  5.69766   1         897       500       0         0         86400     28800     64800               
126       0         50.32238  5.49979   1         758       2750      0         0         86400     28800     64800               
127       0         50.80619  6.20029   1         927       404       0         0         86400     28800     64800               
128       0         51.11263  4.24749   1         648       461       0         3688      86400     28800     64800               
129       1         50.74854  3.19556   1         856       3177      0         0         86400     28800     64800               
130       2         50.59810  3.34115   0         938       0         718       0         73128     46800     57600               