BE_TH_2_R 2 6 31 116

[Vehicle Types] - ID_veh_type, fixed_cost, variable_cost, speed, capacity, alpha, beta, max_time, max_drive_time
0         20        1.5       70        3200      2240      2240      46800     32400     
1         20        2.25      50        13600     9520      9520      46800     32400       

[Number of Vehicle Types] - ID_veh_type, ID_depot, number_of_vehicles
0	0	8
0	1	4
0	2	3
1	0	4
1	1	3
1	2	4

[Scheduled Lines] - ID_from, ID_to, cost_per_req, capacity, dep_time, arr_time
0	2	0.021	3200	5400	16200
0	2	0.021	3200	6300	17100
0	2	0.021	3200	63000	73800
0	2	0.021	3200	70200	81000
0	2	0.021	3200	82800	86400
0	1	0.013	3200	2700	9900
0	1	0.013	3200	9000	16200
0	1	0.013	3200	64800	72000
0	1	0.013	3200	70200	77400
0	1	0.013	3200	77400	84600
2	0	0.021	3200	5400	16200
2	0	0.021	3200	63000	73800
2	0	0.021	3200	69300	80100
2	0	0.021	3200	76500	86400
2	0	0.021	3200	79200	86400
2	1	0.011	3200	0	7200
2	1	0.011	3200	0	7200
2	1	0.011	3200	9000	16200
2	1	0.011	3200	63000	72000
2	1	0.011	3200	66600	73800
2	1	0.011	3200	68400	75600
2	1	0.011	3200	72900	80100
1	2	0.011	3200	8100	15300
1	2	0.011	3200	9900	17100
1	2	0.011	3200	63900	71100
1	2	0.011	3200	68400	75600
1	2	0.011	3200	76500	83700
1	0	0.013	3200	0	7200
1	0	0.013	3200	61200	68400
1	0	0.013	3200	68400	75600
1	0	0.013	3200	79200	86400

[Nodes/requests]: ID_node, ID_depot, lat, long, type, service_time, q_del, q_col, tw_depot_start, tw_depot_end, tw_cust_start, tw_cust_end, PC
0         0         50.62122  6.03738   -1        0         0         0         0         86400     0         86400
1         1         51.03921  4.47096   -1        0         0         0         0         86400     0         86400
2         2         50.81356  3.33912   -1        0         0         0         0         86400     0         86400
3         2         51.12380  3.77703   0         866       0         1749      0         86400     28800     64800               
4         2         51.13525  4.20827   0         921       0         3042      0         71409     28800     64800               
5         0         51.10839  6.17131   1         864       100       0         0         86400     28800     64800               
6         2         51.20807  2.92994   0         800       0         1657      0         86400     28800     64800               
7         2         51.22937  2.91826   0         678       0         412       0         70831     28800     64800               
8         1         50.85878  4.25304   0         1104      0         357       0         64977     50399     61199               
9         0         50.54660  6.25302   1         774       154       0         0         86400     28800     64800               
10        0         50.87316  6.09411   1         793       100       0         16603     86400     28800     64800               
11        1         50.96846  4.41835   1         795       1447      0         5853      86400     28800     64800               
12        0         50.97789  6.25718   1         982       327       0         7753      86400     28800     64800               
13        0         51.07896  6.08140   1         679       251       0         0         86400     28800     64800               
14        0         50.73721  6.17163   1         767       156       0         0         86400     28800     64800               
15        2         51.15807  4.16316   0         794       0         3098      0         82584     28800     64800               
16        2         51.10569  3.77734   0         963       0         681       0         56273     28800     64800               
17        0         51.25966  4.22998   0         865       0         3108      0         86400     28800     54000               
18        0         50.87938  5.77663   0         743       0         1250      0         81854     32400     57600               
19        1         50.88296  4.41866   1         860       144       0         5842      86400     28800     64800               
20        0         51.18132  3.50419   0         669       0         732       0         79541     46800     61199               
21        0         51.06548  4.41601   1         945       2106      0         0         86400     32400     57600               
22        2         51.03095  3.28965   0         784       0         3077      0         71448     28800     57600               
23        0         50.56044  6.22145   1         1021      225       0         0         86400     28800     64800               
24        2         51.20630  2.93927   0         1028      0         392       0         70957     28800     64800               
25        0         50.78769  6.14470   1         852       553       0         15290     86400     28800     64800               
26        0         51.29968  4.98538   1         936       801       0         0         86400     28800     64800               
27        0         50.99561  4.98703   1         673       690       0         0         86400     28800     64800               
28        1         50.75353  3.17738   1         768       3123      0         0         86400     28800     50399               
29        0         50.57951  5.73669   1         875       144       0         0         86400     28800     64800               
30        0         51.09779  5.14259   1         824       104       0         11014     86400     28800     64800               
31        0         50.77774  6.14445   0         724       0         774       0         62232     53099     55799               
32        0         50.93024  6.09627   1         799       631       0         15147     86400     28800     64800               
33        2         50.59555  3.29986   1         682       2722      0         0         86400     28800     64800               
34        1         50.50705  5.05700   0         1193      0         2196      0         86400     28800     61199               
35        0         50.79261  4.74035   0         989       0         1407      0         65598     28800     64800               
36        0         50.82834  6.24827   1         938       1278      0         0         86400     28800     64800               
37        0         50.62417  5.55222   0         550       0         235       0         44463     32400     64800               
38        2         50.94220  3.86920   1         782       76        0         0         86400     28800     64800               
39        0         50.68817  4.41064   1         762       171       0         0         86400     28800     64800               
40        2         50.77345  3.34149   0         583       0         614       0         67259     28800     61199               
41        0         50.91600  5.82694   0         1041      0         28        0         86400     28800     61199               
42        0         51.02145  5.65512   1         838       289       0         14886     86400     28800     64800               
43        1         51.33458  4.96397   1         981       711       0         0         86400     28800     64800               
44        0         50.59428  6.30759   1         723       522       0         14858     86400     28800     64800               
45        2         51.17978  4.18237   1         835       240       0         0         86400     28800     64800               
46        1         51.15342  4.80726   1         777       754       0         0         86400     28800     64800               
47        0         50.78303  4.96532   0         959       0         107       0         72084     54000     59400               
48        0         51.04352  4.34609   0         853       0         729       0         86400     28800     61199               
49        1         50.95226  4.23018   0         885       0         187       0         86400     28800     61199               
50        0         50.77769  5.54250   1         711       1009      0         0         86400     28800     32400               
51        0         50.64499  5.98750   0         814       0         218       0         54245     28800     59400               
52        1         51.29270  4.53203   0         867       0         900       0         65144     41400     61199               
53        1         50.80874  5.50087   1         690       236       0         0         86400     28800     32400               
54        2         51.22578  3.77185   0         833       0         1482      0         86400     34199     61199               
55        0         50.98421  6.25788   0         731       0         254       0         79605     36000     57600               
56        1         50.85846  4.23811   1         827       163       0         0         86400     28800     64800               
57        0         50.69878  5.64327   1         813       1435      0         0         86400     28800     64800               
58        1         50.65031  4.80332   0         802       0         2591      0         86400     54000     63000               
59        0         50.91011  5.26518   1         720       224       0         0         86400     28800     64800               
60        2         51.15459  4.22545   0         860       0         1492      0         72480     28800     64800               
61        1         50.67997  5.66482   0         765       0         501       0         74087     46800     57600               
62        1         50.41806  5.74230   0         757       0         753       0         86400     30600     59400               
63        1         50.67472  4.62662   1         851       20        0         6280      86400     28800     64800               
64        0         51.08762  6.16248   1         926       174       0         0         86400     28800     64800               
65        0         51.01164  3.94265   1         799       50        0         0         86400     28800     64800               
66        0         50.63908  5.59550   1         928       91        0         0         86400     28800     64800               
67        0         51.12540  6.33463   1         1123      2015      0         0         86400     28800     64800               
68        1         50.62463  5.99496   0         921       0         227       0         79642     55799     59400               
69        1         50.71620  3.18846   1         979       1031      0         0         86400     28800     64800               
70        1         50.96611  5.72800   0         800       0         1553      0         73504     37800     61199               
71        2         50.76095  6.24740   0         909       0         2319      0         86400     37800     57600               
72        0         50.87225  4.72212   0         839       0         1149      0         66101     28800     64800               
73        0         50.88932  2.87666   1         654       1050      0         0         86400     28800     64800               
74        0         50.75374  4.25967   1         935       685       0         0         86400     28800     48600               
75        1         50.94416  5.34687   1         991       406       0         0         86400     28800     64800               
76        0         50.61929  4.45278   1         670       78        0         0         86400     32400     57600               
77        2         51.19653  3.16893   1         695       432       0         5391      86400     28800     64800               
78        1         50.90785  4.44346   1         908       710       0         0         86400     28800     64800               
79        0         50.75488  5.71335   1         887       512       0         0         86400     28800     64800               
80        0         50.77247  6.05588   1         866       675       0         0         86400     36000     57600               
81        1         51.28690  4.96105   1         774       1376      0         0         86400     28800     36000               
82        0         50.57674  3.60729   1         837       531       0         0         86400     28800     64800               
83        0         50.46713  5.67859   0         859       0         960       0         66264     28800     64800               
84        1         50.95392  4.03293   0         961       0         29        0         86400     34199     64800               
85        1         50.62154  3.32068   0         986       0         880       0         76767     36000     61199               
86        0         50.77887  6.10090   0         899       0         1374      0         54842     42299     55799               
87        1         51.43609  4.45941   1         750       355       0         0         86400     28800     64800               
88        0         50.81262  6.16089   1         1040      887       0         0         86400     36000     43200               
89        2         50.95978  3.14155   0         906       0         196       0         70309     32400     57600               
90        2         50.91749  3.20934   1         789       768       0         0         86400     28800     64800               
91        1         51.03126  4.45085   1         1007      31        0         0         86400     32400     57600               
92        1         51.00998  4.33169   0         623       0         740       0         78480     43200     57600               
93        1         51.27067  4.92527   1         726       1339      0         0         86400     28800     64800               
94        2         51.19257  3.47620   0         740       0         1423      0         63084     46800     61199               
95        0         51.05572  6.30569   1         882       97        0         0         86400     28800     64800               
96        0         50.92093  6.13467   1         861       67        0         24566     86400     28800     64800               
97        0         50.97038  3.32757   1         981       1218      0         0         86400     28800     59400               
98        1         51.31448  4.97396   0         810       0         114       0         86400     28800     50399               
99        0         51.05927  5.84333   1         862       68        0         0         86400     28800     64800               
100       2         50.66542  3.88065   1         801       10        0         20894     86400     28800     64800               
101       0         50.86096  3.61319   0         884       0         1721      0         78213     28800     64800               
102       0         50.92219  6.36119   1         914       70        0         0         86400     28800     57600               
103       2         51.16012  4.16624   0         671       0         2817      0         82584     28800     64800               
104       0         50.78081  6.03220   1         916       19        0         0         86400     28800     64800               
105       0         50.70594  6.18662   0         764       0         133       0         62148     28800     50399               
106       2         51.21570  3.26157   0         888       0         126       0         65256     32400     39599               
107       1         50.87737  4.45691   1         962       389       0         5686      86400     28800     64800               
108       0         51.19838  4.25746   0         1062      0         3345      0         86400     28800     64800               
109       0         50.97812  4.69434   1         1004      645       0         0         86400     28800     64800               
110       1         51.30217  4.86000   0         905       0         2138      0         76291     50399     64800               
111       0         50.62361  4.44987   1         960       80        0         0         86400     28800     64800               
112       0         50.64399  5.52823   1         705       827       0         13030     86400     28800     64800               
113       1         50.91507  4.37696   1         982       93        0         6211      86400     28800     64800               
114       0         51.09021  6.35177   0         784       0         428       0         48579     39599     61199               
115       0         50.89192  6.19943   1         707       830       0         0         86400     28800     64800               