BE_TH_0_R 2 6 31 128

[Vehicle Types] - ID_veh_type, fixed_cost, variable_cost, speed, capacity, alpha, beta, max_time, max_drive_time
0         20        1.5       70        3200      2240      2240      46800     32400     
1         20        2.25      50        13600     9520      9520      46800     32400     

[Number of Vehicle Types] - ID_veh_type, ID_depot, number_of_vehicles
0	0	8
0	1	4
0	2	3
1	0	4
1	1	3
1	2	4

[Scheduled Lines] - ID_from, ID_to, cost_per_req, capacity, dep_time, arr_time
0	2	0.021	3200	5400	16200
0	2	0.021	3200	6300	17100
0	2	0.021	3200	63000	73800
0	2	0.021	3200	70200	81000
0	2	0.021	3200	82800	86400
0	1	0.013	3200	2700	9900
0	1	0.013	3200	9000	16200
0	1	0.013	3200	64800	72000
0	1	0.013	3200	70200	77400
0	1	0.013	3200	77400	84600
2	0	0.021	3200	5400	16200
2	0	0.021	3200	63000	73800
2	0	0.021	3200	69300	80100
2	0	0.021	3200	76500	86400
2	0	0.021	3200	79200	86400
2	1	0.011	3200	0	7200
2	1	0.011	3200	0	7200
2	1	0.011	3200	9000	16200
2	1	0.011	3200	63000	72000
2	1	0.011	3200	66600	73800
2	1	0.011	3200	68400	75600
2	1	0.011	3200	72900	80100
1	2	0.011	3200	8100	15300
1	2	0.011	3200	9900	17100
1	2	0.011	3200	63900	71100
1	2	0.011	3200	68400	75600
1	2	0.011	3200	76500	83700
1	0	0.013	3200	0	7200
1	0	0.013	3200	61200	68400
1	0	0.013	3200	68400	75600
1	0	0.013	3200	79200	86400

[Nodes/requests]: ID_node, ID_depot, lat, long, type, service_time, q_del, q_col, tw_depot_start, tw_depot_end, tw_cust_start, tw_cust_end, PC
0         0         50.63156  6.02609   -1        0         0         0         0         86400     0         86400
1         1         51.05881  4.48498   -1        0         0         0         0         86400     0         86400
2         2         50.79438  3.33208   -1        0         0         0         0         86400     0         86400
3         0         50.61872  5.88047   1         736       1409      0         0         86400     28800     64800               
4         2         51.11519  3.79479   1         1058      1799      0         0         86400     28800     64800               
5         1         50.86490  4.39689   0         724       0         359       0         60131     28800     61199               
6         0         50.87245  6.12027   1         896       914       0         0         86400     28800     50399               
7         1         50.75224  4.29273   0         866       0         735       0         82616     28800     57600               
8         0         50.82995  6.09784   0         763       0         310       0         63356     44999     54000               
9         0         50.42311  5.92052   1         765       257       0         0         86400     28800     64800               
10        0         50.73055  6.23856   0         832       0         291       0         48583     28800     54000               
11        2         50.72954  3.23706   0         882       0         9         0         70707     28800     61199               
12        1         50.81782  4.96528   0         1127      0         114       0         68059     52200     59400               
13        0         50.98266  4.32896   0         710       0         1910      0         86400     44999     59400               
14        0         50.80208  6.20987   0         651       0         424       0         86400     28800     64800               
15        0         50.93466  6.16761   1         610       3033      0         0         86400     28800     43200               
16        0         51.15895  4.92289   1         858       809       0         0         86400     28800     64800               
17        0         51.05273  6.19087   0         1152      0         57        0         73893     43200     54000               
18        1         51.18031  5.26156   1         711       2114      0         21237     86400     28800     64800               
19        1         50.92843  6.07306   0         820       0         322       0         86400     37800     57600               
20        1         50.92682  4.02474   0         862       0         130       0         86400     50399     57600               
21        0         50.74358  6.16536   1         838       361       0         0         86400     28800     64800               
22        1         51.30997  4.94302   0         933       0         3218      0         86400     28800     64800               
23        1         50.46261  4.84083   1         825       147       0         0         86400     28800     57600               
24        0         50.52437  5.74541   0         1080      0         2678      0         64138     28800     50399               
25        0         50.84589  6.11177   0         948       0         1062      0         86400     32400     57600               
26        2         51.22392  4.45277   0         785       0         534       0         72956     28800     50399               
27        1         51.10490  5.87302   0         756       0         144       0         86400     28800     61199               
28        0         50.44913  4.44983   1         797       2477      0         0         86400     36000     64800               
29        0         51.28472  4.25242   0         523       0         1784      0         86400     28800     54000               
30        0         51.06866  6.24154   0         837       0         115       0         65720     43200     57600               
31        1         51.17757  4.77778   1         956       1382      0         0         86400     28800     64800               
32        0         50.89487  6.38230   0         909       0         270       0         56690     28800     57600               
33        0         51.03875  3.75307   1         995       840       0         0         86400     28800     64800               
34        1         51.18114  4.40896   1         1126      104       0         0         86400     28800     64800               
35        1         50.99476  5.50290   0         998       0         3291      0         86400     28800     64800               
36        0         50.82524  3.34710   0         731       0         1861      0         86400     55799     61199               
37        0         51.09470  6.11668   1         812       479       0         0         86400     28800     64800               
38        0         50.85406  4.29495   1         1056      87        0         0         86400     28800     64800               
39        0         50.80920  6.29729   0         926       0         332       0         56534     39599     54000               
40        0         50.83656  6.15053   1         681       676       0         5480      86400     28800     64800               
41        0         50.56946  5.46759   1         1014      968       0         20277     86400     28800     64800               
42        0         51.20292  5.14636   0         1067      0         972       0         86400     28800     61199               
43        2         50.59854  3.37722   1         836       279       0         0         86400     36000     39599               
44        2         51.23764  2.91830   0         803       0         379       0         67676     28800     64800               
45        0         50.63499  6.26131   1         697       906       0         0         86400     28800     64800               
46        0         50.97023  5.18903   1         755       70        0         0         86400     28800     64800               
47        0         51.37330  4.72356   1         776       115       0         0         86400     28800     64800               
48        0         50.57127  6.25266   0         962       0         1415      0         51350     39599     61199               
49        0         50.77375  6.03785   1         897       148       0         0         86400     28800     57600               
50        0         50.93699  4.05767   1         913       139       0         0         86400     28800     64800               
51        0         50.93527  5.94025   1         935       91        0         0         86400     28800     64800               
52        1         51.11307  4.27999   1         928       165       0         0         86400     28800     64800               
53        2         50.89107  3.31238   0         680       0         31        0         68218     28800     57600               
54        0         50.76271  6.11416   0         774       0         135       0         56507     28800     36000               
55        0         50.26499  5.06590   1         837       159       0         20904     86400     28800     64800               
56        1         51.18926  4.41011   1         802       716       0         0         86400     36000     54000               
57        0         51.07855  6.35876   1         932       873       0         0         86400     28800     64800               
58        0         50.89885  6.02624   1         791       1405      0         0         86400     28800     64800               
59        0         50.78961  6.12016   1         911       127       0         0         86400     28800     64800               
60        2         51.24102  4.27975   0         729       0         3084      0         66928     28800     64800               
61        0         50.61197  5.98603   1         832       104       0         20749     86400     28800     64800               
62        0         51.25931  5.23680   0         704       0         2313      0         80287     32400     56700               
63        0         50.81512  6.27534   1         890       589       0         0         86400     28800     64800               
64        0         50.71049  4.27908   1         753       88        0         0         86400     28800     35100               
65        2         50.96691  3.11888   1         828       88        0         0         86400     28800     64800               
66        0         51.02801  6.11315   0         660       0         2289      0         58671     28800     54000               
67        1         51.10268  5.04292   0         975       0         2063      0         86400     28800     43200               
68        0         50.70399  5.99110   0         728       0         20        0         81359     36000     50399               
69        0         50.76985  6.16062   0         891       0         48        0         86400     43200     55799               
70        2         50.65972  3.84878   0         857       0         40        0         86400     28800     55799               
71        0         50.77030  6.07459   1         637       628       0         0         86400     28800     64800               
72        0         50.71491  4.58007   1         854       313       0         0         86400     28800     64800               
73        2         51.15823  3.76212   0         617       0         1430      0         72652     28800     57600               
74        0         50.86902  4.47247   1         867       283       0         0         86400     28800     64800               
75        0         50.62638  6.02856   1         1014      723       0         0         86400     28800     64800               
76        2         51.27731  4.27113   0         770       0         761       0         68910     28800     64800               
77        1         50.52705  4.17739   1         723       1097      0         0         86400     28800     64800               
78        1         50.92943  5.28490   1         808       952       0         14944     86400     28800     64800               
79        2         51.18775  4.16058   0         894       0         2947      0         73143     28800     64800               
80        1         51.37324  4.53697   1         814       1859      0         0         86400     28800     64800               
81        2         51.18857  3.09791   1         865       62        0         0         86400     50399     64800               
82        0         50.80077  6.02371   0         744       0         337       0         65529     28800     54000               
83        0         50.76148  6.11879   0         855       0         127       0         57012     37800     57600               
84        1         51.04649  5.26425   0         1173      0         229       0         60440     28800     61199               
85        1         50.79119  4.29638   1         822       1685      0         0         86400     28800     43200               
86        0         50.77193  6.21809   1         1098      1011      0         0         86400     28800     43200               
87        0         50.73399  6.14233   1         886       336       0         0         86400     28800     64800               
88        1         51.11299  2.95811   0         755       0         48        0         86400     55799     57600               
89        0         50.97838  6.38161   1         925       99        0         0         86400     28800     64800               
90        2         51.23182  4.26016   0         855       0         1963      0         59261     28800     54000               
91        0         51.15444  6.29675   1         898       715       0         0         86400     28800     64800               
92        1         51.04193  4.33274   0         1024      0         1089      0         79247     44999     59400               
93        1         51.24740  4.92568   0         676       0         41        0         70780     28800     50399               
94        0         51.10133  3.15425   1         958       121       0         0         86400     28800     64800               
95        1         50.81163  3.18320   1         726       333       0         0         86400     28800     64800               
96        0         50.75972  3.62547   0         863       0         77        0         74174     28800     59400               
97        0         50.78152  6.12484   1         820       559       0         6001      86400     28800     64800               
98        0         51.06136  6.09660   1         767       1538      0         21045     86400     28800     64800               
99        0         49.95748  5.75073   0         936       0         205       0         60956     28800     57600               
100       0         50.84543  4.27918   1         844       135       0         0         86400     28800     64800               
101       0         50.98382  6.22191   1         901       513       0         22882     86400     28800     64800               
102       1         51.15526  4.42362   1         739       748       0         0         86400     28800     64800               
103       1         50.85177  4.69199   0         973       0         1418      0         66701     28800     64800               
104       0         50.77151  6.13006   1         866       134       0         5623      86400     28800     64800               
105       1         51.01776  4.50221   1         806       86        0         16568     86400     28800     64800               
106       2         50.96011  3.94958   0         883       0         417       0         66874     43200     54000               
107       0         51.21862  4.34057   1         762       91        0         0         86400     28800     64800               
108       1         51.16250  4.40982   1         817       357       0         0         86400     32400     57600               
109       0         50.74237  6.13162   1         900       308       0         0         86400     28800     64800               
110       0         50.97424  6.37199   1         971       225       0         0         86400     28800     64800               
111       0         50.72006  6.16517   1         943       267       0         20685     86400     28800     64800               
112       0         50.84920  6.11325   1         1033      91        0         0         86400     28800     64800               
113       1         51.02496  5.41537   1         801       200       0         16360     86400     28800     64800               
114       1         51.23081  5.35083   1         751       39        0         0         86400     28800     64800               
115       1         51.28348  4.93058   0         933       0         3093      0         86400     28800     50399               
116       0         50.85498  6.30477   0         893       0         718       0         56466     39599     54000               
117       1         50.90522  5.26656   0         1140      0         1463      0         79482     28800     61199               
118       0         50.39445  5.90142   1         812       279       0         0         86400     28800     57600               
119       0         50.84063  6.01651   1         853       1033      0         0         86400     28800     64800               
120       1         51.16412  4.55074   0         931       0         745       0         70708     28800     61199               
121       0         50.87208  5.96942   1         875       70        0         11422     86400     28800     64800               
122       0         50.83876  6.07442   1         949       605       0         0         86400     28800     64800               
123       1         51.11699  3.77618   0         757       0         1895      0         86400     28800     64800               
124       0         51.27535  4.37306   1         889       391       0         0         86400     28800     64800               
125       0         50.45395  6.17813   0         809       0         174       0         68490     50399     52200               
126       0         50.89294  6.23065   1         896       78        0         0         86400     28800     64800               
127       0         50.67191  5.96690   0         1051      0         429       0         50094     36000     50399               