BE_TH_3_R 2 6 31 129

[Vehicle Types] - ID_veh_type, fixed_cost, variable_cost, speed, capacity, alpha, beta, max_time, max_drive_time
0         20        1.5       70        3200      2240      2240      46800     32400     
1         20        2.25      50        13600     9520      9520      46800     32400       

[Number of Vehicle Types] - ID_veh_type, ID_depot, number_of_vehicles
0	0	8
0	1	4
0	2	3
1	0	4
1	1	3
1	2	4

[Scheduled Lines] - ID_from, ID_to, cost_per_req, capacity, dep_time, arr_time
0	2	0.021	3200	5400	16200
0	2	0.021	3200	6300	17100
0	2	0.021	3200	63000	73800
0	2	0.021	3200	70200	81000
0	2	0.021	3200	82800	86400
0	1	0.013	3200	2700	9900
0	1	0.013	3200	9000	16200
0	1	0.013	3200	64800	72000
0	1	0.013	3200	70200	77400
0	1	0.013	3200	77400	84600
2	0	0.021	3200	5400	16200
2	0	0.021	3200	63000	73800
2	0	0.021	3200	69300	80100
2	0	0.021	3200	76500	86400
2	0	0.021	3200	79200	86400
2	1	0.011	3200	0	7200
2	1	0.011	3200	0	7200
2	1	0.011	3200	9000	16200
2	1	0.011	3200	63000	72000
2	1	0.011	3200	66600	73800
2	1	0.011	3200	68400	75600
2	1	0.011	3200	72900	80100
1	2	0.011	3200	8100	15300
1	2	0.011	3200	9900	17100
1	2	0.011	3200	63900	71100
1	2	0.011	3200	68400	75600
1	2	0.011	3200	76500	83700
1	0	0.013	3200	0	7200
1	0	0.013	3200	61200	68400
1	0	0.013	3200	68400	75600
1	0	0.013	3200	79200	86400

[Nodes/requests]: ID_node, ID_depot, lat, long, type, service_time, q_del, q_col, tw_depot_start, tw_depot_end, tw_cust_start, tw_cust_end, PC
0         0         50.65886  6.01382   -1        0         0         0         0         86400     0         86400
1         1         51.05943  4.47038   -1        0         0         0         0         86400     0         86400
2         2         50.79941  3.28907   -1        0         0         0         0         86400     0         86400
3         0         50.83072  6.03630   1         709       1143      0         0         86400     30600     34140               
4         1         51.18090  4.74033   1         729       761       0         0         86400     32400     61199               
5         0         50.89042  6.12256   1         791       48        0         22598     86400     28800     64800               
6         2         51.14241  3.68840   1         807       41        0         13760     86400     28800     64800               
7         1         51.16285  4.39238   1         997       2250      0         0         86400     28800     64800               
8         2         50.82486  4.30115   1         719       950       0         0         86400     28800     64800               
9         2         51.10670  4.15699   0         719       0         1814      0         55776     28800     57600               
10        0         51.06636  6.11652   1         806       204       0         18685     86400     28800     64800               
11        2         51.10590  2.69154   1         934       414       0         7447      86400     28800     64800               
12        0         50.93235  6.12067   1         921       1585      0         0         86400     28800     43200               
13        1         50.77749  3.43463   0         744       0         272       0         71416     32400     61199               
14        2         51.04292  3.59575   1         749       260       0         0         86400     28800     61199               
15        0         51.07162  6.10385   0         860       0         202       0         75163     43200     61199               
16        0         50.72437  6.11703   1         759       456       0         0         86400     28800     64800               
17        2         51.15239  3.03738   1         797       766       0         13253     86400     28800     64800               
18        1         51.20847  4.40056   1         822       110       0         15470     86400     28800     64800               
19        0         50.65670  6.16366   1         721       1129      0         17591     86400     28800     64800               
20        2         51.07366  5.15153   0         841       0         703       0         86400     28800     54000               
21        0         50.77112  6.23111   0         575       0         749       0         55720     28800     54000               
22        2         50.91533  3.17593   0         765       0         29        0         59460     28800     61199               
23        1         51.22185  4.43865   1         711       109       0         15567     86400     28800     64800               
24        2         50.92070  4.03797   1         912       930       0         13647     86400     28800     64800               
25        2         51.19299  3.48767   0         720       0         40        0         60397     28800     61199               
26        0         50.82693  6.13347   1         650       129       0         9707      86400     28800     64800               
27        1         50.58796  5.51929   0         767       0         117       0         86400     50399     57600               
28        0         50.94155  5.81935   0         859       0         119       0         49006     28800     57600               
29        1         50.80312  4.31816   1         781       135       0         0         86400     28800     64800               
30        1         50.99334  4.55170   1         877       183       0         0         86400     28800     64800               
31        2         50.97152  3.52461   1         935       958       0         0         86400     28800     64800               
32        0         50.83291  6.21157   1         886       123       0         0         86400     28800     64800               
33        1         51.28078  4.90565   1         720       19        0         6321      86400     28800     64800               
34        1         50.60457  4.36337   1         731       3277      0         0         86400     28800     64800               
35        2         51.07080  4.34641   0         803       0         1132      0         69740     28800     64800               
36        0         50.75396  6.25292   1         878       179       0         22813     86400     28800     64800               
37        1         51.30855  4.72023   0         582       0         739       0         60344     32400     61199               
38        0         50.77937  6.21797   0         859       0         2123      0         86400     41400     57600               
39        0         50.68635  5.99035   0         1064      0         199       0         86400     36000     50399               
40        0         50.76933  5.71133   1         813       102       0         0         86400     32400     64800               
41        0         50.73308  6.15687   0         677       0         317       0         41929     28800     55799               
42        1         51.21581  4.52806   1         826       114       0         0         86400     28800     64800               
43        0         50.75832  6.24709   0         878       0         114       0         55724     28800     57600               
44        0         50.91097  5.89104   0         876       0         178       0         59853     32400     57600               
45        0         51.10206  4.01161   1         846       101       0         0         86400     28800     64800               
46        0         50.65088  5.58070   1         887       114       0         0         86400     28800     64800               
47        0         50.88154  6.11596   1         895       124       0         0         86400     28800     64800               
48        0         50.86653  6.15784   0         835       0         133       0         49388     36000     50399               
49        1         50.69708  4.67121   1         1011      96        0         0         86400     28800     64800               
50        0         51.00705  5.17955   1         918       258       0         0         86400     28800     64800               
51        0         51.05825  6.08806   1         830       501       0         0         86400     28800     64800               
52        2         51.17358  3.83951   1         758       271       0         7882      86400     28800     64800               
53        0         50.78789  6.24817   0         852       0         2104      0         86400     28800     64800               
54        2         50.62474  4.79086   0         886       0         1152      0         72523     44999     61199               
55        2         51.30188  4.23041   0         666       0         1197      0         86400     28800     64800               
56        0         50.78006  6.10698   1         870       1138      0         17467     86400     28800     64800               
57        0         51.01975  6.29876   1         767       1573      0         0         86400     28800     64800               
58        0         51.02783  3.32698   0         634       0         376       0         86400     28800     57600               
59        1         51.10710  4.48577   1         887       119       0         0         86400     28800     64800               
60        0         50.64776  5.98676   1         680       224       0         18678     86400     28800     64800               
61        2         50.61761  3.33212   1         895       882       0         13722     86400     28800     64800               
62        0         50.99199  6.09398   0         854       0         334       0         86400     36000     61199               
63        0         50.81551  6.07814   1         941       131       0         9804      86400     28800     64800               
64        0         50.89416  6.08592   0         682       0         110       0         49320     28800     57600               
65        1         51.18182  4.46390   1         710       29        0         0         86400     28800     64800               
66        0         50.74398  6.17325   0         869       0         2352      0         55584     28800     64800               
67        0         50.62723  5.65433   1         1057      71        0         0         86400     28800     64800               
68        0         50.97182  6.10327   1         687       41        0         0         86400     28800     64800               
69        0         51.24321  3.23302   1         837       135       0         0         86400     28800     64800               
70        0         51.14036  4.41398   1         903       311       0         0         86400     28800     64800               
71        2         50.80557  3.26136   1         629       578       0         0         86400     28800     64800               
72        2         51.20080  3.81071   1         916       1164      0         0         86400     28800     64800               
73        0         50.64585  6.06266   0         761       0         1281      0         58273     43200     55799               
74        2         50.83414  3.11118   1         929       1868      0         0         86400     28800     64800               
75        1         50.89449  4.04232   0         859       0         687       0         86400     46800     59400               
76        2         51.08185  3.68196   0         981       0         1533      0         58555     28800     61199               
77        0         50.78251  5.65377   1         794       711       0         0         86400     28800     64800               
78        1         51.12869  4.31943   0         853       0         271       0         62155     28800     57600               
79        1         51.10267  4.35410   1         986       740       0         7537      86400     28800     64800               
80        1         51.31399  4.93165   0         664       0         2288      0         71408     28800     50399               
81        0         50.55291  4.96454   1         772       242       0         9888      86400     28800     64800               
82        0         50.83434  6.25624   0         612       0         99        0         54482     34199     52200               
83        0         50.77045  4.23948   1         774       19        0         0         86400     28800     64800               
84        2         50.81413  3.28476   1         664       126       0         0         86400     28800     64800               
85        1         51.26932  4.92501   1         774       726       0         0         86400     28800     64800               
86        2         50.54528  4.00990   1         999       155       0         0         86400     28800     61199               
87        2         50.98842  4.07539   1         810       49        0         0         86400     36000     64800               
88        2         51.11566  4.34304   0         791       0         2225      0         72388     57600     61199               
89        2         50.84591  3.27096   0         901       0         383       0         52243     28800     57600               
90        1         50.59512  4.81215   0         889       0         2283      0         69439     44999     61199               
91        0         50.89326  6.16873   1         741       2627      0         0         86400     28800     64800               
92        0         51.28782  4.68966   0         900       0         71        0         77638     46800     57600               
93        0         51.20376  4.42740   1         799       205       0         8126      86400     28800     64800               
94        1         51.11901  5.89201   0         616       0         438       0         86400     28800     61199               
95        0         50.56108  6.28868   1         935       309       0         17333     86400     28800     64800               
96        1         50.74263  4.34931   0         1112      0         92        0         68979     32400     61199               
97        0         51.21103  4.49064   1         784       312       0         0         86400     28800     64800               
98        0         51.05374  3.01133   1         891       126       0         0         86400     28800     64800               
99        2         51.08735  3.49492   1         813       775       0         13497     86400     28800     64800               
100       0         50.65903  5.60935   0         905       0         201       0         57239     30600     61199               
101       0         51.15213  6.22286   0         554       0         269       0         56299     28800     61199               
102       0         50.85357  5.97198   1         731       330       0         10089     86400     28800     64800               
103       0         51.11595  4.11455   1         837       996       0         0         86400     28800     64800               
104       0         51.49298  4.86657   1         811       517       0         10467     86400     28800     64800               
105       0         51.45912  5.04396   1         854       110       0         0         86400     28800     64800               
106       2         51.11161  3.15023   1         1053      38        0         0         86400     28800     64800               
107       2         50.83471  3.35822   0         769       0         224       0         69223     55799     61199               
108       2         51.22662  3.41380   1         1092      123       0         0         86400     28800     64800               
109       2         51.19485  4.16345   1         972       1533      0         0         86400     28800     64800               
110       0         50.86096  6.15110   1         887       1039      0         14103     86400     28800     64800               
111       0         50.82385  5.99688   1         875       823       0         0         86400     28800     64800               
112       0         50.79794  6.15460   1         781       319       0         0         86400     28800     64800               
113       0         50.53736  4.19588   0         673       0         715       0         77600     28800     55799               
114       0         51.07955  5.13563   1         541       779       0         0         86400     28800     64800               
115       0         50.90988  3.79780   0         906       0         2257      0         73484     28800     64800               
116       2         50.92926  3.13120   1         905       408       0         7735      86400     28800     64800               
117       0         50.97344  5.13268   0         772       0         768       0         86400     32400     64800               
118       2         51.08187  4.04379   0         676       0         156       0         75145     28800     54000               
119       0         50.97360  3.29413   1         872       295       0         0         86400     28800     64800               
120       2         51.15024  2.96374   0         838       0         72        0         79273     55799     57600               
121       0         50.81269  6.11639   0         738       0         96        0         65414     34199     54000               
122       1         50.69075  5.97815   0         899       0         600       0         86400     36000     50399               
123       0         50.94422  6.17447   1         766       133       0         0         86400     28800     64800               
124       0         50.83830  6.19487   1         672       96        0         0         86400     28800     64800               
125       0         51.05702  5.51578   1         939       826       0         0         86400     28800     64800               
126       1         51.15247  4.77879   1         913       327       0         0         86400     28800     64800               
127       2         51.11960  3.77893   0         920       0         321       0         56616     28800     64800               
128       2         51.31674  4.91584   0         888       0         1426      0         72133     28800     64800               