BE_TH_1_R 2 6 31 131

[Vehicle Types] - ID_veh_type, fixed_cost, variable_cost, speed, capacity, alpha, beta, max_time, max_drive_time
0         20        1.5       70        3200      2240      2240      46800     32400     
1         20        2.25      50        13600     9520      9520      46800     32400       

[Number of Vehicle Types] - ID_veh_type, ID_depot, number_of_vehicles
0	0	8
0	1	4
0	2	3
1	0	4
1	1	3
1	2	4

[Scheduled Lines] - ID_from, ID_to, cost_per_req, capacity, dep_time, arr_time
0	2	0.021	3200	5400	16200
0	2	0.021	3200	6300	17100
0	2	0.021	3200	63000	73800
0	2	0.021	3200	70200	81000
0	2	0.021	3200	82800	86400
0	1	0.013	3200	2700	9900
0	1	0.013	3200	9000	16200
0	1	0.013	3200	64800	72000
0	1	0.013	3200	70200	77400
0	1	0.013	3200	77400	84600
2	0	0.021	3200	5400	16200
2	0	0.021	3200	63000	73800
2	0	0.021	3200	69300	80100
2	0	0.021	3200	76500	86400
2	0	0.021	3200	79200	86400
2	1	0.011	3200	0	7200
2	1	0.011	3200	0	7200
2	1	0.011	3200	9000	16200
2	1	0.011	3200	63000	72000
2	1	0.011	3200	66600	73800
2	1	0.011	3200	68400	75600
2	1	0.011	3200	72900	80100
1	2	0.011	3200	8100	15300
1	2	0.011	3200	9900	17100
1	2	0.011	3200	63900	71100
1	2	0.011	3200	68400	75600
1	2	0.011	3200	76500	83700
1	0	0.013	3200	0	7200
1	0	0.013	3200	61200	68400
1	0	0.013	3200	68400	75600
1	0	0.013	3200	79200	86400

[Nodes/requests]: ID_node, ID_depot, lat, long, type, service_time, q_del, q_col, tw_depot_start, tw_depot_end, tw_cust_start, tw_cust_end, PC
0         0         50.69478  6.00375   -1        0         0         0         0         86400     0         86400
1         1         51.06529  4.45980   -1        0         0         0         0         86400     0         86400
2         2         50.81343  3.33557   -1        0         0         0         0         86400     0         86400
3         0         50.80718  6.12440   1         781       355       0         4375      86400     28800     64800               
4         0         50.78217  6.15373   1         736       170       0         16296     86400     28800     64800               
5         2         51.04475  4.35771   0         692       0         728       0         77172     44999     59400               
6         1         50.83202  4.50461   1         969       200       0         6002      86400     28800     64800               
7         1         51.28113  4.90983   0         613       0         156       0         76675     30600     57600               
8         2         50.90871  3.44149   0         1004      0         2804      0         72770     28800     61199               
9         0         50.64856  6.23507   1         820       582       0         0         86400     28800     64800               
10        1         51.12664  4.59289   1         828       113       0         15712     86400     28800     64800               
11        0         50.84202  6.15204   0         601       0         418       0         48837     28800     55799               
12        0         50.61737  6.34564   1         883       279       0         9079      86400     28800     64800               
13        0         50.99935  5.66513   1         989       1341      0         0         86400     28800     64800               
14        0         50.93950  5.94906   0         830       0         2960      0         56801     43200     57600               
15        2         50.86536  2.91138   1         787       995       0         0         86400     28800     64800               
16        0         50.92901  5.79114   1         749       2998      0         0         86400     28800     64800               
17        2         50.85426  3.60458   1         921       9         0         0         86400     28800     64800               
18        2         50.68923  4.45284   1         802       141       0         0         86400     34199     57600               
19        0         50.99726  6.25934   1         651       2224      0         0         86400     28800     64800               
20        1         50.77513  3.21072   1         1082      3266      0         0         86400     28800     64800               
21        1         51.16295  4.18950   0         659       0         736       0         86400     46800     54000               
22        0         51.06499  4.38236   1         1124      377       0         11244     86400     28800     64800               
23        1         50.85769  4.69681   0         897       0         742       0         61604     28800     64800               
24        1         51.29647  4.81618   1         618       1344      0         0         86400     28800     64800               
25        0         50.94753  6.26455   1         765       360       0         23756     86400     28800     64800               
26        1         50.90948  4.06904   0         686       0         521       0         86400     50399     57600               
27        2         50.61840  4.37172   0         950       0         20        0         69050     32400     57600               
28        0         50.94856  6.13731   1         748       266       0         18655     86400     28800     64800               
29        0         50.60047  5.58854   0         955       0         131       0         43611     28800     64800               
30        1         51.13222  4.47652   1         709       697       0         0         86400     28800     64800               
31        1         51.18624  4.31122   0         860       0         404       0         86400     28800     64800               
32        0         50.79898  6.12086   1         779       447       0         24904     86400     28800     64800               
33        0         50.70613  4.57186   1         1075      87        0         0         86400     28800     64800               
34        0         50.77640  6.09014   1         815       498       0         17640     86400     28800     64800               
35        0         50.66720  5.58851   1         931       120       0         24240     86400     28800     64800               
36        1         51.30438  4.89630   0         858       0         3313      0         61408     28800     50399               
37        1         50.79896  4.95144   0         982       0         886       0         69685     55799     59400               
38        0         50.75074  6.25181   0         752       0         204       0         56381     28800     61199               
39        1         50.90871  5.14185   1         752       376       0         0         86400     28800     64800               
40        2         51.04149  4.48602   0         898       0         98        0         71989     36000     57600               
41        0         50.02182  5.71800   1         825       219       0         0         86400     28800     64800               
42        0         51.00384  6.24394   1         820       409       0         0         86400     28800     64800               
43        2         51.00473  3.34422   1         875       1099      0         22234     86400     28800     64800               
44        2         50.67566  3.80835   0         791       0         1937      0         64355     47699     57600               
45        0         50.97033  6.12273   0         767       0         488       0         58243     43200     54000               
46        2         50.91551  4.02005   0         870       0         162       0         65059     54000     56700               
47        0         50.43190  4.32518   1         1167      184       0         0         86400     28800     64800               
48        1         51.14295  4.35894   1         917       92        0         0         86400     28800     64800               
49        2         50.84105  3.30581   0         699       0         144       0         86400     28800     55799               
50        0         50.79535  6.13443   1         898       716       0         0         86400     28800     64800               
51        1         50.91597  4.27307   1         733       49        0         0         86400     36000     64800               
52        2         50.97367  3.19838   1         990       20        0         6633      86400     28800     64800               
53        0         50.60826  5.55599   0         1026      0         144       0         43566     28800     64800               
54        0         50.97705  5.38321   1         820       461       0         0         86400     36000     57600               
55        0         51.11845  4.45533   0         776       0         240       0         66446     28800     61199               
56        2         50.95424  3.57833   1         792       206       0         0         86400     28800     64800               
57        0         50.90161  6.18901   0         803       0         115       0         50192     36000     50399               
58        0         50.85777  6.01058   1         881       118       0         8151      86400     28800     64800               
59        0         50.86206  6.41054   0         928       0         223       0         50275     28800     52200               
60        0         50.59746  5.59971   0         703       0         146       0         64200     43200     61199               
61        1         50.71809  4.16810   0         1067      0         1470      0         86400     30600     57600               
62        0         51.01365  5.70751   1         894       2185      0         0         86400     28800     64800               
63        2         51.25536  4.26645   0         952       0         2980      0         77809     28800     64800               
64        2         51.10278  3.78742   0         849       0         2160      0         53303     28800     64800               
65        0         50.47087  4.16335   1         819       91        0         4362      86400     28800     64800               
66        2         50.84532  3.49641   1         1017      490       0         0         86400     28800     64800               
67        0         51.06656  6.12508   1         657       318       0         18045     86400     28800     64800               
68        1         51.34225  4.94014   0         817       0         737       0         61728     28800     57600               
69        2         50.69184  4.21096   1         1062      107       0         0         86400     32400     57600               
70        1         50.70787  5.82861   1         830       430       0         0         86400     28800     64800               
71        0         50.83022  6.04175   0         831       0         218       0         54097     28800     54000               
72        1         50.91149  4.47246   1         939       286       0         0         86400     28800     32400               
73        2         51.14873  4.20918   0         969       0         1478      0         64963     28800     64800               
74        2         51.07975  3.78787   0         1123      0         954       0         74561     28800     57600               
75        2         51.11936  3.76832   0         824       0         747       0         53796     28800     64800               
76        0         51.25320  4.91849   1         681       124       0         0         86400     28800     64800               
77        0         50.78739  6.15611   1         806       71        0         9011      86400     28800     64800               
78        1         51.04198  4.71507   1         799       154       0         6919      86400     28800     64800               
79        0         50.76108  6.29583   0         845       0         195       0         56381     28800     64800               
80        0         51.01822  6.20524   1         729       191       0         0         86400     28800     64800               
81        1         51.28659  4.97450   0         926       0         1361      0         61339     28800     50399               
82        0         50.99638  6.29986   1         832       412       0         10920     86400     28800     64800               
83        2         50.91458  4.02389   0         838       0         404       0         69933     28800     64800               
84        0         51.28646  4.95720   0         1177      0         103       0         66997     28800     50399               
85        2         51.29713  4.93705   0         636       0         739       0         71892     28800     64800               
86        0         50.85229  6.31764   1         755       120       0         6416      86400     28800     64800               
87        1         50.78037  6.14064   0         735       0         140       0         86400     28800     54000               
88        0         51.04551  6.13990   0         860       0         2287      0         50856     43200     54000               
89        1         50.69042  4.35029   1         831       178       0         0         86400     32400     57600               
90        1         50.93657  4.25618   0         881       0         183       0         86400     28800     61199               
91        0         51.27765  4.37527   1         803       304       0         11025     86400     28800     64800               
92        0         50.85505  3.42097   1         948       689       0         0         86400     28800     64800               
93        0         50.99961  3.84627   1         744       156       0         0         86400     28800     64800               
94        1         50.68195  4.20455   1         762       3088      0         0         86400     28800     64800               
95        0         50.83758  5.70846   0         716       0         744       0         59049     32400     61199               
96        1         51.20551  3.49709   0         788       0         1220      0         86400     46800     61199               
97        0         50.82599  6.03181   1         787       500       0         8005      86400     28800     64800               
98        0         50.90451  5.76113   0         640       0         840       0         67859     28800     61199               
99        2         50.89171  3.31450   0         1016      0         148       0         86400     28800     64800               
100       0         50.99635  6.12763   0         658       0         623       0         58384     46800     54000               
101       2         50.73927  4.03697   0         696       0         759       0         63473     28800     59400               
102       0         51.05069  6.14727   0         732       0         1528      0         58141     36000     61199               
103       2         51.20653  3.43112   1         616       554       0         22263     86400     28800     64800               
104       1         50.78714  4.20458   1         630       369       0         0         86400     28800     64800               
105       0         50.49110  5.71869   0         868       0         173       0         61586     28800     55799               
106       2         50.78234  3.49164   1         933       179       0         0         86400     28800     64800               
107       0         50.32132  5.36676   0         903       0         749       0         60121     36000     61199               
108       1         50.81982  6.18144   0         943       0         2800      0         76600     32400     50399               
109       1         51.09443  4.46386   1         818       1652      0         6769      86400     28800     64800               
110       1         51.11207  4.37185   1         529       2934      0         0         86400     28800     64800               
111       2         50.82000  3.61669   0         723       0         302       0         55847     28800     61199               
112       0         50.71801  4.22867   1         641       648       0         0         86400     28800     44999               
113       2         50.96332  3.70527   0         755       0         1052      0         86400     28800     61199               
114       0         50.82681  4.74347   1         937       536       0         0         86400     28800     64800               
115       1         50.77226  3.18660   1         787       3097      0         0         86400     28800     64800               
116       0         50.64404  6.03469   1         912       1635      0         4770      86400     28800     64800               
117       0         51.04455  6.15483   0         919       0         176       0         54358     28800     64800               
118       0         51.22581  4.25002   0         893       0         1844      0         86400     28800     54000               
119       0         50.80686  6.16314   1         732       1496      0         0         86400     28800     64800               
120       0         50.92822  5.51449   1         781       605       0         0         86400     28800     64800               
121       0         51.04321  6.29733   1         833       195       0         0         86400     28800     64800               
122       0         51.32128  4.53281   1         850       49        0         0         86400     28800     64800               
123       0         50.65421  5.53970   1         735       706       0         16470     86400     28800     64800               
124       0         50.78216  6.13879   1         722       111       0         0         86400     28800     64800               
125       0         50.89893  5.99389   1         922       269       0         0         86400     28800     64800               
126       0         50.81729  4.48447   1         829       189       0         0         86400     32400     43200               
127       1         51.18471  4.81790   1         694       712       0         0         86400     28800     64800               
128       2         50.94597  3.07711   1         700       530       0         0         86400     28800     64800               
129       0         50.74365  6.26741   0         805       0         50        0         49821     34199     54000               
130       1         50.87451  4.38152   1         942       548       0         0         86400     28800     64800               