BE_TU_1_R 2 6 31 134

[Vehicle Types] - ID_veh_type, fixed_cost, variable_cost, speed, capacity, alpha, beta, max_time, max_drive_time
0         20        1.5       70        3200      2240      2240      46800     32400     
1         20        2.25      50        13600     9520      9520      46800     32400       

[Number of Vehicle Types] - ID_veh_type, ID_depot, number_of_vehicles
0	0	8
0	1	4
0	2	3
1	0	4
1	1	3
1	2	4

[Scheduled Lines] - ID_from, ID_to, cost_per_req, capacity, dep_time, arr_time
0	2	0.021	3200	5400	16200
0	2	0.021	3200	6300	17100
0	2	0.021	3200	63000	73800
0	2	0.021	3200	70200	81000
0	2	0.021	3200	82800	86400
0	1	0.013	3200	2700	9900
0	1	0.013	3200	9000	16200
0	1	0.013	3200	64800	72000
0	1	0.013	3200	70200	77400
0	1	0.013	3200	77400	84600
2	0	0.021	3200	5400	16200
2	0	0.021	3200	63000	73800
2	0	0.021	3200	69300	80100
2	0	0.021	3200	76500	86400
2	0	0.021	3200	79200	86400
2	1	0.011	3200	0	7200
2	1	0.011	3200	0	7200
2	1	0.011	3200	9000	16200
2	1	0.011	3200	63000	72000
2	1	0.011	3200	66600	73800
2	1	0.011	3200	68400	75600
2	1	0.011	3200	72900	80100
1	2	0.011	3200	8100	15300
1	2	0.011	3200	9900	17100
1	2	0.011	3200	63900	71100
1	2	0.011	3200	68400	75600
1	2	0.011	3200	76500	83700
1	0	0.013	3200	0	7200
1	0	0.013	3200	61200	68400
1	0	0.013	3200	68400	75600
1	0	0.013	3200	79200	86400

[Nodes/requests]: ID_node, ID_depot, lat, long, type, service_time, q_del, q_col, tw_depot_start, tw_depot_end, tw_cust_start, tw_cust_end, PC
0         0         50.64177  6.00829   -1        0         0         0         0         86400     0         86400
1         1         51.03574  4.46300   -1        0         0         0         0         86400     0         86400
2         2         50.80300  3.33895   -1        0         0         0         0         86400     0         86400
3         0         50.89812  6.12238   1         646       58        0         0         86400     28800     64800               
4         2         50.59751  3.34917   1         867       546       0         0         86400     28800     64800               
5         1         50.67658  4.59092   1         660       267       0         0         86400     28800     64800               
6         2         50.88491  3.20197   1         731       221       0         0         86400     28800     64800               
7         0         51.05157  6.18771   1         895       331       0         0         86400     28800     64800               
8         0         51.12747  4.20827   1         866       395       0         0         86400     28800     64800               
9         2         51.17998  3.32567   1         760       737       0         0         86400     28800     64800               
10        1         50.91831  4.04038   0         846       0         267       0         86400     55799     57600               
11        2         51.03695  3.75905   1         1036      260       0         0         86400     28800     64800               
12        1         50.96751  5.14932   1         906       333       0         0         86400     28800     64800               
13        0         51.06923  4.49759   1         813       79        0         0         86400     28800     64800               
14        0         50.76490  6.09337   0         856       0         755       0         52272     37800     57600               
15        0         50.65909  5.55715   0         856       0         1009      0         54151     28800     64800               
16        0         50.83025  6.18422   1         879       773       0         0         86400     28800     64800               
17        2         51.05792  5.81199   1         924       80        0         0         86400     28800     64800               
18        0         50.91723  5.79724   1         734       70        0         0         86400     28800     64800               
19        0         50.72494  4.24867   1         789       785       0         0         86400     28800     64800               
20        2         50.86362  3.23263   0         788       0         277       0         65205     28800     54000               
21        0         50.59561  5.88403   1         897       274       0         0         86400     28800     64800               
22        2         50.94322  3.93213   0         711       0         86        0         77216     48600     54000               
23        2         51.17961  3.47847   0         943       0         723       0         60751     46800     61199               
24        0         50.81662  3.33086   0         762       0         1979      0         86400     55799     61199               
25        0         50.97378  5.21784   1         671       203       0         0         86400     28800     64800               
26        2         50.61738  4.09051   0         777       0         220       0         51869     28800     61199               
27        0         50.68435  5.59977   0         996       0         197       0         63866     46800     57600               
28        0         50.79473  6.41869   1         1003      467       0         0         86400     28800     64800               
29        0         50.96427  5.83603   1         794       385       0         0         86400     28800     64800               
30        0         50.81891  6.27387   1         779       1686      0         0         86400     28800     64800               
31        2         50.81340  3.25394   1         991       271       0         0         86400     28800     64800               
32        0         50.80996  6.10574   1         994       104       0         0         86400     28800     64800               
33        0         50.98753  4.31930   1         634       133       0         0         86400     28800     64800               
34        1         50.97430  5.43374   0         841       0         3254      0         86400     28800     64800               
35        1         51.34491  4.93328   0         689       0         482       0         65401     28800     50399               
36        2         51.17443  5.09841   1         696       1214      0         0         86400     28800     43200               
37        1         50.96736  5.45141   0         746       0         761       0         66749     28800     64800               
38        0         50.90781  6.12691   0         1146      0         397       0         46507     28800     46800               
39        0         50.88861  4.51126   0         812       0         30        0         86400     28800     54000               
40        2         51.08912  3.76482   0         759       0         20        0         67677     28800     64800               
41        0         50.77473  6.17547   1         689       157       0         0         86400     28800     64800               
42        1         51.32602  4.92530   0         744       0         377       0         86400     28800     57600               
43        0         50.83154  6.08688   1         778       2925      0         0         86400     28800     64800               
44        0         51.04406  4.44264   0         683       0         221       0         86400     32400     54000               
45        1         50.61593  6.00754   0         692       0         99        0         76648     28800     64800               
46        0         50.61505  6.26537   1         1020      511       0         0         86400     28800     64800               
47        2         50.93314  3.55755   1         974       1448      0         0         86400     28800     64800               
48        0         50.76615  6.22649   0         1028      0         296       0         58138     28800     54000               
49        0         50.90627  6.15529   1         1070      105       0         0         86400     28800     64800               
50        0         50.84487  6.15731   0         827       0         117       0         53451     36000     57600               
51        2         50.79223  3.50762   0         724       0         560       0         86400     28800     61199               
52        1         50.53305  5.69479   0         790       0         765       0         79418     30600     61199               
53        0         50.51818  5.67272   1         897       511       0         0         86400     28800     64800               
54        0         50.76741  5.09058   1         954       1107      0         0         86400     28800     64800               
55        2         50.92657  4.42640   0         1140      0         230       0         74779     28800     64800               
56        0         50.86587  5.19464   1         638       77        0         0         86400     28800     64800               
57        0         50.40692  4.71288   1         786       144       0         0         86400     28800     57600               
58        2         51.30161  4.97049   0         792       0         1808      0         86400     28800     61199               
59        0         50.88532  6.23806   0         908       0         163       0         72215     43200     57600               
60        0         50.77089  6.01455   0         878       0         19        0         59952     37800     57600               
61        0         50.84372  6.10745   1         733       684       0         0         86400     28800     64800               
62        0         51.07063  6.11422   0         829       0         164       0         51561     28800     64800               
63        0         50.78719  6.15566   1         784       753       0         0         86400     28800     64800               
64        1         51.27771  4.96346   1         674       1471      0         0         86400     28800     64800               
65        2         51.08835  6.36251   0         667       0         184       0         78180     50399     55799               
66        0         50.77163  5.51023   1         944       416       0         0         86400     28800     64800               
67        0         51.22079  4.44403   1         735       109       0         0         86400     28800     64800               
68        2         51.10498  4.36246   0         657       0         1417      0         86400     57600     61199               
69        1         51.28307  4.95456   0         828       0         1908      0         86400     28800     61199               
70        0         51.09681  4.31333   0         820       0         77        0         86400     30600     59400               
71        2         50.80076  3.34026   0         932       0         706       0         78596     55799     61199               
72        2         51.13636  3.76252   0         712       0         2172      0         63525     28800     59400               
73        2         50.85921  6.04509   0         935       0         112       0         86400     44999     57600               
74        1         51.34088  4.92862   0         878       0         710       0         65488     28800     61199               
75        2         50.61001  4.08793   0         955       0         76        0         53095     28800     61199               
76        0         50.89339  6.15274   0         869       0         408       0         46861     28800     46800               
77        0         50.84672  6.07807   0         844       0         272       0         54606     32400     57600               
78        1         50.82494  3.34380   0         692       0         1529      0         86400     55799     61199               
79        0         50.77472  6.14800   1         892       306       0         0         86400     28800     64800               
80        0         50.86854  3.30335   1         916       1521      0         0         86400     28800     61199               
81        2         51.06826  3.28614   1         1109      98        0         0         86400     28800     64800               
82        0         51.04459  4.33797   1         861       39        0         0         86400     28800     64800               
83        2         50.48869  6.16708   0         728       0         179       0         86400     50399     55799               
84        2         50.57395  4.10143   0         970       0         156       0         51868     28800     61199               
85        0         50.91940  6.13726   1         1121      3150      0         0         86400     28800     64800               
86        2         51.00711  3.75995   1         799       493       0         0         86400     28800     61199               
87        1         51.07636  4.40350   0         881       0         560       0         86400     28800     64800               
88        1         51.08834  5.24850   0         962       0         763       0         60090     28800     57600               
89        0         50.72831  6.21914   1         745       70        0         0         86400     28800     64800               
90        0         51.11086  6.11307   0         877       0         171       0         51379     28800     64800               
91        0         50.95194  5.69549   1         837       1660      0         0         86400     28800     64800               
92        0         51.21168  3.46751   0         801       0         3184      0         86400     46800     61199               
93        0         51.04049  6.14021   1         891       816       0         0         86400     28800     50399               
94        0         50.47875  5.68325   0         699       0         987       0         71257     28800     64800               
95        0         50.80866  6.15462   1         773       152       0         0         86400     28800     64800               
96        0         51.01713  6.10353   1         816       315       0         0         86400     28800     64800               
97        2         50.82849  2.76881   0         753       0         199       0         59775     28800     61199               
98        2         51.11865  3.77405   0         784       0         1515      0         47582     28800     64800               
99        1         51.14147  4.92836   0         717       0         1191      0         86400     28800     59400               
100       0         50.75260  6.17791   0         779       0         257       0         47804     36000     50399               
101       1         51.05672  4.47686   1         979       79        0         0         86400     28800     64800               
102       0         51.19302  4.11602   1         1002      740       0         0         86400     28800     64800               
103       1         50.52217  4.72081   0         899       0         124       0         86400     28800     61199               
104       1         51.15451  4.58919   1         1002      195       0         0         86400     28800     64800               
105       0         50.61205  4.28897   1         894       945       0         0         86400     28800     64800               
106       1         50.43685  6.16127   0         786       0         737       0         86400     41400     52200               
107       0         50.92954  6.39306   1         737       671       0         0         86400     28800     64800               
108       2         51.15930  4.18220   1         794       241       0         0         86400     28800     64800               
109       0         50.55718  5.69154   1         679       908       0         0         86400     28800     64800               
110       2         51.13133  3.79544   0         782       0         679       0         74775     28800     64800               
111       0         50.88643  5.91316   1         688       443       0         0         86400     28800     64800               
112       0         50.71633  6.13886   0         940       0         178       0         46863     28800     61199               
113       1         51.23356  4.53792   1         949       281       0         0         86400     28800     64800               
114       0         51.09561  3.43843   0         912       0         196       0         77394     46800     57600               
115       0         51.07208  6.02486   1         562       198       0         0         86400     28800     64800               
116       2         51.03765  5.51523   0         744       0         384       0         74620     28800     64800               
117       0         50.60247  3.71071   1         830       627       0         0         86400     28800     64800               
118       2         50.92963  4.04415   1         683       29        0         0         86400     28800     64800               
119       2         50.91156  3.07684   1         749       652       0         0         86400     28800     64800               
120       1         51.00873  4.46574   1         898       70        0         0         86400     36000     64800               
121       0         51.29421  4.91614   0         1027      0         186       0         86400     28800     61199               
122       0         50.78186  4.29179   1         755       685       0         0         86400     28800     64800               
123       0         50.87224  6.38950   0         1041      0         897       0         57428     46800     61199               
124       0         50.95770  5.32637   1         673       69        0         0         86400     28800     64800               
125       0         51.01577  5.52596   1         780       508       0         0         86400     28800     64800               
126       2         51.23740  3.23383   1         799       255       0         0         86400     28800     64800               
127       2         51.07757  3.61330   0         1141      0         99        0         86400     28800     59400               
128       0         51.29706  4.95582   0         904       0         833       0         68873     28800     61199               
129       0         50.91932  3.21413   1         819       1114      0         0         86400     28800     64800               
130       0         50.62653  6.02989   1         777       318       0         0         86400     28800     64800               
131       0         50.76235  4.97650   0         787       0         165       0         86400     46800     61199               
132       2         50.89928  4.33775   1         882       178       0         0         86400     28800     64800               
133       0         50.47442  4.47751   0         693       0         2080      0         59273     28800     61199               