BE_TU_0_R 2 6 31 123

[Vehicle Types] - ID_veh_type, fixed_cost, variable_cost, speed, capacity, alpha, beta, max_time, max_drive_time
0         20        1.5       70        3200      2240      2240      46800     32400     
1         20        2.25      50        13600     9520      9520      46800     32400       

[Number of Vehicle Types] - ID_veh_type, ID_depot, number_of_vehicles
0	0	8
0	1	4
0	2	3
1	0	4
1	1	3
1	2	4

[Scheduled Lines] - ID_from, ID_to, cost_per_req, capacity, dep_time, arr_time
0	2	0.021	3200	5400	16200
0	2	0.021	3200	6300	17100
0	2	0.021	3200	63000	73800
0	2	0.021	3200	70200	81000
0	2	0.021	3200	82800	86400
0	1	0.013	3200	2700	9900
0	1	0.013	3200	9000	16200
0	1	0.013	3200	64800	72000
0	1	0.013	3200	70200	77400
0	1	0.013	3200	77400	84600
2	0	0.021	3200	5400	16200
2	0	0.021	3200	63000	73800
2	0	0.021	3200	69300	80100
2	0	0.021	3200	76500	86400
2	0	0.021	3200	79200	86400
2	1	0.011	3200	0	7200
2	1	0.011	3200	0	7200
2	1	0.011	3200	9000	16200
2	1	0.011	3200	63000	72000
2	1	0.011	3200	66600	73800
2	1	0.011	3200	68400	75600
2	1	0.011	3200	72900	80100
1	2	0.011	3200	8100	15300
1	2	0.011	3200	9900	17100
1	2	0.011	3200	63900	71100
1	2	0.011	3200	68400	75600
1	2	0.011	3200	76500	83700
1	0	0.013	3200	0	7200
1	0	0.013	3200	61200	68400
1	0	0.013	3200	68400	75600
1	0	0.013	3200	79200	86400

[Nodes/requests]: ID_node, ID_depot, lat, long, type, service_time, q_del, q_col, tw_depot_start, tw_depot_end, tw_cust_start, tw_cust_end, PC
0         0         50.62339  5.97155   -1        0         0         0         0         86400     0         86400
1         1         51.03449  4.45489   -1        0         0         0         0         86400     0         86400
2         2         50.82645  3.32871   -1        0         0         0         0         86400     0         86400
3         2         51.21462  3.19825   1         712       682       0         9381      86400     28800     64800               
4         0         50.78151  6.04297   0         932       0         235       0         52757     28800     54000               
5         0         50.76929  6.20038   1         997       167       0         0         86400     28800     64800               
6         0         51.03937  6.01628   0         752       0         116       0         57075     46800     57600               
7         0         50.81190  6.14034   1         678       2561      0         0         86400     28800     64800               
8         2         50.83457  3.59054   0         682       0         1947      0         65021     28800     50399               
9         2         50.46696  5.87546   1         637       100       0         0         86400     28800     57600               
10        0         50.89317  4.29580   1         989       375       0         5637      86400     28800     64800               
11        1         50.67777  4.22279   1         754       289       0         0         86400     28800     64800               
12        2         50.73846  3.94771   1         702       136       0         0         86400     28800     64800               
13        0         50.96917  6.09643   1         766       601       0         6252      86400     28800     64800               
14        2         50.04502  4.18979   1         682       3160      0         20497     86400     28800     64800               
15        0         51.22302  4.54423   1         1047      370       0         0         86400     28800     64800               
16        0         50.63113  6.28965   1         1082      165       0         23246     86400     28800     64800               
17        0         50.89483  6.37313   0         881       0         1601      0         49380     28800     64800               
18        0         50.78634  3.01844   1         739       39        0         10010     86400     28800     64800               
19        0         50.49275  5.13295   0         871       0         187       0         86400     28800     61199               
20        2         50.85245  2.89990   1         877       87        0         0         86400     28800     64800               
21        0         50.21482  5.31025   0         879       0         766       0         56202     28800     61199               
22        0         49.96654  5.85200   1         716       836       0         0         86400     32400     64800               
23        2         51.06397  3.78568   1         686       193       0         0         86400     28800     64800               
24        1         50.99626  5.35733   0         705       0         3066      0         77071     28800     61199               
25        0         50.84129  6.27933   0         881       0         210       0         70954     39599     57600               
26        2         51.16530  2.92294   0         765       0         168       0         86400     55799     57600               
27        0         51.09531  6.11902   1         712       159       0         0         86400     28800     64800               
28        1         50.95814  3.80093   1         603       10        0         9875      86400     28800     64800               
29        0         50.86088  6.36280   1         865       818       0         13680     86400     28800     64800               
30        1         51.32357  4.95225   1         1047      313       0         0         86400     28800     64800               
31        1         50.80401  4.34332   1         650       2207      0         0         86400     28800     64800               
32        0         51.09151  3.77803   1         744       511       0         0         86400     28800     54000               
33        2         50.82563  3.30917   1         895       2311      0         20817     86400     28800     64800               
34        1         50.79968  3.17613   1         806       3287      0         0         86400     28800     64800               
35        2         50.90247  3.07802   1         854       96        0         16801     86400     28800     64800               
36        2         51.16623  3.48820   1         810       521       0         0         86400     28800     64800               
37        0         50.78762  6.07839   1         805       495       0         14668     86400     28800     64800               
38        0         50.76756  6.19667   0         788       0         2028      0         86400     52200     57600               
39        2         50.96925  3.11365   1         797       140       0         0         86400     28800     64800               
40        0         50.89234  2.86765   0         719       0         1388      0         86400     30600     59400               
41        0         50.76039  6.12807   1         738       371       0         0         86400     28800     64800               
42        0         50.75916  6.09034   1         881       225       0         0         86400     28800     64800               
43        1         50.79322  4.92968   0         970       0         288       0         62196     28800     59400               
44        2         50.74634  5.14469   0         895       0         563       0         86400     28800     61199               
45        0         50.88491  5.69838   1         871       1089      0         0         86400     28800     64800               
46        0         50.67258  6.21839   0         780       0         275       0         48598     28800     54000               
47        2         50.90820  3.95941   0         826       0         617       0         67968     43200     54000               
48        0         50.94980  5.34228   1         974       818       0         0         86400     28800     64800               
49        0         51.37032  4.75367   1         773       184       0         0         86400     32400     43200               
50        2         50.81650  3.21140   1         599       893       0         19972     86400     28800     64800               
51        0         50.88060  6.42545   0         900       0         743       0         48990     28800     64800               
52        0         50.75766  6.07171   1         666       468       0         14757     86400     28800     64800               
53        0         51.03705  5.81449   1         983       821       0         0         86400     28800     43200               
54        0         50.80533  6.04130   1         997       635       0         0         86400     28800     64800               
55        1         50.97447  4.55710   0         764       0         2045      0         86400     28800     57600               
56        2         51.10401  3.80344   0         984       0         182       0         61675     36000     43200               
57        0         50.70529  4.36630   0         894       0         354       0         86400     50399     61199               
58        0         50.76589  6.10744   1         579       508       0         4508      86400     28800     64800               
59        2         51.13461  3.79925   0         780       0         748       0         58583     36000     43200               
60        0         50.89569  3.26033   1         902       95        0         0         86400     28800     64800               
61        1         50.88465  4.51767   1         613       306       0         7050      86400     28800     64800               
62        0         50.73259  3.82486   1         1108      91        0         0         86400     28800     36000               
63        0         50.67115  5.96321   0         927       0         309       0         62225     36000     54000               
64        0         50.49738  6.17563   0         915       0         213       0         86400     50399     52200               
65        1         50.83981  4.72632   0         1003      0         3105      0         86400     28800     64800               
66        2         50.86778  3.26904   0         863       0         110       0         65182     28800     59400               
67        0         51.03018  5.70566   1         878       114       0         15736     86400     28800     64800               
68        1         50.60800  3.30988   0         843       0         1921      0         76820     30600     55799               
69        1         51.21785  4.54360   1         723       957       0         0         86400     28800     64800               
70        0         51.05897  5.78816   1         622       338       0         0         86400     28800     64800               
71        2         50.83981  3.58613   0         791       0         207       0         59724     28800     61199               
72        0         50.19988  5.34155   0         851       0         2862      0         59428     28800     61199               
73        0         50.76434  6.19019   1         783       520       0         24021     86400     28800     64800               
74        0         50.52935  6.23149   1         955       99        0         0         86400     28800     64800               
75        1         50.94085  4.48044   1         829       279       0         0         86400     28800     64800               
76        0         50.81822  6.12930   0         925       0         735       0         57070     28800     57600               
77        1         51.31129  4.71893   1         756       2177      0         6748      86400     28800     64800               
78        0         50.88655  6.43009   0         912       0         1455      0         48997     28800     64800               
79        0         51.16743  3.23097   0         885       0         809       0         86400     28800     59400               
80        0         51.00536  6.20432   0         723       0         2236      0         49818     41999     61199               
81        0         50.82318  5.26066   1         1070      1766      0         0         86400     28800     64800               
82        1         50.92130  4.39915   1         669       71        0         0         86400     28800     64800               
83        0         50.80359  6.11043   1         927       109       0         11142     86400     28800     64800               
84        1         51.05316  5.06115   1         763       2187      0         0         86400     28800     64800               
85        0         50.88406  6.41184   1         815       690       0         0         86400     28800     64800               
86        1         51.27371  4.89950   0         750       0         915       0         79862     28800     64800               
87        0         50.79079  6.04848   1         846       89        0         8068      86400     28800     64800               
88        2         51.16893  3.20586   1         812       729       0         0         86400     28800     64800               
89        0         50.42666  6.15348   0         912       0         3148      0         48671     28800     52200               
90        1         51.05100  6.24475   0         905       0         2920      0         86400     28800     57600               
91        2         50.85772  3.29486   0         510       0         1826      0         68185     48600     57600               
92        1         50.84651  4.35084   1         720       460       0         17159     86400     28800     64800               
93        0         50.74533  6.16502   1         896       2569      0         0         86400     28800     64800               
94        2         50.62295  5.43104   1         806       1240      0         0         86400     28800     64800               
95        0         50.96253  6.11277   0         715       0         308       0         54156     46800     54000               
96        2         50.73673  3.67148   1         898       10        0         0         86400     28800     64800               
97        0         50.63970  5.47805   1         732       544       0         0         86400     28800     64800               
98        0         49.99629  4.91949   1         1025      89        0         0         86400     43200     57600               
99        0         51.13368  4.34009   1         1071      998       0         0         86400     28800     64800               
100       2         51.27646  3.16072   0         764       0         1443      0         71294     32400     57600               
101       2         50.39847  4.47408   1         758       682       0         0         86400     28800     64800               
102       0         51.03875  4.35035   0         914       0         1414      0         86400     28800     64800               
103       1         51.12956  4.93731   1         978       162       0         0         86400     28800     64800               
104       2         51.20298  4.16087   0         913       0         776       0         70636     28800     64800               
105       2         51.02246  4.15749   1         900       1893      0         0         86400     28800     64800               
106       1         50.90133  4.22827   0         846       0         2114      0         86400     28800     57600               
107       0         50.80504  3.58417   1         932       30        0         10155     86400     28800     64800               
108       0         50.94466  4.03815   1         572       57        0         9976      86400     28800     64800               
109       0         50.79797  6.09241   1         879       87        0         0         86400     28800     64800               
110       0         51.02822  3.76976   1         973       536       0         9088      86400     28800     64800               
111       0         50.77525  6.26128   1         725       115       0         0         86400     28800     64800               
112       1         50.77209  4.95470   1         1043      313       0         0         86400     28800     64800               
113       0         50.91630  4.44943   1         635       701       0         0         86400     28800     46800               
114       1         51.03750  3.73912   1         775       1299      0         0         86400     28800     64800               
115       0         50.67253  5.57327   1         605       2535      0         10790     86400     28800     64800               
116       0         51.10571  6.25286   1         857       73        0         0         86400     28800     64800               
117       2         51.12817  3.80716   1         849       1939      0         0         86400     28800     64800               
118       0         51.19186  5.26744   1         1008      394       0         0         86400     28800     64800               
119       0         51.10078  3.41925   0         693       0         1566      0         86400     28800     61199               
120       0         51.06966  6.27199   1         808       879       0         13118     86400     28800     64800               
121       0         50.97404  5.22097   1         750       217       0         0         86400     28800     64800               
122       0         50.80453  6.05599   1         700       85        0         5264      86400     28800     64800               