BE_TU_3_R 2 6 31 142

[Vehicle Types] - ID_veh_type, fixed_cost, variable_cost, speed, capacity, alpha, beta, max_time, max_drive_time
0         20        1.5       70        3200      2240      2240      46800     32400     
1         20        2.25      50        13600     9520      9520      46800     32400       

[Number of Vehicle Types] - ID_veh_type, ID_depot, number_of_vehicles
0	0	8
0	1	4
0	2	3
1	0	4
1	1	3
1	2	4

[Scheduled Lines] - ID_from, ID_to, cost_per_req, capacity, dep_time, arr_time
0	2	0.021	3200	5400	16200
0	2	0.021	3200	6300	17100
0	2	0.021	3200	63000	73800
0	2	0.021	3200	70200	81000
0	2	0.021	3200	82800	86400
0	1	0.013	3200	2700	9900
0	1	0.013	3200	9000	16200
0	1	0.013	3200	64800	72000
0	1	0.013	3200	70200	77400
0	1	0.013	3200	77400	84600
2	0	0.021	3200	5400	16200
2	0	0.021	3200	63000	73800
2	0	0.021	3200	69300	80100
2	0	0.021	3200	76500	86400
2	0	0.021	3200	79200	86400
2	1	0.011	3200	0	7200
2	1	0.011	3200	0	7200
2	1	0.011	3200	9000	16200
2	1	0.011	3200	63000	72000
2	1	0.011	3200	66600	73800
2	1	0.011	3200	68400	75600
2	1	0.011	3200	72900	80100
1	2	0.011	3200	8100	15300
1	2	0.011	3200	9900	17100
1	2	0.011	3200	63900	71100
1	2	0.011	3200	68400	75600
1	2	0.011	3200	76500	83700
1	0	0.013	3200	0	7200
1	0	0.013	3200	61200	68400
1	0	0.013	3200	68400	75600
1	0	0.013	3200	79200	86400

[Nodes/requests]: ID_node, ID_depot, lat, long, type, service_time, q_del, q_col, tw_depot_start, tw_depot_end, tw_cust_start, tw_cust_end, PC
0         0         50.63602  6.05638   -1        0         0         0         0         86400     0         86400
1         1         51.03328  4.46497   -1        0         0         0         0         86400     0         86400
2         2         50.83050  3.31029   -1        0         0         0         0         86400     0         86400
3         0         50.82206  6.28932   0         866       0         734       0         53755     39599     61199               
4         0         50.89119  6.19120   1         979       238       0         0         86400     28800     64800               
5         0         50.92021  6.30305   1         1068      10        0         0         86400     28800     64800               
6         0         50.98438  6.11501   0         885       0         134       0         48534     37800     61199               
7         0         50.88520  4.72286   1         953       456       0         0         86400     28800     64800               
8         0         50.73920  6.28808   1         1068      233       0         6283      86400     28800     64800               
9         1         51.08107  4.90391   1         766       188       0         15801     86400     28800     64800               
10        2         51.11879  4.15429   0         720       0         1533      0         63455     28800     64800               
11        1         51.08569  4.43196   1         878       1024      0         0         86400     28800     64800               
12        0         50.29700  5.10843   1         768       897       0         0         86400     36000     64800               
13        2         50.77304  3.28705   0         800       0         1044      0         86400     28800     54000               
14        0         50.84474  6.25771   1         1172      3217      0         0         86400     28800     64800               
15        0         50.44579  4.55081   1         871       353       0         6686      86400     28800     64800               
16        1         51.00566  6.27055   0         667       0         105       0         77451     43200     54000               
17        0         51.07795  3.66657   1         1018      78        0         0         86400     28800     64800               
18        2         50.98165  4.06533   0         733       0         206       0         65697     28800     54000               
19        1         51.12056  4.35135   0         931       0         2221      0         86400     28800     57600               
20        0         51.27501  4.92057   1         969       1148      0         10616     86400     28800     64800               
21        0         50.77869  3.08816   1         956       675       0         0         86400     28800     64800               
22        1         50.84500  4.74623   0         900       0         378       0         81492     28800     64800               
23        0         50.72830  6.15161   1         913       959       0         10005     86400     28800     64800               
24        0         50.90474  4.39294   1         797       120       0         0         86400     28800     64800               
25        2         50.86859  2.89062   1         809       1259      0         0         86400     28800     64800               
26        2         51.19630  3.42155   0         878       0         1531      0         59547     46800     61199               
27        0         51.01852  5.67922   1         819       1088      0         0         86400     28800     64800               
28        1         50.83783  4.39098   1         920       67        0         0         86400     28800     64800               
29        0         50.80449  6.13804   1         794       116       0         0         86400     29700     58499               
30        0         50.43717  5.69237   0         920       0         2702      0         63315     28800     64800               
31        0         50.91178  4.40758   1         870       477       0         6155      86400     28800     64800               
32        1         51.12341  4.44818   0         879       0         364       0         63689     36000     61199               
33        0         50.88128  6.22944   0         769       0         177       0         61424     39599     57600               
34        2         51.12557  3.75330   0         850       0         945       0         67621     28800     64800               
35        1         50.65430  4.80343   0         854       0         196       0         59802     50399     61199               
36        1         50.73956  4.16717   1         978       3238      0         0         86400     28800     64800               
37        1         51.14865  4.42199   0         882       0         1140      0         78023     28800     64800               
38        0         51.07438  3.77982   1         863       2364      0         0         86400     28800     61199               
39        2         51.23126  4.23457   0         1011      0         582       0         70350     28800     61199               
40        0         50.89596  6.07002   0         727       0         1229      0         54092     28800     57600               
41        0         50.77836  6.15977   1         956       409       0         0         86400     36000     57600               
42        0         50.88759  4.04761   0         780       0         764       0         86400     50399     57600               
43        2         50.79414  3.20179   1         623       212       0         19654     86400     28800     64800               
44        0         51.12195  3.12432   1         935       20        0         7874      86400     28800     64800               
45        2         50.81782  3.19727   0         809       0         1882      0         63155     28800     59400               
46        1         51.34222  4.52589   1         669       97        0         0         86400     28800     64800               
47        0         50.95313  5.23514   1         946       119       0         0         86400     28800     64800               
48        1         50.75801  4.23437   0         976       0         357       0         76434     28800     61199               
49        2         50.67956  3.90654   1         1126      658       0         0         86400     28800     64800               
50        1         51.32734  4.89630   0         922       0         383       0         57189     28800     50399               
51        2         50.84429  3.28438   0         715       0         190       0         86400     28800     54000               
52        0         50.80863  6.13642   1         651       610       0         0         86400     28800     36000               
53        0         50.30205  5.47303   1         740       59        0         18221     86400     28800     64800               
54        0         51.27845  4.71553   0         748       0         73        0         76514     46800     57600               
55        1         50.97622  4.63284   0         676       0         31        0         77833     32400     59400               
56        0         50.84604  6.11368   0         980       0         221       0         56718     46800     55799               
57        0         50.78850  3.07746   1         964       132       0         0         86400     28800     64800               
58        2         50.73726  4.57873   0         714       0         221       0         69614     30600     59400               
59        1         51.14943  4.93986   1         886       1053      0         0         86400     28800     64800               
60        2         50.62666  3.32273   1         786       9         0         0         86400     28800     64800               
61        1         51.09889  4.49150   0         838       0         342       0         61115     36000     57600               
62        1         50.87149  5.64306   0         806       0         1501      0         86400     28800     61199               
63        1         50.77261  6.22932   0         1083      0         194       0         86400     28800     52200               
64        0         50.94533  5.10135   0         1012      0         1543      0         86400     30600     61199               
65        0         50.61254  5.76891   1         783       242       0         16763     86400     28800     64800               
66        2         50.62500  6.03971   0         892       0         154       0         86400     28800     54000               
67        2         50.96241  4.03390   0         802       0         213       0         71908     28800     54000               
68        1         50.89255  3.02247   1         859       373       0         0         86400     28800     64800               
69        2         50.96957  3.10070   1         946       117       0         0         86400     28800     64800               
70        0         50.63880  6.03742   0         978       0         691       0         86400     37800     55799               
71        0         50.63368  6.30776   1         820       327       0         0         86400     28800     64800               
72        0         51.08912  6.30533   1         771       253       0         10703     86400     28800     64800               
73        0         50.55592  5.29174   1         777       302       0         0         86400     28800     64800               
74        1         50.93144  5.67438   0         963       0         741       0         86400     28800     61199               
75        0         50.59615  4.82841   1         807       110       0         0         86400     28800     64800               
76        0         50.64594  6.34492   1         818       331       0         16810     86400     28800     64800               
77        1         51.11656  4.43413   0         884       0         116       0         63691     36000     61199               
78        0         50.94371  5.95075   0         976       0         963       0         62280     43200     57600               
79        2         50.87506  3.40310   0         883       0         50        0         62209     30600     59400               
80        2         51.12499  3.79164   0         850       0         174       0         59339     28800     64800               
81        0         51.08831  6.26815   1         875       59        0         8998      86400     28800     64800               
82        1         50.45961  5.57293   1         799       638       0         0         86400     28800     61199               
83        0         50.83033  4.74791   1         963       173       0         0         86400     28800     64800               
84        0         50.71057  5.73867   1         777       238       0         0         86400     28800     64800               
85        2         50.90401  4.04482   0         743       0         2440      0         86400     54000     57600               
86        0         50.85811  6.27953   1         844       352       0         0         86400     28800     43200               
87        0         50.84941  4.40100   0         823       0         275       0         86400     28800     59400               
88        0         50.26044  6.11781   1         775       118       0         0         86400     28800     64800               
89        0         50.64153  6.26483   1         808       383       0         27976     86400     28800     64800               
90        1         51.12066  4.43324   0         901       0         1424      0         58205     28800     64800               
91        0         50.80965  3.23477   1         1027      154       0         0         86400     28800     64800               
92        0         50.79202  6.19168   0         964       0         944       0         86400     53099     55799               
93        2         51.08130  4.43224   0         890       0         729       0         86400     36000     61199               
94        1         50.88009  4.31303   0         707       0         20        0         75860     28800     54000               
95        0         50.89342  5.99951   1         1054      901       0         0         86400     28800     64800               
96        0         50.88135  6.02012   0         788       0         1674      0         68364     28800     54000               
97        0         51.28996  4.22101   0         963       0         3133      0         86400     28800     54000               
98        1         50.77591  4.56736   1         1147      60        0         0         86400     28800     64800               
99        1         50.60902  5.88506   0         619       0         1872      0         86400     28800     57600               
100       1         50.67548  6.03208   1         853       50        0         0         86400     28800     64800               
101       1         51.12169  4.35979   1         684       423       0         4873      86400     28800     64800               
102       0         50.75859  6.11238   1         584       51        0         0         86400     43200     57600               
103       2         51.29098  4.30027   1         768       488       0         0         86400     28800     64800               
104       2         51.10540  3.77335   0         857       0         2293      0         86400     28800     64800               
105       1         50.72516  4.64803   1         737       491       0         0         86400     28800     64800               
106       0         50.60704  6.05008   0         948       0         767       0         61181     50399     55799               
107       1         51.28729  4.31971   1         890       1057      0         0         86400     28800     64800               
108       0         50.42204  6.02434   1         841       29        0         0         86400     36000     64800               
109       1         51.30012  4.92093   0         830       0         945       0         81695     28800     64800               
110       2         50.95266  3.50270   0         868       0         382       0         64202     43200     59400               
111       0         50.81575  6.06762   0         967       0         116       0         86400     48600     57600               
112       0         50.95787  3.12326   1         610       846       0         0         86400     28800     64800               
113       0         51.05541  6.20700   0         807       0         1110      0         63312     28800     55799               
114       0         50.62472  5.77352   0         708       0         826       0         62941     36000     61199               
115       2         51.16207  4.16580   0         1021      0         281       0         61288     28800     64800               
116       1         51.13968  4.47045   0         770       0         353       0         63686     36000     61199               
117       0         50.89622  5.96941   0         739       0         760       0         63202     43200     57600               
118       2         50.80231  3.87653   1         906       156       0         0         86400     28800     64800               
119       2         50.89067  3.22199   1         859       200       0         0         86400     28800     64800               
120       2         51.12756  3.77893   0         890       0         375       0         60836     28800     64800               
121       0         50.79974  6.19615   0         747       0         354       0         61894     53099     55799               
122       0         51.08131  6.14052   1         881       2624      0         4142      86400     28800     64800               
123       2         50.87857  3.38684   0         915       0         161       0         82679     28800     54000               
124       1         50.68040  4.24014   1         809       195       0         0         86400     28800     64800               
125       1         51.32610  4.92463   1         1016      703       0         5570      86400     28800     64800               
126       0         50.75357  4.21316   1         837       9         0         7934      86400     28800     64800               
127       2         50.94364  5.95315   0         865       0         707       0         74879     43200     57600               
128       0         50.85319  5.89795   1         949       206       0         0         86400     28800     64800               
129       1         51.08051  6.12755   0         709       0         191       0         73505     39599     54000               
130       0         50.76535  6.14079   1         646       2195      0         16145     86400     28800     64800               
131       2         51.11762  3.76182   0         834       0         260       0         58781     28800     64800               
132       2         51.07057  3.69899   1         786       119       0         7828      86400     28800     64800               
133       0         51.06558  4.13106   1         760       112       0         0         86400     28800     64800               
134       0         50.86548  6.08890   1         703       549       0         28257     86400     28800     64800               
135       1         50.76710  4.63640   0         813       0         203       0         86400     28800     57600               
136       0         50.40141  5.98768   1         864       325       0         21227     86400     28800     64800               
137       0         51.11031  3.69773   1         735       362       0         0         86400     28800     34199               
138       0         50.83182  6.36234   0         742       0         526       0         61348     32400     54000               
139       2         50.93437  3.13655   1         879       83        0         0         86400     28800     64800               
140       0         50.60598  5.54670   0         964       0         1347      0         60186     50399     64800               
141       2         50.94275  4.06658   1         1045      105       0         0         86400     28800     64800               