BE_WE_0_R 2 6 31 130

[Vehicle Types] - ID_veh_type, fixed_cost, variable_cost, speed, capacity, alpha, beta, max_time, max_drive_time
0         20        1.5       70        3200      2240      2240      46800     32400     
1         20        2.25      50        13600     9520      9520      46800     32400       

[Number of Vehicle Types] - ID_veh_type, ID_depot, number_of_vehicles
0	0	8
0	1	4
0	2	3
1	0	4
1	1	3
1	2	4

[Scheduled Lines] - ID_from, ID_to, cost_per_req, capacity, dep_time, arr_time
0	2	0.021	3200	5400	16200
0	2	0.021	3200	6300	17100
0	2	0.021	3200	63000	73800
0	2	0.021	3200	70200	81000
0	2	0.021	3200	82800	86400
0	1	0.013	3200	2700	9900
0	1	0.013	3200	9000	16200
0	1	0.013	3200	64800	72000
0	1	0.013	3200	70200	77400
0	1	0.013	3200	77400	84600
2	0	0.021	3200	5400	16200
2	0	0.021	3200	63000	73800
2	0	0.021	3200	69300	80100
2	0	0.021	3200	76500	86400
2	0	0.021	3200	79200	86400
2	1	0.011	3200	0	7200
2	1	0.011	3200	0	7200
2	1	0.011	3200	9000	16200
2	1	0.011	3200	63000	72000
2	1	0.011	3200	66600	73800
2	1	0.011	3200	68400	75600
2	1	0.011	3200	72900	80100
1	2	0.011	3200	8100	15300
1	2	0.011	3200	9900	17100
1	2	0.011	3200	63900	71100
1	2	0.011	3200	68400	75600
1	2	0.011	3200	76500	83700
1	0	0.013	3200	0	7200
1	0	0.013	3200	61200	68400
1	0	0.013	3200	68400	75600
1	0	0.013	3200	79200	86400

[Nodes/requests]: ID_node, ID_depot, lat, long, type, service_time, q_del, q_col, tw_depot_start, tw_depot_end, tw_cust_start, tw_cust_end, PC
0         0         50.61840  5.99340   -1        0         0         0         0         86400     0         86400
1         1         51.04317  4.43039   -1        0         0         0         0         86400     0         86400
2         2         50.81040  3.32846   -1        0         0         0         0         86400     0         86400
3         2         50.92892  3.98552   0         728       0         380       0         71976     43200     54000               
4         0         50.90682  6.10763   1         933       78        0         11969     86400     28800     64800               
5         0         50.90093  6.16487   1         874       68        0         11944     86400     28800     64800               
6         1         50.92732  5.50344   1         955       920       0         0         86400     28800     64800               
7         1         50.87250  4.77165   0         642       0         361       0         86400     28800     64800               
8         1         51.10709  4.95379   1         655       138       0         0         86400     28800     64800               
9         0         50.79580  6.13271   1         942       39        0         23375     86400     28800     64800               
10        2         50.99953  3.81193   1         628       940       0         0         86400     28800     61199               
11        2         51.31487  4.94810   0         986       0         718       0         80501     28800     54000               
12        1         51.18124  4.79458   1         822       60        0         0         86400     28800     64800               
13        0         51.20300  4.19421   0         751       0         463       0         86400     28800     54000               
14        2         50.75718  3.45343   1         883       70        0         0         86400     28800     64800               
15        0         50.98150  5.69155   0         742       0         395       0         50467     28800     64800               
16        0         51.10891  5.18682   1         631       93        0         0         86400     28800     64800               
17        0         50.64165  5.89119   0         894       0         1267      0         49788     28800     57600               
18        0         50.84830  6.32133   1         879       1424      0         24080     86400     28800     64800               
19        0         50.99903  6.28380   1         1007      80        0         4259      86400     28800     64800               
20        2         50.86410  3.87378   1         792       71        0         20041     86400     28800     64800               
21        0         50.83733  4.41863   1         734       1099      0         0         86400     28800     64800               
22        2         51.14113  4.23436   0         975       0         1246      0         69133     28800     64800               
23        0         50.78051  6.10659   1         957       40        0         0         86400     32400     50399               
24        0         50.25475  5.34541   1         788       29        0         0         86400     28800     64800               
25        0         50.89011  5.68085   0         672       0         127       0         53192     28800     57600               
26        2         51.00907  5.37363   0         634       0         980       0         86400     28800     61199               
27        2         50.77729  3.21998   0         958       0         718       0         62482     28800     61199               
28        0         50.82423  6.11808   1         727       332       0         0         86400     28800     64800               
29        0         51.07432  6.12300   0         927       0         169       0         55350     28800     64800               
30        1         50.70233  4.15525   1         681       628       0         0         86400     28800     64800               
31        2         50.47372  4.13409   0         620       0         706       0         73062     28800     61199               
32        0         51.10223  4.94408   1         878       91        0         0         86400     28800     64800               
33        0         51.11355  4.48006   1         588       112       0         0         86400     28800     64800               
34        1         50.99261  5.82696   0         724       0         1026      0         74423     28800     61199               
35        2         50.91890  3.34300   0         1047      0         59        0         56990     28800     57600               
36        1         51.39121  4.86668   1         742       1639      0         0         86400     28800     64800               
37        2         50.79969  3.06968   0         792       0         145       0         67204     28800     59400               
38        0         50.44762  5.71436   0         782       0         683       0         62503     50399     57600               
39        0         50.45711  4.14756   1         986       260       0         0         86400     28800     64800               
40        2         50.88025  4.04686   0         776       0         585       0         68726     50399     57600               
41        1         50.73530  4.49204   1         795       123       0         0         86400     28800     64800               
42        0         51.10889  5.91464   0         686       0         375       0         48274     36000     61199               
43        0         50.92547  6.12516   1         821       352       0         0         86400     28800     64800               
44        0         50.60590  5.58210   0         816       0         287       0         47537     28800     64800               
45        2         50.41340  4.21938   1         896       135       0         0         86400     28800     61199               
46        0         50.94940  4.80443   1         778       122       0         0         86400     28800     64800               
47        0         50.72999  2.91393   1         723       992       0         0         86400     28800     64800               
48        2         50.93130  3.26950   0         819       0         2177      0         68631     28800     57600               
49        1         50.44047  5.75021   0         705       0         368       0         86400     50399     59400               
50        0         51.02348  6.20581   1         757       1666      0         0         86400     28800     64800               
51        0         51.05069  5.82151   1         851       80        0         0         86400     28800     64800               
52        1         51.10647  4.35188   0         920       0         1092      0         58954     28800     61199               
53        1         51.28496  5.49800   1         784       83        0         7858      86400     28800     64800               
54        0         50.78155  6.11827   1         748       777       0         0         86400     28800     57600               
55        1         51.30468  4.95185   0         977       0         1397      0         60346     28800     50399               
56        0         50.82733  5.52434   1         885       393       0         0         86400     28800     64800               
57        1         51.20886  4.50459   1         686       1262      0         0         86400     28800     64800               
58        0         50.85799  6.41525   0         728       0         176       0         86400     28800     52200               
59        0         50.66928  5.45082   1         904       2633      0         5989      86400     28800     64800               
60        1         50.95775  4.45138   1         701       188       0         11111     86400     28800     64800               
61        0         50.77442  6.11619   1         897       470       0         0         86400     28800     64800               
62        1         50.91661  4.43214   0         850       0         387       0         65719     28800     64800               
63        0         50.63324  5.99416   0         1114      0         250       0         86400     28800     64800               
64        2         50.88126  5.99666   0         920       0         178       0         86400     44999     55799               
65        0         50.97982  6.13998   1         781       999       0         18389     86400     28800     64800               
66        1         51.28769  4.92186   0         931       0         238       0         62591     28800     50399               
67        1         51.13184  4.42750   0         795       0         761       0         86400     28800     57600               
68        2         51.07961  3.70779   1         865       102       0         0         86400     28800     64800               
69        0         50.50256  5.40434   1         997       190       0         0         86400     28800     57600               
70        0         51.27316  4.55156   0         623       0         264       0         86400     48600     57600               
71        0         50.55775  6.32115   1         844       555       0         0         86400     28800     64800               
72        0         50.86490  6.10643   1         691       279       0         0         86400     28800     64800               
73        0         50.57624  4.51015   0         821       0         1456      0         86400     28800     57600               
74        0         50.99285  4.80163   1         943       160       0         0         86400     28800     64800               
75        1         50.87497  4.42671   1         863       385       0         0         86400     32400     57600               
76        1         50.94647  4.60225   0         924       0         9         0         86400     32400     59400               
77        0         50.85403  6.21981   1         1027      472       0         0         86400     28800     64800               
78        0         50.87763  4.48289   0         805       0         167       0         86400     32400     57600               
79        0         51.12778  5.88636   1         841       2046      0         0         86400     28800     64800               
80        0         51.07272  6.23553   1         784       70        0         17781     86400     28800     64800               
81        1         51.05588  4.52389   1         952       47        0         7628      86400     28800     64800               
82        2         50.87521  5.64335   0         615       0         245       0         86400     28800     64800               
83        0         50.92480  6.32617   1         839       588       0         0         86400     28800     64800               
84        0         51.32037  4.85048   1         935       215       0         0         86400     28800     64800               
85        0         50.96828  6.19136   1         887       3099      0         0         86400     28800     64800               
86        0         50.76416  6.16926   1         633       208       0         6809      86400     28800     64800               
87        0         50.99324  6.13455   1         911       565       0         16717     86400     28800     64800               
88        2         50.99598  3.77058   0         797       0         727       0         86400     28800     64800               
89        0         50.64398  6.28561   1         593       1027      0         0         86400     28800     64800               
90        1         51.07602  4.77779   0         702       0         224       0         60626     32400     57600               
91        2         50.83967  2.90414   1         763       252       0         20423     86400     28800     64800               
92        2         50.51240  4.18547   1         855       3260      0         0         86400     28800     36000               
93        1         51.13873  4.61866   1         803       109       0         11510     86400     28800     64800               
94        0         50.68232  4.34818   1         907       108       0         0         86400     28800     64800               
95        0         51.09288  3.80057   0         924       0         762       0         86400     28800     57600               
96        0         51.01989  6.19098   1         1014      396       0         16712     86400     28800     64800               
97        0         50.93313  6.12594   1         854       248       0         0         86400     28800     57600               
98        0         50.59682  5.58276   0         838       0         116       0         47882     28800     64800               
99        2         50.78978  3.36605   0         969       0         343       0         60475     28800     61199               
100       0         50.77275  4.29774   1         770       951       0         0         86400     28800     64800               
101       2         50.86487  3.27565   1         718       956       0         0         86400     28800     64800               
102       2         50.79664  3.40549   1         905       652       0         4731      86400     28800     64800               
103       0         50.85080  4.73627   0         841       0         10        0         67895     28800     64800               
104       2         50.94707  3.54052   1         695       1736      0         0         86400     28800     64800               
105       0         50.80362  4.99440   0         826       0         252       0         86400     55799     59400               
106       2         51.16480  4.18528   1         955       2536      0         0         86400     28800     64800               
107       0         50.70633  5.57974   0         981       0         30        0         68204     28800     64800               
108       0         51.12702  4.85571   0         913       0         204       0         66528     32400     57600               
109       0         50.73002  4.27416   1         898       502       0         0         86400     28800     64800               
110       0         50.90006  3.41715   1         829       963       0         0         86400     28800     64800               
111       0         50.63040  6.34059   1         1085      987       0         0         86400     28800     64800               
112       2         51.09147  3.73693   0         831       0         1506      0         66770     28800     61199               
113       1         50.87887  4.52964   1         767       373       0         0         86400     28800     64800               
114       2         51.01050  5.49868   1         856       2696      0         0         86400     28800     64800               
115       0         51.05330  5.35191   0         794       0         457       0         86400     28800     61199               
116       1         51.05393  4.32576   1         871       275       0         8439      86400     28800     64800               
117       1         50.89361  4.72715   1         764       90        0         0         86400     39599     57600               
118       2         50.91158  4.06431   0         685       0         771       0         86400     54000     57600               
119       2         50.84793  2.83867   1         991       260       0         0         86400     48600     64800               
120       0         50.79566  6.11547   0         905       0         40        0         48587     28800     46800               
121       0         51.08440  3.75660   1         899       309       0         0         86400     28800     64800               
122       2         51.09966  4.21633   1         912       122       0         11754     86400     28800     64800               
123       0         50.89298  5.65792   0         889       0         1539      0         52146     28800     64800               
124       2         50.99983  3.71722   1         844       841       0         0         86400     28800     64800               
125       0         50.89571  6.43769   0         765       0         388       0         73097     28800     52200               
126       1         50.96497  4.25390   0         1187      0         89        0         86400     28800     61199               
127       2         50.82981  3.23333   0         897       0         1194      0         56101     28800     61199               
128       1         51.12235  4.59679   1         836       57        0         8297      86400     28800     64800               
129       1         50.95702  5.69756   0         627       0         764       0         74414     28800     61199               