BE_WE_3_R 2 6 31 112

[Vehicle Types] - ID_veh_type, fixed_cost, variable_cost, speed, capacity, alpha, beta, max_time, max_drive_time
0         20        1.5       70        3200      2240      2240      46800     32400     
1         20        2.25      50        13600     9520      9520      46800     32400       

[Number of Vehicle Types] - ID_veh_type, ID_depot, number_of_vehicles
0	0	8
0	1	4
0	2	3
1	0	4
1	1	3
1	2	4

[Scheduled Lines] - ID_from, ID_to, cost_per_req, capacity, dep_time, arr_time
0	2	0.021	3200	5400	16200
0	2	0.021	3200	6300	17100
0	2	0.021	3200	63000	73800
0	2	0.021	3200	70200	81000
0	2	0.021	3200	82800	86400
0	1	0.013	3200	2700	9900
0	1	0.013	3200	9000	16200
0	1	0.013	3200	64800	72000
0	1	0.013	3200	70200	77400
0	1	0.013	3200	77400	84600
2	0	0.021	3200	5400	16200
2	0	0.021	3200	63000	73800
2	0	0.021	3200	69300	80100
2	0	0.021	3200	76500	86400
2	0	0.021	3200	79200	86400
2	1	0.011	3200	0	7200
2	1	0.011	3200	0	7200
2	1	0.011	3200	9000	16200
2	1	0.011	3200	63000	72000
2	1	0.011	3200	66600	73800
2	1	0.011	3200	68400	75600
2	1	0.011	3200	72900	80100
1	2	0.011	3200	8100	15300
1	2	0.011	3200	9900	17100
1	2	0.011	3200	63900	71100
1	2	0.011	3200	68400	75600
1	2	0.011	3200	76500	83700
1	0	0.013	3200	0	7200
1	0	0.013	3200	61200	68400
1	0	0.013	3200	68400	75600
1	0	0.013	3200	79200	86400

[Nodes/requests]: ID_node, ID_depot, lat, long, type, service_time, q_del, q_col, tw_depot_start, tw_depot_end, tw_cust_start, tw_cust_end, PC
0         0         50.63777  6.03640   -1        0         0         0         0         86400     0         86400
1         1         51.08840  4.45512   -1        0         0         0         0         86400     0         86400
2         2         50.82200  3.35259   -1        0         0         0         0         86400     0         86400
3         1         51.00100  4.71469   1         893       191       0         0         86400     28800     64800               
4         0         50.49728  5.68701   1         817       713       0         0         86400     28800     64800               
5         1         51.13388  4.45461   1         975       2143      0         0         86400     28800     64800               
6         1         50.93052  5.69108   0         842       0         1543      0         86400     28800     57600               
7         1         50.78391  5.55194   1         928       323       0         0         86400     28800     64800               
8         0         50.70421  3.82342   1         936       9         0         0         86400     28800     36000               
9         0         50.47690  4.13087   0         758       0         384       0         86400     30600     59400               
10        1         50.58162  4.37546   1         864       2287      0         0         86400     28800     64800               
11        1         50.90860  4.62409   1         861       118       0         0         86400     28800     64800               
12        2         51.13783  3.80611   0         750       0         1135      0         56251     28800     64800               
13        2         50.93987  4.01590   1         748       2154      0         0         86400     28800     64800               
14        0         50.77314  6.13258   0         746       0         401       0         50563     37800     50399               
15        1         51.12861  3.68017   0         768       0         732       0         86400     28800     54000               
16        1         51.30860  4.93934   1         886       2233      0         0         86400     28800     64800               
17        0         51.13848  4.77774   1         859       249       0         0         86400     28800     64800               
18        1         50.80696  6.16332   1         853       238       0         0         86400     28800     64800               
19        1         51.32891  4.33171   0         779       0         759       0         61429     28800     54000               
20        2         50.97770  3.67976   1         865       2088      0         0         86400     28800     64800               
21        1         51.15053  4.92165   0         883       0         244       0         82050     36000     61199               
22        2         50.65266  3.31249   0         767       0         154       0         82704     28800     57600               
23        0         50.84012  6.17611   1         745       80        0         0         86400     28800     64800               
24        0         50.70314  6.15460   1         956       235       0         0         86400     28800     64800               
25        2         50.76411  3.16049   0         801       0         970       0         86400     28800     61199               
26        1         50.80190  3.20716   1         942       3280      0         0         86400     28800     64800               
27        0         50.79369  3.38210   1         936       871       0         0         86400     28800     64800               
28        0         50.81599  6.24397   1         773       593       0         13397     86400     28800     64800               
29        1         50.99242  4.36987   1         699       145       0         0         86400     28800     64800               
30        1         50.85961  4.66740   1         714       235       0         0         86400     28800     64800               
31        0         51.00330  3.38553   1         604       77        0         0         86400     28800     64800               
32        2         50.83232  3.17670   1         758       886       0         0         86400     28800     64800               
33        0         51.13648  4.18032   0         790       0         2317      0         86400     28800     59400               
34        0         51.09998  6.31478   1         879       299       0         23093     86400     28800     64800               
35        2         51.34734  3.16624   1         838       230       0         0         86400     28800     64800               
36        0         50.99303  5.95131   1         769       944       0         0         86400     28800     64800               
37        0         50.98988  5.69879   1         786       2919      0         0         86400     28800     36000               
38        1         50.87292  5.77893   0         645       0         294       0         86400     36000     57600               
39        1         50.45635  4.40979   1         695       1139      0         0         86400     28800     64800               
40        1         50.96212  5.25177   1         925       747       0         0         86400     28800     64800               
41        1         51.02220  4.35033   0         849       0         710       0         81773     44999     59400               
42        0         50.95180  6.38139   1         830       259       0         0         86400     28800     43200               
43        0         50.92256  6.33537   1         888       468       0         6475      86400     28800     64800               
44        0         51.24930  4.28858   1         813       204       0         0         86400     28800     64800               
45        2         51.17488  3.15468   1         914       236       0         0         86400     28800     64800               
46        2         51.25638  4.20694   0         1029      0         10        0         86400     28800     61199               
47        0         51.07018  6.12088   1         791       263       0         18310     86400     28800     64800               
48        1         50.73477  3.20155   1         874       3227      0         0         86400     28800     64800               
49        2         50.51242  3.82952   0         980       0         304       0         86400     28800     57600               
50        0         50.67969  5.49852   0         766       0         1071      0         58997     41400     61199               
51        0         50.78903  6.22055   0         802       0         3250      0         56762     28800     64800               
52        0         50.49560  4.11888   1         722       1119      0         0         86400     28800     64800               
53        0         51.02946  4.03555   1         707       633       0         0         86400     39599     61199               
54        1         50.65438  5.73513   0         888       0         203       0         86400     43200     61199               
55        0         51.30102  4.27234   0         637       0         1057      0         86400     28800     64800               
56        0         50.83718  6.30802   1         1152      485       0         17004     86400     28800     64800               
57        0         51.13925  4.91993   1         715       587       0         0         86400     28800     64800               
58        1         51.01167  4.49932   1         881       38        0         0         86400     28800     64800               
59        0         50.56767  4.30433   1         808       282       0         0         86400     28800     64800               
60        2         51.08066  4.00958   0         1062      0         125       0         86400     30600     54000               
61        2         51.09077  4.61865   1         815       928       0         0         86400     28800     64800               
62        2         50.70853  3.81678   1         897       778       0         0         86400     28800     64800               
63        0         50.61499  5.89294   0         785       0         156       0         56903     28800     57600               
64        1         50.85440  4.50003   1         909       40        0         0         86400     28800     64800               
65        1         50.92077  5.25287   1         902       38        0         0         86400     28800     64800               
66        1         51.11985  4.95259   0         902       0         1789      0         70091     32400     61199               
67        0         50.61906  6.19025   0         742       0         58        0         50500     43200     54000               
68        0         51.15015  4.39693   1         923       610       0         0         86400     28800     64800               
69        0         50.57166  6.23693   1         900       79        0         0         86400     28800     64800               
70        1         51.22194  3.21949   0         722       0         20        0         86400     28800     61199               
71        2         50.74197  3.19702   1         615       265       0         0         86400     28800     64800               
72        1         51.09877  4.45335   0         820       0         754       0         67934     39599     61199               
73        0         51.13230  4.46666   1         757       614       0         0         86400     28800     64800               
74        0         50.21073  5.32519   1         888       292       0         0         86400     28800     64800               
75        2         50.78186  3.87598   0         822       0         2298      0         86400     28800     61199               
76        2         50.43607  4.48737   0         1066      0         159       0         74381     28800     61199               
77        0         50.96031  6.41996   1         872       254       0         0         86400     28800     64800               
78        0         51.04642  3.43430   1         794       1227      0         0         86400     28800     64800               
79        0         51.17766  5.49063   0         682       0         292       0         86400     28800     54000               
80        1         50.93548  4.44590   0         797       0         324       0         60528     43200     61199               
81        0         50.42402  5.67711   0         898       0         386       0         86400     30600     57600               
82        2         51.06986  3.64788   1         931       1166      0         0         86400     28800     64800               
83        2         51.20894  3.48158   0         1071      0         720       0         86400     46800     61199               
84        2         51.14318  4.20853   0         648       0         319       0         64995     28800     64800               
85        0         50.90314  5.64866   1         892       60        0         0         86400     28800     64800               
86        0         50.75546  5.53855   1         735       506       0         0         86400     28800     64800               
87        0         50.79268  6.24915   1         688       262       0         6429      86400     28800     64800               
88        0         51.12443  4.34422   1         704       660       0         0         86400     28800     64800               
89        0         51.06652  6.30668   1         572       1461      0         23789     86400     28800     64800               
90        0         50.07384  4.48599   1         807       395       0         0         86400     28800     64800               
91        1         51.17266  4.68796   1         753       3164      0         0         86400     28800     64800               
92        0         50.82146  6.24729   1         1035      99        0         22845     86400     28800     64800               
93        2         51.08067  4.82937   0         780       0         108       0         86400     32400     57600               
94        1         51.01951  5.55513   0         925       0         162       0         86400     28800     61199               
95        1         51.03446  4.35415   1         1050      1430      0         0         86400     32400     57600               
96        0         50.68304  6.03262   0         980       0         214       0         68772     55799     59400               
97        1         50.79458  3.19804   1         885       3135      0         0         86400     28800     64800               
98        0         50.38811  6.26791   1         691       108       0         0         86400     28800     64800               
99        2         51.08188  2.69833   1         1077      1613      0         0         86400     28800     64800               
100       2         50.25790  4.65667   1         643       309       0         0         86400     28800     64800               
101       1         51.11801  4.45525   0         964       0         745       0         67930     39599     61199               
102       0         51.06553  6.10593   0         892       0         170       0         51739     28800     64800               
103       2         50.85199  3.65715   1         900       247       0         0         86400     28800     64800               
104       2         51.10896  4.21411   0         1179      0         941       0         69916     28800     57600               
105       0         50.85149  2.90969   1         1077      628       0         0         86400     28800     64800               
106       1         50.93859  4.43799   0         639       0         2138      0         86400     28800     59400               
107       1         51.30672  4.92953   0         978       0         2691      0         61544     28800     61199               
108       2         50.89541  3.27254   1         754       50        0         0         86400     28800     64800               
109       1         50.94224  4.45894   1         817       103       0         0         86400     28800     64800               
110       0         50.75541  3.26416   1         797       2336      0         0         86400     28800     64800               
111       1         51.08141  3.77971   0         705       0         1309      0         86400     36000     43200               