BE_WE_4_R 2 6 31 135

[Vehicle Types] - ID_veh_type, fixed_cost, variable_cost, speed, capacity, alpha, beta, max_time, max_drive_time
0         20        1.5       70        3200      2240      2240      46800     32400     
1         20        2.25      50        13600     9520      9520      46800     32400       

[Number of Vehicle Types] - ID_veh_type, ID_depot, number_of_vehicles
0	0	8
0	1	4
0	2	3
1	0	4
1	1	3
1	2	4

[Scheduled Lines] - ID_from, ID_to, cost_per_req, capacity, dep_time, arr_time
0	2	0.021	3200	5400	16200
0	2	0.021	3200	6300	17100
0	2	0.021	3200	63000	73800
0	2	0.021	3200	70200	81000
0	2	0.021	3200	82800	86400
0	1	0.013	3200	2700	9900
0	1	0.013	3200	9000	16200
0	1	0.013	3200	64800	72000
0	1	0.013	3200	70200	77400
0	1	0.013	3200	77400	84600
2	0	0.021	3200	5400	16200
2	0	0.021	3200	63000	73800
2	0	0.021	3200	69300	80100
2	0	0.021	3200	76500	86400
2	0	0.021	3200	79200	86400
2	1	0.011	3200	0	7200
2	1	0.011	3200	0	7200
2	1	0.011	3200	9000	16200
2	1	0.011	3200	63000	72000
2	1	0.011	3200	66600	73800
2	1	0.011	3200	68400	75600
2	1	0.011	3200	72900	80100
1	2	0.011	3200	8100	15300
1	2	0.011	3200	9900	17100
1	2	0.011	3200	63900	71100
1	2	0.011	3200	68400	75600
1	2	0.011	3200	76500	83700
1	0	0.013	3200	0	7200
1	0	0.013	3200	61200	68400
1	0	0.013	3200	68400	75600
1	0	0.013	3200	79200	86400

[Nodes/requests]: ID_node, ID_depot, lat, long, type, service_time, q_del, q_col, tw_depot_start, tw_depot_end, tw_cust_start, tw_cust_end, PC
0         0         50.64334  6.00991   -1        0         0         0         0         86400     0         86400
1         1         51.04503  4.46275   -1        0         0         0         0         86400     0         86400
2         2         50.81390  3.30891   -1        0         0         0         0         86400     0         86400
3         2         51.24207  4.19823   1         999       155       0         23300     86400     28800     64800               
4         0         51.10295  6.32448   1         1066      665       0         18381     86400     28800     64800               
5         2         50.96221  3.06896   1         836       2201      0         8962      86400     28800     64800               
6         0         50.98670  4.36384   1         630       630       0         0         86400     28800     64800               
7         1         51.28727  4.95544   0         817       0         747       0         86400     28800     50399               
8         2         50.85508  3.13793   0         616       0         2159      0         53940     28800     54000               
9         0         50.62485  6.01015   1         784       40        0         7284      86400     28800     64800               
10        2         51.18240  4.18577   1         855       1439      0         0         86400     28800     64800               
11        1         50.84104  4.26795   1         821       229       0         3993      86400     28800     64800               
12        0         51.06225  5.85936   1         958       57        0         0         86400     28800     64800               
13        0         51.19192  4.17443   1         786       176       0         5714      86400     28800     64800               
14        0         51.12384  5.87039   1         832       106       0         18484     86400     28800     64800               
15        0         51.12254  4.47062   1         1025      2395      0         0         86400     28800     64800               
16        1         50.99104  3.77163   0         980       0         3113      0         86400     28800     64800               
17        2         51.08575  3.65514   0         867       0         295       0         72946     32400     57600               
18        1         51.12145  3.80470   0         899       0         1366      0         86400     28800     64800               
19        0         50.67691  6.15857   1         863       320       0         26224     86400     28800     64800               
20        0         50.78608  6.03884   1         869       176       0         16291     86400     28800     64800               
21        0         50.69208  6.10142   0         834       0         41        0         55407     28800     61199               
22        0         50.96762  3.21556   1         1088      142       0         3835      86400     28800     64800               
23        1         51.09146  3.43099   0         841       0         1991      0         86400     28800     61199               
24        2         50.74593  3.21703   1         845       729       0         0         86400     28800     43200               
25        1         50.98294  3.11915   0         770       0         742       0         86400     28800     57600               
26        0         51.03428  5.85937   0         784       0         734       0         48593     36000     61199               
27        0         50.79524  6.29197   1         674       819       0         14454     86400     28800     64800               
28        2         51.12523  3.79190   0         620       0         3345      0         86400     28800     64800               
29        0         50.78007  6.14300   0         963       0         51        0         86400     48600     57600               
30        0         50.88125  5.71185   1         781       105       0         18472     86400     28800     64800               
31        0         51.02570  6.41376   1         928       356       0         0         86400     28800     64800               
32        0         51.23981  4.50100   1         680       294       0         0         86400     28800     64800               
33        1         51.14985  4.41258   0         834       0         179       0         86400     28800     57600               
34        0         50.77445  6.18914   0         564       0         125       0         48450     28800     54000               
35        2         50.76525  3.01860   0         681       0         163       0         63876     46800     57600               
36        2         51.14285  3.42000   0         680       0         2882      0         82594     46800     57600               
37        0         50.86616  6.29170   1         996       115       0         7435      86400     28800     64800               
38        2         50.60247  4.75618   0         989       0         1390      0         79042     57600     61199               
39        0         50.74665  6.13541   1         824       1261      0         0         86400     28800     64800               
40        0         50.82360  6.15235   1         718       160       0         0         86400     28800     64800               
41        1         50.66253  4.60368   1         955       255       0         15776     86400     28800     64800               
42        0         51.09238  3.41558   0         700       0         367       0         86400     46800     57600               
43        1         50.95559  5.80844   0         789       0         916       0         86400     43200     57600               
44        1         51.09171  4.47689   0         836       0         748       0         86400     28800     61199               
45        0         51.11108  3.86709   1         756       213       0         0         86400     28800     64800               
46        0         50.70559  6.17105   0         785       0         171       0         49335     28800     50399               
47        0         50.58154  4.35686   0         964       0         172       0         64739     28800     59400               
48        1         51.26089  4.44149   1         908       139       0         0         86400     28800     64800               
49        1         50.72371  4.47588   1         842       71        0         0         86400     28800     64800               
50        0         50.74682  3.58382   1         823       266       0         0         86400     28800     64800               
51        0         50.90637  4.20104   1         769       304       0         0         86400     28800     64800               
52        2         50.85692  2.92021   1         832       158       0         0         86400     28800     64800               
53        0         51.38953  4.72141   1         927       157       0         6666      86400     28800     64800               
54        1         51.21627  5.36890   1         947       452       0         10090     86400     28800     64800               
55        2         50.99208  3.77213   1         796       569       0         23323     86400     28800     64800               
56        1         50.95119  5.02581   1         1020      746       0         0         86400     28800     64800               
57        0         51.25237  5.07839   1         938       202       0         0         86400     28800     64800               
58        0         50.77324  6.21925   1         1016      88        0         0         86400     28800     64800               
59        0         50.79757  6.07045   1         942       574       0         6140      86400     28800     64800               
60        1         51.31640  4.94358   0         850       0         2567      0         73308     28800     50399               
61        0         50.86585  6.40925   1         1055      123       0         0         86400     28800     64800               
62        0         50.65802  5.59531   1         892       239       0         0         86400     28800     64800               
63        0         51.05368  6.12622   0         633       0         161       0         53709     28800     64800               
64        0         50.76520  4.28144   1         799       340       0         0         86400     28800     64800               
65        0         50.86461  3.15405   1         640       124       0         0         86400     28800     64800               
66        2         50.70843  3.20547   1         838       38        0         0         86400     28800     64800               
67        0         50.79145  6.02020   1         731       79        0         0         86400     28800     64800               
68        2         51.08912  3.85239   1         1056      38        0         0         86400     28800     64800               
69        2         51.33286  3.27638   1         1018      139       0         0         86400     36000     64800               
70        0         50.65436  6.32350   1         799       338       0         0         86400     28800     64800               
71        0         50.87336  6.16338   1         891       483       0         0         86400     28800     64800               
72        2         50.66215  3.82248   0         978       0         711       0         51791     28800     59400               
73        2         50.95267  3.55357   1         811       734       0         0         86400     28800     64800               
74        1         51.26549  4.31020   0         864       0         769       0         86400     32400     54000               
75        1         50.90424  4.42084   1         890       495       0         0         86400     36000     54000               
76        0         50.92023  5.90328   1         947       324       0         14161     86400     28800     64800               
77        1         51.15016  4.90348   1         902       1452      0         4085      86400     28800     64800               
78        2         51.07736  3.84055   0         913       0         528       0         71784     28800     32400               
79        0         50.98004  5.12426   1         718       177       0         0         86400     28800     64800               
80        2         50.99087  3.66710   1         882       304       0         0         86400     28800     64800               
81        1         51.28443  4.35851   1         971       525       0         0         86400     28800     64800               
82        0         51.29728  4.44076   1         708       201       0         0         86400     28800     64800               
83        0         50.81280  6.13381   1         846       651       0         19079     86400     28800     64800               
84        2         50.88902  4.02573   1         813       330       0         0         86400     28800     64800               
85        0         50.92118  6.22120   0         1053      0         28        0         47071     28800     54000               
86        1         51.16535  5.08954   1         892       1933      0         4150      86400     28800     64800               
87        0         50.84780  4.37867   1         874       668       0         0         86400     28800     64800               
88        0         50.72778  6.15761   1         825       266       0         0         86400     28800     64800               
89        0         50.78432  6.22394   0         1080      0         2950      0         86400     28800     64800               
90        2         50.88189  2.87749   0         893       0         1267      0         80250     28800     57600               
91        1         50.84399  4.71386   0         849       0         384       0         66673     28800     64800               
92        2         51.09758  4.24617   0         879       0         568       0         60534     28800     54000               
93        0         50.80743  3.22421   1         991       118       0         0         86400     28800     64800               
94        1         51.16443  5.03249   1         889       770       0         0         86400     28800     64800               
95        2         51.11991  4.23124   1         939       494       0         8737      86400     28800     64800               
96        2         51.05210  2.67425   1         788       437       0         23353     86400     28800     64800               
97        1         50.69208  5.55605   1         819       625       0         0         86400     28800     32400               
98        0         50.67319  5.59587   1         784       70        0         0         86400     28800     64800               
99        2         50.91402  3.26281   1         837       9         0         0         86400     28800     64800               
100       1         51.32656  4.92360   0         824       0         152       0         71394     28800     50399               
101       2         50.96413  3.58912   0         853       0         2282      0         63067     28800     55799               
102       2         50.48560  3.89704   0         701       0         1477      0         60348     28800     61199               
103       1         51.15222  3.81003   1         981       686       0         0         86400     28800     64800               
104       0         50.54062  5.39870   1         838       48        0         18600     86400     28800     64800               
105       0         50.79990  5.53551   1         939       122       0         0         86400     28800     64800               
106       0         50.76454  6.04481   1         922       513       0         19291     86400     28800     64800               
107       2         51.08285  3.40987   0         832       0         2962      0         86400     46800     57600               
108       2         50.88747  3.42565   1         814       782       0         22176     86400     28800     64800               
109       2         50.92292  3.45448   0         879       0         325       0         80111     28800     59400               
110       1         50.73169  3.24081   0         900       0         288       0         79955     28800     61199               
111       0         50.78020  6.20721   1         888       1601      0         0         86400     28800     64800               
112       1         50.84957  4.73701   0         646       0         403       0         86400     28800     64800               
113       1         51.31767  4.95706   0         952       0         1902      0         86400     28800     50399               
114       2         51.07597  3.70789   1         866       98        0         21955     86400     28800     64800               
115       1         50.73260  3.31589   0         781       0         964       0         86400     28800     59400               
116       0         51.29387  4.39815   1         829       342       0         6331      86400     28800     64800               
117       0         50.77668  6.10145   1         1041      920       0         0         86400     28800     64800               
118       0         50.91846  6.19105   0         910       0         156       0         49666     28800     54000               
119       0         50.74569  6.08296   1         953       430       0         0         86400     28800     64800               
120       0         50.87160  6.17402   1         816       510       0         0         86400     28800     64800               
121       0         51.11243  3.72070   0         958       0         109       0         71715     28800     57600               
122       1         50.84598  4.70347   0         845       0         19        0         66671     28800     64800               
123       2         50.37588  4.40809   1         881       91        0         8353      86400     28800     64800               
124       1         51.33589  4.28504   1         978       822       0         0         86400     28800     64800               
125       2         50.91945  3.43854   0         857       0         105       0         55300     28800     59400               
126       1         51.08040  3.77705   1         900       360       0         0         86400     28800     64800               
127       0         50.69827  5.65032   1         897       131       0         5619      86400     28800     64800               
128       0         50.94616  6.24705   1         904       309       0         0         86400     28800     64800               
129       0         50.90649  6.05709   0         760       0         299       0         57515     39599     57600               
130       1         50.87554  4.48852   1         927       687       0         0         86400     28800     64800               
131       0         50.97055  6.32888   1         805       347       0         0         86400     28800     64800               
132       0         50.72315  3.66437   0         908       0         131       0         86400     39599     59400               
133       0         50.79482  6.13080   1         806       943       0         0         86400     28800     37800               
134       1         51.11408  3.68369   0         970       0         1291      0         86400     28800     57600               