BE_WE_1_R 2 6 31 138

[Vehicle Types] - ID_veh_type, fixed_cost, variable_cost, speed, capacity, alpha, beta, max_time, max_drive_time
0         20        1.5       70        3200      2240      2240      46800     32400     
1         20        2.25      50        13600     9520      9520      46800     32400       

[Number of Vehicle Types] - ID_veh_type, ID_depot, number_of_vehicles
0	0	8
0	1	4
0	2	3
1	0	4
1	1	3
1	2	4

[Scheduled Lines] - ID_from, ID_to, cost_per_req, capacity, dep_time, arr_time
0	2	0.021	3200	5400	16200
0	2	0.021	3200	6300	17100
0	2	0.021	3200	63000	73800
0	2	0.021	3200	70200	81000
0	2	0.021	3200	82800	86400
0	1	0.013	3200	2700	9900
0	1	0.013	3200	9000	16200
0	1	0.013	3200	64800	72000
0	1	0.013	3200	70200	77400
0	1	0.013	3200	77400	84600
2	0	0.021	3200	5400	16200
2	0	0.021	3200	63000	73800
2	0	0.021	3200	69300	80100
2	0	0.021	3200	76500	86400
2	0	0.021	3200	79200	86400
2	1	0.011	3200	0	7200
2	1	0.011	3200	0	7200
2	1	0.011	3200	9000	16200
2	1	0.011	3200	63000	72000
2	1	0.011	3200	66600	73800
2	1	0.011	3200	68400	75600
2	1	0.011	3200	72900	80100
1	2	0.011	3200	8100	15300
1	2	0.011	3200	9900	17100
1	2	0.011	3200	63900	71100
1	2	0.011	3200	68400	75600
1	2	0.011	3200	76500	83700
1	0	0.013	3200	0	7200
1	0	0.013	3200	61200	68400
1	0	0.013	3200	68400	75600
1	0	0.013	3200	79200	86400

[Nodes/requests]: ID_node, ID_depot, lat, long, type, service_time, q_del, q_col, tw_depot_start, tw_depot_end, tw_cust_start, tw_cust_end, PC
0         0         50.66580  6.02035   -1        0         0         0         0         86400     0         86400
1         1         51.03219  4.45601   -1        0         0         0         0         86400     0         86400
2         2         50.78865  3.32694   -1        0         0         0         0         86400     0         86400
3         0         50.76836  6.11274   0         831       0         675       0         49599     28800     57600               
4         0         50.68373  5.45888   0         834       0         253       0         62526     28800     54000               
5         2         50.52080  4.95390   0         929       0         121       0         86400     28800     59400               
6         0         50.80685  6.07784   1         828       1131      0         0         86400     28800     38700               
7         0         50.77911  6.13823   0         1008      0         131       0         42777     28800     52200               
8         2         50.78718  5.20050   0         808       0         276       0         86400     28800     59400               
9         0         50.74131  4.34534   1         914       130       0         0         86400     32400     55799               
10        0         50.81109  6.11970   0         685       0         135       0         49220     30600     57600               
11        0         51.16198  4.56731   1         885       343       0         0         86400     28800     64800               
12        0         51.04532  4.31632   1         905       281       0         0         86400     28800     64800               
13        2         51.13781  4.35333   1         1000      128       0         0         86400     36000     64800               
14        0         51.07261  6.25465   1         598       772       0         0         86400     28800     64800               
15        0         50.86631  5.69877   1         877       131       0         6515      86400     28800     64800               
16        0         50.70408  6.14277   0         1011      0         124       0         50409     34199     61199               
17        1         50.73721  5.05792   1         1087      1394      0         19471     86400     28800     64800               
18        0         50.40870  4.63294   1         777       40        0         12012     86400     28800     64800               
19        0         50.75907  6.09714   1         979       287       0         0         86400     28800     64800               
20        1         50.88175  4.68433   1         856       191       0         0         86400     28800     64800               
21        1         50.93476  5.37388   1         858       1257      0         0         86400     28800     64800               
22        0         50.87405  6.04531   0         1118      0         114       0         58725     44999     57600               
23        0         50.97757  3.35633   1         819       392       0         0         86400     28800     64800               
24        2         51.09735  3.77470   0         888       0         2878      0         69281     28800     61199               
25        2         50.47649  6.13651   0         874       0         171       0         86400     50399     52200               
26        0         51.00712  6.19147   1         745       325       0         6563      86400     28800     64800               
27        2         51.06013  4.02184   1         816       250       0         0         86400     28800     64800               
28        2         50.44613  3.67668   0         988       0         722       0         86400     28800     59400               
29        2         50.85505  3.96026   0         835       0         391       0         71314     46800     55799               
30        0         50.78756  3.86644   0         891       0         1790      0         86400     28800     61199               
31        2         51.29500  4.26493   0         858       0         3147      0         86400     28800     64800               
32        0         50.88851  6.17674   1         837       576       0         0         86400     28800     64800               
33        0         51.20076  4.41587   1         1001      129       0         0         86400     28800     64800               
34        0         50.80946  5.92418   1         693       2994      0         0         86400     28800     64800               
35        0         50.68143  5.49814   0         880       0         349       0         73425     28800     54000               
36        1         50.79496  3.32629   0         909       0         335       0         86400     28800     61199               
37        0         50.81675  6.02500   1         766       244       0         17787     86400     28800     64800               
38        2         51.18956  3.08723   1         809       612       0         22803     86400     28800     64800               
39        1         51.13650  4.42786   0         758       0         982       0         76029     28800     64800               
40        2         51.23368  4.14454   1         916       85        0         0         86400     28800     64800               
41        1         50.91723  3.19240   1         756       461       0         0         86400     28800     64800               
42        1         50.83914  4.52795   1         688       49        0         0         86400     28800     64800               
43        1         50.76723  3.23003   1         860       3125      0         0         86400     28800     64800               
44        0         50.78477  6.10472   1         913       48        0         6703      86400     28800     64800               
45        0         50.93824  4.33601   1         1050      556       0         0         86400     32400     57600               
46        0         50.56062  5.35776   0         821       0         190       0         67282     28800     64800               
47        0         50.81080  5.52696   1         740       3071      0         0         86400     28800     37800               
48        0         50.64929  5.99281   0         754       0         699       0         44685     28800     64800               
49        0         51.06101  6.12197   0         978       0         177       0         51576     28800     64800               
50        2         50.91381  3.30474   0         1022      0         1118      0         54641     28800     57600               
51        0         50.75141  6.13799   0         714       0         761       0         50373     28800     54000               
52        1         50.91068  4.48105   1         646       1425      0         0         86400     28800     64800               
53        0         50.60966  6.35785   1         904       505       0         18181     86400     28800     64800               
54        0         51.14986  4.38053   1         906       375       0         0         86400     28800     64800               
55        1         50.91716  4.06025   0         734       0         209       0         86400     57600     61199               
56        1         50.91291  4.42057   0         903       0         225       0         86400     28800     59400               
57        0         51.28974  4.70123   0         880       0         118       0         68438     46800     57600               
58        1         50.92928  4.66256   1         908       163       0         19553     86400     28800     64800               
59        0         50.87683  6.17085   1         812       590       0         0         86400     28800     36000               
60        1         50.94212  4.23256   0         778       0         125       0         86400     30600     59400               
61        2         51.16568  4.22276   0         621       0         763       0         68108     28800     64800               
62        1         51.19286  4.45583   1         771       526       0         9992      86400     28800     64800               
63        1         51.12479  4.40467   0         944       0         367       0         64240     28800     64800               
64        0         50.87438  4.41315   1         660       235       0         0         86400     28800     64800               
65        1         51.03565  4.33288   1         945       52        0         0         86400     28800     43200               
66        0         51.35878  4.26826   1         1124      154       0         0         86400     28800     64800               
67        0         50.72884  6.26067   1         899       435       0         0         86400     28800     64800               
68        1         50.43284  3.95671   1         586       167       0         0         86400     28800     64800               
69        1         50.90098  5.86035   0         735       0         268       0         86400     32400     57600               
70        1         50.63776  3.32559   0         861       0         707       0         86400     28800     64800               
71        1         51.41620  4.48668   1         716       854       0         0         86400     28800     64800               
72        1         51.25244  4.30104   1         684       265       0         0         86400     28800     64800               
73        2         50.84007  3.19462   1         1064      1702      0         0         86400     28800     64800               
74        0         51.01172  4.43607   1         715       1400      0         0         86400     28800     41400               
75        2         51.21440  3.23355   1         753       147       0         7789      86400     28800     64800               
76        0         50.92813  6.07209   0         851       0         537       0         63519     43200     57600               
77        1         50.91509  4.20534   0         879       0         2953      0         86400     28800     57600               
78        0         50.80939  5.52166   1         907       2535      0         0         86400     28800     64800               
79        0         50.64170  6.00229   1         872       103       0         6458      86400     28800     64800               
80        0         50.65800  5.55740   0         877       0         278       0         54966     37800     61199               
81        2         50.98597  3.80209   1         875       298       0         21667     86400     28800     64800               
82        2         51.12915  3.79596   0         721       0         752       0         48804     28800     64800               
83        0         50.97988  5.28237   1         827       212       0         0         86400     28800     64800               
84        2         51.11045  3.81732   0         819       0         1236      0         69421     28800     32400               
85        0         51.01533  4.45252   1         759       144       0         0         86400     28800     64800               
86        2         51.07330  3.77341   0         899       0         746       0         86400     28800     64800               
87        0         50.88005  4.49105   1         845       435       0         0         86400     28800     64800               
88        1         51.13938  5.52078   1         636       1666      0         0         86400     28800     64800               
89        0         50.90974  3.89300   1         682       140       0         0         86400     28800     64800               
90        1         51.12918  4.95265   1         715       245       0         0         86400     28800     64800               
91        2         50.90647  3.35675   0         779       0         383       0         50283     28800     57600               
92        1         50.47441  4.46144   0         663       0         77        0         86400     28800     64800               
93        1         51.14508  4.90747   1         866       20        0         19309     86400     28800     64800               
94        2         50.91499  4.01372   0         873       0         157       0         71388     50399     57600               
95        0         50.88979  6.04265   1         656       730       0         0         86400     28800     64800               
96        0         50.57800  5.86964   1         880       236       0         0         86400     28800     64800               
97        2         50.88035  2.88494   1         889       188       0         24061     86400     28800     64800               
98        0         50.59539  6.27096   1         1022      136       0         0         86400     28800     64800               
99        1         50.62470  4.77696   0         1064      0         359       0         64113     54000     61199               
100       0         51.22873  4.47936   1         933       748       0         5147      86400     28800     64800               
101       2         51.02151  3.77981   1         761       158       0         0         86400     28800     64800               
102       1         50.88685  4.44751   1         781       2014      0         0         86400     28800     64800               
103       1         50.86438  5.65835   1         919       9         0         0         86400     28800     64800               
104       0         50.64915  6.02115   0         940       0         131       0         47829     28800     61199               
105       1         51.05061  5.80925   1         955       187       0         0         86400     28800     64800               
106       2         51.17649  3.46387   1         752       166       0         0         86400     28800     64800               
107       1         50.77600  4.28081   1         624       228       0         0         86400     28800     54900               
108       0         50.78954  4.95069   0         948       0         163       0         72302     46800     61199               
109       0         50.78269  5.54508   1         773       290       0         0         86400     28800     37800               
110       1         51.29347  4.91524   0         709       0         322       0         63328     28800     57600               
111       2         51.11846  3.78863   0         677       0         1157      0         70603     28800     61199               
112       0         50.79927  6.12220   0         856       0         120       0         53292     41400     61199               
113       2         51.16134  4.16146   0         886       0         714       0         68294     28800     64800               
114       0         50.96379  6.28138   1         830       293       0         3784      86400     28800     64800               
115       0         50.62392  3.30711   0         705       0         348       0         69685     28800     64800               
116       1         50.88548  4.54468   1         836       10        0         0         86400     28800     64800               
117       0         50.60357  4.81451   0         826       0         1390      0         86400     55799     61199               
118       1         50.94875  4.19606   0         787       0         89        0         86400     28800     61199               
119       0         50.75079  4.50039   1         842       10        0         8894      86400     28800     64800               
120       1         50.74772  4.51552   0         693       0         286       0         63024     28800     59400               
121       0         50.76902  5.58542   0         929       0         236       0         63132     28800     64800               
122       0         50.76328  6.10792   1         796       1806      0         13027     86400     28800     64800               
123       1         51.15354  4.38519   0         732       0         115       0         64245     28800     57600               
124       0         50.86355  6.08119   0         807       0         369       0         47162     28800     57600               
125       0         50.85760  6.15033   0         779       0         204       0         44685     28800     57600               
126       2         50.82207  3.56432   1         614       100       0         11951     86400     28800     64800               
127       0         50.61335  6.26488   1         945       251       0         0         86400     28800     64800               
128       0         50.93262  6.10971   0         1008      0         128       0         53404     37800     54000               
129       1         50.63548  5.74905   0         772       0         79        0         73432     39599     61199               
130       0         51.11605  4.57760   1         897       88        0         0         86400     28800     64800               
131       0         51.00643  6.22197   0         594       0         125       0         49127     28800     52200               
132       2         51.14160  4.19800   1         1103      38        0         0         86400     28800     61199               
133       0         50.61335  5.26776   1         820       9         0         8878      86400     28800     64800               
134       0         50.80011  6.16721   1         699       133       0         0         86400     28800     64800               
135       1         51.31235  4.92716   0         881       0         476       0         60061     28800     50399               
136       0         50.45801  4.44838   1         976       2001      0         0         86400     28800     64800               
137       0         50.92412  6.18024   1         937       66        0         0         86400     28800     64800               