BE_WE_2_R 2 6 31 127

[Vehicle Types] - ID_veh_type, fixed_cost, variable_cost, speed, capacity, alpha, beta, max_time, max_drive_time
0         20        1.5       70        3200      2240      2240      46800     32400     
1         20        2.25      50        13600     9520      9520      46800     32400       

[Number of Vehicle Types] - ID_veh_type, ID_depot, number_of_vehicles
0	0	8
0	1	4
0	2	3
1	0	4
1	1	3
1	2	4

[Scheduled Lines] - ID_from, ID_to, cost_per_req, capacity, dep_time, arr_time
0	2	0.021	3200	5400	16200
0	2	0.021	3200	6300	17100
0	2	0.021	3200	63000	73800
0	2	0.021	3200	70200	81000
0	2	0.021	3200	82800	86400
0	1	0.013	3200	2700	9900
0	1	0.013	3200	9000	16200
0	1	0.013	3200	64800	72000
0	1	0.013	3200	70200	77400
0	1	0.013	3200	77400	84600
2	0	0.021	3200	5400	16200
2	0	0.021	3200	63000	73800
2	0	0.021	3200	69300	80100
2	0	0.021	3200	76500	86400
2	0	0.021	3200	79200	86400
2	1	0.011	3200	0	7200
2	1	0.011	3200	0	7200
2	1	0.011	3200	9000	16200
2	1	0.011	3200	63000	72000
2	1	0.011	3200	66600	73800
2	1	0.011	3200	68400	75600
2	1	0.011	3200	72900	80100
1	2	0.011	3200	8100	15300
1	2	0.011	3200	9900	17100
1	2	0.011	3200	63900	71100
1	2	0.011	3200	68400	75600
1	2	0.011	3200	76500	83700
1	0	0.013	3200	0	7200
1	0	0.013	3200	61200	68400
1	0	0.013	3200	68400	75600
1	0	0.013	3200	79200	86400

[Nodes/requests]: ID_node, ID_depot, lat, long, type, service_time, q_del, q_col, tw_depot_start, tw_depot_end, tw_cust_start, tw_cust_end, PC
0         0         50.62538  6.01966   -1        0         0         0         0         86400     0         86400
1         1         51.04749  4.43352   -1        0         0         0         0         86400     0         86400
2         2         50.82729  3.34457   -1        0         0         0         0         86400     0         86400
3         0         50.86764  5.67309   1         953       133       0         4409      86400     28800     64800               
4         1         50.79376  4.97145   0         1086      0         1943      0         86400     37800     59400               
5         1         51.07443  4.27631   1         737       1004      0         0         86400     28800     64800               
6         0         50.64138  5.56710   1         751       1838      0         14113     86400     28800     64800               
7         1         51.08782  4.35830   1         821       68        0         0         86400     28800     46800               
8         0         50.67220  6.01679   1         798       81        0         0         86400     28800     64800               
9         0         51.04733  6.21994   1         589       209       0         3935      86400     28800     64800               
10        2         50.87144  4.04084   0         1024      0         458       0         80524     28800     55799               
11        0         50.92620  5.43796   1         680       306       0         0         86400     28800     64800               
12        0         51.14643  3.14724   1         1003      9         0         0         86400     28800     64800               
13        1         50.86915  4.49146   1         886       2766      0         0         86400     28800     64800               
14        0         50.87116  6.35469   1         944       1445      0         0         86400     28800     35100               
15        1         50.91394  3.27350   0         909       0         66        0         81105     28800     57600               
16        2         51.11979  3.78068   1         873       2211      0         0         86400     28800     64800               
17        0         50.75483  6.15766   0         762       0         327       0         48610     28800     54000               
18        2         50.41892  3.91046   1         752       1416      0         0         86400     28800     64800               
19        1         51.25719  4.94334   0         972       0         20        0         86400     28800     50399               
20        0         50.83336  6.39438   1         977       1860      0         17608     86400     28800     64800               
21        0         50.84844  6.16322   1         850       761       0         0         86400     28800     64800               
22        0         51.05066  6.10323   0         1024      0         169       0         55764     28800     64800               
23        2         50.77306  6.11309   0         1046      0         40        0         79338     48600     57600               
24        2         50.54131  3.70583   0         762       0         92        0         67051     28800     59400               
25        0         51.12713  4.61234   1         856       669       0         0         86400     28800     64800               
26        0         50.78980  6.05144   0         809       0         153       0         51490     32400     46800               
27        0         51.05221  6.11221   1         849       124       0         26705     86400     28800     64800               
28        0         50.85347  3.36889   0         993       0         1274      0         72178     28800     57600               
29        0         50.95095  6.12684   1         786       1506      0         0         86400     28800     64800               
30        2         51.20674  5.28201   0         752       0         124       0         86400     28800     59400               
31        2         50.75092  6.13362   0         940       0         2018      0         86400     28800     61199               
32        1         50.72906  4.36197   1         834       256       0         0         86400     32400     41400               
33        2         50.91925  3.97138   0         931       0         88        0         67998     43200     54000               
34        0         50.88921  6.18058   1         596       69        0         5570      86400     28800     64800               
35        0         50.82679  4.36957   1         1052      121       0         0         86400     28800     64800               
36        2         51.13343  3.77702   0         583       0         763       0         62829     28800     64800               
37        2         50.61435  3.83531   0         861       0         908       0         64715     47699     57600               
38        2         50.93448  5.92932   0         935       0         376       0         86400     43200     57600               
39        0         50.76871  6.26259   0         995       0         1385      0         59858     28800     54000               
40        2         51.14470  4.20091   0         775       0         1430      0         70564     28800     64800               
41        2         51.25871  4.26939   0         831       0         259       0         72072     28800     59400               
42        0         50.75980  6.09080   1         866       270       0         5350      86400     28800     64800               
43        1         50.62684  4.83285   0         782       0         754       0         62717     28800     61199               
44        0         51.08558  4.43456   1         784       118       0         0         86400     28800     64800               
45        0         50.77941  6.08568   0         647       0         154       0         50783     32400     61199               
46        2         51.02968  3.84357   0         923       0         1877      0         67368     28800     64800               
47        0         51.13531  4.31192   1         908       1592      0         0         86400     28800     64800               
48        1         51.14757  4.39210   0         864       0         3180      0         86400     28800     64800               
49        0         51.04120  5.91129   0         778       0         288       0         58928     34199     55799               
50        0         51.00327  5.89090   1         830       30        0         0         86400     28800     64800               
51        1         51.35043  4.25899   1         904       3221      0         0         86400     28800     64800               
52        2         51.22733  3.20225   0         888       0         531       0         73256     28800     61199               
53        0         50.78850  3.00563   1         729       2438      0         0         86400     36000     64800               
54        1         51.29384  4.69943   0         803       0         396       0         63085     46800     57600               
55        1         51.17091  4.35091   1         768       443       0         0         86400     28800     64800               
56        0         50.83743  6.11536   1         681       1805      0         0         86400     28800     64800               
57        1         50.79054  4.37674   1         830       9         0         0         86400     28800     57600               
58        0         50.97473  6.07300   0         838       0         234       0         58351     37800     61199               
59        0         51.09393  6.12783   0         838       0         172       0         54320     28800     64800               
60        2         50.83339  3.22756   0         868       0         1129      0         86400     28800     61199               
61        1         50.60271  4.79282   0         951       0         1965      0         86400     52200     61199               
62        0         50.81859  6.08430   1         692       99        0         4873      86400     28800     64800               
63        1         51.32575  4.90634   0         1140      0         447       0         77675     28800     64800               
64        0         50.68584  5.45664   0         922       0         2149      0         57110     41400     61199               
65        1         51.20839  5.55279   1         717       242       0         0         86400     28800     64800               
66        0         50.59679  6.29108   1         872       726       0         0         86400     28800     64800               
67        0         50.80838  6.11378   1         757       330       0         8009      86400     28800     64800               
68        0         50.81864  6.15759   1         760       173       0         0         86400     28800     64800               
69        1         51.16805  4.78743   0         908       0         1749      0         86400     28800     57600               
70        0         51.14065  4.20052   1         831       59        0         0         86400     28800     64800               
71        2         51.10601  3.83987   0         879       0         1326      0         72891     28800     64800               
72        0         51.06355  6.19690   0         723       0         49        0         58130     41400     54000               
73        0         50.64281  5.59221   1         776       279       0         0         86400     28800     64800               
74        0         51.13034  4.54528   1         698       489       0         0         86400     28800     64800               
75        2         51.09966  3.74923   0         791       0         632       0         66444     28800     64800               
76        0         50.72730  6.20999   0         816       0         789       0         72215     28800     54000               
77        2         50.84306  2.77797   1         725       847       0         0         86400     28800     64800               
78        0         51.03087  6.21865   1         820       320       0         0         86400     28800     64800               
79        1         51.31606  3.15021   0         946       0         424       0         86400     28800     57600               
80        0         51.02449  4.53282   1         781       137       0         0         86400     28800     64800               
81        2         51.25461  4.29537   0         686       0         1539      0         65947     28800     64800               
82        2         51.19496  4.17370   0         807       0         3017      0         72873     28800     64800               
83        1         50.63155  4.35187   1         866       836       0         0         86400     28800     64800               
84        0         51.09667  6.14185   1         854       103       0         25827     86400     28800     64800               
85        0         50.66955  5.50305   0         709       0         57        0         58733     36000     54000               
86        0         50.82784  3.27911   1         744       156       0         0         86400     28800     64800               
87        1         51.05187  5.55634   0         1044      0         76        0         76302     32400     61199               
88        0         50.63131  5.84937   0         809       0         966       0         61040     28800     57600               
89        1         51.10937  3.70030   0         911       0         1501      0         86400     32400     57600               
90        1         50.81620  6.19914   0         833       0         438       0         86400     36000     54000               
91        2         50.91058  4.03093   0         905       0         253       0         68512     28800     55799               
92        0         50.89107  3.45350   1         829       569       0         0         86400     28800     64800               
93        2         51.14213  3.78571   0         727       0         1136      0         65820     28800     64800               
94        1         50.62284  4.36221   1         913       556       0         5205      86400     28800     64800               
95        1         51.29430  4.70036   0         846       0         166       0         86400     46800     57600               
96        1         51.17747  4.16110   0         664       0         2944      0         86400     28800     64800               
97        0         50.83147  6.06813   1         693       1354      0         0         86400     28800     64800               
98        0         51.29569  5.07730   0         864       0         304       0         86400     30600     55799               
99        1         51.06020  4.32756   0         687       0         705       0         58423     44999     59400               
100       0         50.61216  5.55112   0         704       0         238       0         70663     32400     61199               
101       1         51.02271  3.78900   0         1039      0         1464      0         86400     28800     64800               
102       0         50.86593  4.49405   1         811       229       0         0         86400     28800     64800               
103       1         51.15858  4.35284   0         1004      0         550       0         58507     28800     61199               
104       0         51.21039  4.34882   1         790       1718      0         0         86400     32400     57600               
105       2         50.59364  3.61800   1         1066      318       0         0         86400     28800     61199               
106       0         51.31999  3.14534   0         993       0         338       0         86400     30600     59400               
107       2         51.11058  3.76865   0         857       0         385       0         75916     28800     64800               
108       0         50.72069  3.99567   1         721       143       0         0         86400     28800     64800               
109       2         50.85401  5.89841   1         780       133       0         0         86400     36000     61199               
110       0         50.71724  6.24340   0         873       0         298       0         49847     28800     54000               
111       2         50.95655  3.10361   0         818       0         748       0         54420     28800     59400               
112       2         50.90906  3.30673   1         671       155       0         0         86400     28800     64800               
113       1         50.95855  3.57620   0         743       0         2279      0         86400     28800     57600               
114       2         51.17457  4.30846   0         1230      0         390       0         79873     28800     64800               
115       0         50.83775  4.40585   1         796       10        0         0         86400     28800     64800               
116       0         51.05881  6.14940   1         993       411       0         16719     86400     28800     64800               
117       1         50.69586  4.56823   1         1020      712       0         0         86400     28800     64800               
118       1         51.06379  4.34522   0         845       0         49        0         70002     28800     59400               
119       2         51.03110  4.13790   1         833       241       0         0         86400     28800     64800               
120       2         50.90329  3.42117   1         952       533       0         0         86400     28800     64800               
121       0         50.81205  6.12852   1         753       73        0         11752     86400     28800     64800               
122       2         50.45904  6.19109   0         866       0         313       0         77121     50399     52200               
123       1         51.13959  4.41281   0         935       0         125       0         86400     28800     64800               
124       1         51.23549  4.39108   1         1002      1051      0         0         86400     28800     64800               
125       0         50.87404  5.68881   1         784       239       0         14410     86400     28800     64800               
126       0         50.74689  6.27404   1         868       584       0         0         86400     28800     43200               