NL_FR_4_R 2 6 13 133

[Vehicle Types] - ID_veh_type, fixed_cost, variable_cost, speed, capacity, alpha, beta, max_time, max_drive_time
0         20        1.5       70        3200      2240      2240      46800     32400     
1         20        2.25      50        13600     9520      9520      46800     32400       

[Number of Vehicle Types] - ID_veh_type, ID_depot, number_of_vehicles
0	0	4
0	1	2
0	2	5
1	0	10
1	1	4
1	2	6

[Scheduled Lines] - ID_from, ID_to, cost_per_req, capacity, dep_time, arr_time
0	1	0.01	3200	3600	10800
0	1	0.01	3200	59400	66600
0	2	0.023	3200	1800	7200
0	2	0.023	3200	68400	75600
1	0	0.01	3200	52200	57600
1	0	0.01	3200	82800	86400
1	2	0.016	3200	0	    9000
1	2	0.016	3200	57600	68400
2   0   0.023   3200   0       5400
2	0	0.023	3200	7200	11880
2	0	0.023	3200	71100	77400
2   1   0.016   3200   0       9000
2	1	0.016	3200	7200	16200

[Nodes/requests]: ID_node, ID_depot, lat, long, type, service_time, q_del, q_col, tw_depot_start, tw_depot_end, tw_cust_start, tw_cust_end, PC
0         0         52.03618  5.64274   -1        0         0         0         0         86400     0         86400
1         1         52.30555  6.95450   -1        0         0         0         0         86400     0         86400
2         2         51.55134  5.00439   -1        0         0         0         0         86400     0         86400
3         2         52.67855  5.06045   1         955       269       0         0         86400     28800     64800               
4         1         52.38265  6.26513   1         888       2652      0         0         86400     28800     64800               
5         0         51.61637  4.90721   0         840       0         1461      0         86400     28800     61199               
6         2         52.88807  5.99564   0         859       0         188       0         74386     28800     57600               
7         2         51.99745  4.69645   1         911       670       0         0         86400     28800     64800               
8         0         51.91665  4.56733   1         874       1195      0         12897     86400     28800     64800               
9         0         51.88671  5.83880   1         888       95        0         0         86400     28800     64800               
10        2         51.67905  5.26166   1         726       848       0         0         86400     28800     64800               
11        1         53.21358  6.60789   1         1016      351       0         21602     86400     28800     64800               
12        0         52.37725  4.62651   1         709       1520      0         11724     86400     32400     36000               
13        2         53.18688  5.78691   1         885       246       0         0         86400     28800     64800               
14        2         51.99847  5.09155   1         758       379       0         0         86400     28800     64800               
15        2         51.66981  5.63388   0         912       0         90        0         86400     28800     61199               
16        0         53.19287  6.16078   1         905       98        0         0         86400     28800     64800               
17        0         52.08210  4.30499   1         826       732       0         0         86400     28800     64800               
18        0         51.95356  4.63413   0         880       0         915       0         64168     28800     57600               
19        0         52.59724  4.77745   1         807       756       0         0         86400     28800     64800               
20        2         51.60763  5.50440   0         801       0         1575      0         68799     28800     61199               
21        2         51.36855  6.09375   1         992       1447      0         17194     86400     28800     64800               
22        2         52.03539  4.49397   1         961       8         0         0         86400     28800     64800               
23        2         53.17803  7.16911   1         775       1         0         0         86400     28800     64800               
24        0         51.64310  6.00151   0         863       0         201       0         86400     34199     61199               
25        2         51.53852  4.48812   1         994       252       0         8827      86400     28800     37740               
26        1         52.06816  6.60120   1         625       101       0         21818     86400     28800     64800               
27        0         52.36315  5.99716   1         753       23        0         0         86400     28800     64800               
28        2         51.68201  5.51391   1         870       599       0         0         86400     28800     64800               
29        2         51.53947  4.54064   1         895       77        0         0         86400     28800     64800               
30        2         51.90346  4.00727   0         692       0         848       0         65129     28800     61199               
31        0         51.98892  5.96698   1         724       1161      0         0         86400     28800     64800               
32        2         51.51109  3.89475   1         826       7         0         0         86400     28800     57600               
33        0         52.32060  6.26061   0         919       0         423       0         86400     30600     57600               
34        1         52.41691  6.16148   1         925       136       0         0         86400     28800     64800               
35        0         52.23881  5.21487   1         787       1045      0         0         86400     28800     64800               
36        2         51.57096  5.06033   1         859       398       0         0         86400     28800     64800               
37        2         51.56511  5.43017   1         720       1         0         0         86400     28800     64800               
38        2         52.61311  4.75103   1         1081      102       0         0         86400     28800     64800               
39        0         51.95634  4.76036   1         742       8         0         0         86400     32400     63000               
40        2         51.63373  5.01228   1         809       181       0         0         86400     28800     64800               
41        0         52.23864  5.08858   1         695       892       0         0         86400     28800     64800               
42        0         52.39401  4.94932   1         752       83        0         0         86400     28800     61199               
43        0         52.02003  4.33027   1         884       71        0         14727     86400     28800     64800               
44        2         51.61428  5.49446   1         999       195       0         18814     86400     28800     64800               
45        2         51.69592  5.34157   1         744       354       0         0         86400     28800     64800               
46        0         51.74061  5.49685   0         801       0         204       0         86400     28800     61199               
47        0         52.01256  4.63270   0         898       0         257       0         76853     46800     61199               
48        2         51.65985  5.03321   1         672       243       0         0         86400     28800     64800               
49        0         52.73648  6.44758   1         796       253       0         0         86400     28800     64800               
50        1         52.56221  6.08328   1         826       1184      0         0         86400     28800     64800               
51        2         51.38547  6.14637   1         989       256       0         15836     86400     28800     64800               
52        0         52.59442  4.75437   1         887       1547      0         0         86400     28800     64800               
53        0         52.07604  4.75259   1         844       842       0         0         86400     28800     64800               
54        2         51.39967  5.29307   0         876       0         293       0         86400     28800     57600               
55        0         52.35585  4.80344   0         723       0         1878      0         86400     36000     54000               
56        2         51.73195  5.55315   1         791       381       0         0         86400     28800     64800               
57        1         52.33607  6.64726   1         826       457       0         22683     86400     28800     64800               
58        0         51.86144  4.50442   1         761       36        0         0         86400     28800     64800               
59        0         51.94538  5.43057   1         658       453       0         0         86400     28800     64800               
60        2         51.39049  6.16032   1         885       971       0         0         86400     28800     64800               
61        0         51.86689  4.67456   0         850       0         1478      0         86400     32400     57600               
62        0         52.34179  4.92737   1         790       267       0         0         86400     28800     64800               
63        0         52.68307  4.85537   1         986       748       0         19008     86400     28800     64800               
64        0         53.21750  5.85099   1         625       37        0         0         86400     28800     64800               
65        0         51.83462  5.27962   1         644       1741      0         0         86400     28800     64800               
66        2         51.66608  5.10669   1         736       382       0         0         86400     28800     64800               
67        2         51.81119  5.24829   1         881       147       0         0         86400     28800     64800               
68        2         51.65557  5.03048   1         891       726       0         0         86400     28800     64800               
69        0         52.51755  4.75219   1         888       311       0         0         86400     28800     64800               
70        0         52.90979  5.78846   1         871       81        0         0         86400     28800     64800               
71        2         51.94062  5.19054   1         692       1106      0         0         86400     28800     64800               
72        2         52.36282  4.80667   1         985       206       0         0         86400     28800     39599               
73        2         51.45648  5.63533   1         863       385       0         0         86400     28800     64800               
74        2         51.20935  6.01520   0         965       0         1096      0         65860     43200     57600               
75        2         51.78670  5.53792   1         710       99        0         17616     86400     28800     64800               
76        2         51.44954  5.41166   1         886       189       0         17561     86400     28800     64800               
77        0         51.80714  4.60383   1         778       1736      0         0         86400     28800     64800               
78        2         51.82910  5.24765   0         753       0         433       0         86400     28800     57600               
79        0         52.14312  5.26494   1         722       1129      0         12508     86400     28800     64800               
80        0         52.01738  4.95012   1         977       888       0         0         86400     28800     64800               
81        0         52.07170  4.62759   1         1058      163       0         0         86400     28800     64800               
82        2         53.20815  5.94925   1         944       332       0         0         86400     28800     64800               
83        1         52.22119  6.58513   1         826       751       0         0         86400     28800     64800               
84        2         51.45462  5.68812   1         781       61        0         20003     86400     28800     64800               
85        2         52.00193  6.50817   1         771       386       0         0         86400     28800     64800               
86        1         52.27219  6.16510   1         914       371       0         0         86400     28800     64800               
87        2         51.86742  4.34815   1         967       776       0         16621     86400     28800     64800               
88        0         51.91839  4.46592   1         655       374       0         0         86400     28800     64800               
89        0         52.27147  4.87172   1         719       749       0         0         86400     28800     64800               
90        0         52.21856  5.45033   1         796       204       0         0         86400     28800     64800               
91        2         52.05182  4.85939   1         701       159       0         0         86400     28800     64800               
92        2         51.71885  4.86683   1         1076      282       0         0         86400     28800     64800               
93        2         51.60850  5.15035   1         1033      165       0         13339     86400     28800     64800               
94        1         52.00544  6.56196   1         772       0         0         0         86400     28800     64800               
95        0         52.33955  4.81950   1         826       66        0         0         86400     28800     64800               
96        2         52.02450  4.38852   1         760       354       0         0         86400     28800     64800               
97        0         52.04225  4.62079   0         711       0         28        0         86400     36000     57600               
98        1         52.30298  6.54252   1         1047      187       0         0         86400     28800     64800               
99        0         52.03540  4.65147   1         1074      327       0         5245      86400     28800     64800               
100       0         51.90544  4.31021   1         779       380       0         0         86400     28800     64800               
101       0         51.57884  5.01863   0         779       0         2270      0         69494     28800     64800               
102       2         51.40423  5.42187   1         886       236       0         17289     86400     28800     64800               
103       2         51.79887  5.32390   1         690       33        0         0         86400     28800     64800               
104       0         52.42184  4.74889   1         780       355       0         14800     86400     28800     64800               
105       2         51.50639  5.61167   1         893       737       0         16905     86400     28800     64800               
106       0         53.04561  6.89186   1         792       199       0         0         86400     28800     64800               
107       0         51.82365  5.23056   1         766       1827      0         0         86400     28800     64800               
108       2         53.08889  5.37340   1         839       43        0         0         86400     28800     64800               
109       0         52.71320  4.85421   1         890       501       0         0         86400     28800     64800               
110       2         51.39420  5.34443   1         962       96        0         0         86400     28800     64800               
111       1         52.55320  5.73400   1         667       291       0         0         86400     28800     64800               
112       2         52.06294  5.08916   1         856       377       0         0         86400     28800     64800               
113       0         52.39657  4.78594   1         781       128       0         0         86400     28800     64800               
114       0         52.03426  4.52826   0         803       0         30        0         86400     34199     46800               
115       0         52.43769  4.82175   1         767       62        0         0         86400     28800     64800               
116       1         52.00245  6.74595   1         1079      887       0         0         86400     28800     64800               
117       1         52.23728  6.58418   1         781       984       0         0         86400     28800     64800               
118       2         51.92313  4.16112   1         579       185       0         0         86400     28800     64800               
119       2         52.96517  5.93488   0         918       0         318       0         86400     28800     61199               
120       1         51.94891  6.24816   1         891       625       0         0         86400     28800     64800               
121       2         51.16892  5.80430   1         765       362       0         0         86400     28800     64800               
122       0         51.58805  5.04769   0         876       0         1069      0         86400     28800     64800               
123       0         51.86153  5.73011   1         692       2326      0         0         86400     28800     39599               
124       2         51.40665  6.17674   1         938       143       0         19076     86400     28800     64800               
125       0         52.80099  4.74684   1         700       245       0         18282     86400     28800     64800               
126       2         53.24578  5.77772   1         703       358       0         0         86400     28800     64800               
127       2         51.57306  5.03529   1         1033      568       0         0         86400     28800     64800               
128       0         52.06454  4.44539   1         1066      192       0         0         86400     28800     64800               
129       0         51.81677  5.77888   1         841       713       0         14424     86400     28800     64800               
130       0         51.93173  6.26424   1         845       731       0         0         86400     28800     64800               
131       0         52.07119  5.10703   1         785       2153      0         11861     86400     32400     36000               
132       2         51.86407  4.52693   1         847       56        0         15950     86400     28800     64800               