NL_FR_0_R 2 6 13 219

[Vehicle Types] - ID_veh_type, fixed_cost, variable_cost, speed, capacity, alpha, beta, max_time, max_drive_time
0         20        1.5       70        3200      2240      2240      46800     32400     
1         20        2.25      50        13600     9520      9520      46800     32400       

[Number of Vehicle Types] - ID_veh_type, ID_depot, number_of_vehicles
0	0	4
0	1	2
0	2	5
1	0	10
1	1	4
1	2	6

[Scheduled Lines] - ID_from, ID_to, cost_per_req, capacity, dep_time, arr_time
0	1	0.01	3200	3600	10800
0	1	0.01	3200	59400	66600
0	2	0.023	3200	1800	7200
0	2	0.023	3200	68400	75600
1	0	0.01	3200	52200	57600
1	0	0.01	3200	82800	86400
1	2	0.016	3200	0	    9000
1	2	0.016	3200	57600	68400
2   0   0.023   3200   0       5400
2	0	0.023	3200	7200	11880
2	0	0.023	3200	71100	77400
2   1   0.016   3200   0       9000
2	1	0.016	3200	7200	16200

[Nodes/requests]: ID_node, ID_depot, lat, long, type, service_time, q_del, q_col, tw_depot_start, tw_depot_end, tw_cust_start, tw_cust_end, PC
0         0         52.05112  5.64277   -1        0         0         0         0         86400     0         86400
1         1         52.26185  6.95999   -1        0         0         0         0         86400     0         86400
2         2         51.52383  5.01482   -1        0         0         0         0         86400     0         86400
3         2         51.67777  5.25296   0         827       0         420       0         86400     50399     57600               
4         2         51.57308  4.63327   0         696       0         199       0         75598     28800     57600               
5         0         52.16311  4.67406   1         852       133       0         4428      86400     28800     64800               
6         2         51.39145  6.10847   0         823       0         385       0         65498     57600     63000               
7         1         53.06772  5.51329   1         986       503       0         0         86400     28800     64800               
8         0         52.23214  4.45576   1         1069      2064      0         15883     86400     28800     64800               
9         1         53.14515  6.09338   1         970       878       0         0         86400     28800     64800               
10        0         52.33472  4.75553   1         644       351       0         0         86400     28800     64800               
11        0         51.86430  4.56139   0         800       0         41        0         86400     28800     57600               
12        0         51.92080  6.49904   1         931       51        0         0         86400     28800     64800               
13        0         51.84137  5.10114   1         864       316       0         7622      86400     28800     64800               
14        2         51.59334  5.00716   0         884       0         124       0         77146     28800     61199               
15        0         53.09323  5.67767   0         715       0         267       0         86400     28800     61199               
16        0         52.58979  4.73946   0         774       0         171       0         69457     28800     61199               
17        0         52.22517  6.37289   1         899       168       0         0         86400     28800     64800               
18        1         52.53321  6.41784   1         853       454       0         8660      86400     28800     64800               
19        0         51.93626  6.13131   0         811       0         1468      0         76426     28800     50399               
20        2         51.75258  4.62474   1         937       945       0         4703      86400     28800     64800               
21        2         51.87315  4.44821   1         906       1341      0         0         86400     28800     64800               
22        2         51.61606  5.51003   1         919       138       0         4446      86400     28800     64800               
23        2         52.00738  5.12853   1         765       564       0         0         86400     28800     64800               
24        0         52.98714  6.05052   0         740       0         144       0         86400     29700     43200               
25        2         51.69831  5.29455   1         824       857       0         0         86400     28800     64800               
26        0         52.30409  5.01207   0         711       0         112       0         63665     28800     61199               
27        2         51.84766  4.14800   1         918       507       0         10878     86400     28800     64800               
28        0         52.23580  5.18914   1         859       111       0         4797      86400     28800     64800               
29        0         51.76960  4.62648   0         1001      0         95        0         67362     28800     61199               
30        2         52.40618  7.02130   0         851       0         359       0         86400     28800     57600               
31        0         51.89007  4.55725   0         892       0         918       0         64948     28800     57600               
32        1         53.22382  5.81942   1         1037      257       0         0         86400     28800     64800               
33        0         52.33973  6.28362   0         862       0         423       0         70183     30600     59400               
34        2         52.64445  5.09722   1         1069      259       0         0         86400     28800     64800               
35        1         52.78944  6.08824   1         742       828       0         0         86400     28800     64800               
36        2         52.01273  4.49402   0         795       0         3         0         86400     32400     57600               
37        0         51.87420  4.69787   0         873       0         48        0         75268     36000     57600               
38        0         52.35334  4.93190   1         932       55        0         0         86400     36000     64800               
39        0         52.54977  6.63336   0         755       0         2244      0         68639     32400     54000               
40        0         52.02366  5.64497   1         804       430       0         19347     86400     28800     64800               
41        0         52.22381  4.42773   0         970       0         160       0         70018     28800     59400               
42        0         52.35943  5.15483   0         799       0         2211      0         75504     28800     57600               
43        2         51.71823  5.55822   1         817       76        0         13551     86400     28800     64800               
44        2         51.81180  4.53107   1         876       90        0         4886      86400     28800     64800               
45        2         52.27278  4.75390   1         792       677       0         0         86400     28800     64800               
46        2         51.78595  5.84748   1         975       707       0         10110     86400     28800     64800               
47        2         51.24003  5.73887   1         856       227       0         21650     86400     28800     64800               
48        2         51.49393  5.36990   1         1017      152       0         0         86400     28800     64800               
49        0         52.32377  5.49857   0         706       0         2946      0         65580     28800     39599               
50        0         52.77673  6.89851   0         925       0         1718      0         68746     54000     61199               
51        2         51.50625  3.89838   1         974       788       0         0         86400     28800     64800               
52        2         51.44407  5.39945   1         784       325       0         11003     86400     28800     64800               
53        2         51.17288  6.00952   1         690       746       0         0         86400     28800     64800               
54        2         51.58602  5.02215   0         1103      0         1140      0         69379     28800     61199               
55        2         52.00145  4.57319   0         668       0         411       0         74447     39599     61199               
56        2         52.04134  4.54396   1         907       978       0         0         86400     28800     64800               
57        1         52.26954  6.92430   0         898       0         358       0         37474     28800     57600               
58        0         52.41523  4.86825   1         773       981       0         16521     86400     28800     64800               
59        0         52.03839  5.60804   0         970       0         627       0         70784     28800     61199               
60        2         51.46572  5.61478   1         793       292       0         24584     86400     28800     64800               
61        2         51.29860  3.81635   0         779       0         3047      0         86400     32400     57600               
62        0         51.93720  5.49836   1         650       215       0         0         86400     28800     64800               
63        0         52.26601  4.71633   1         818       396       0         4416      86400     28800     64800               
64        2         51.43542  5.66654   1         673       353       0         0         86400     28800     64800               
65        1         52.29629  6.92763   1         779       226       0         0         86400     28800     64800               
66        0         52.00585  4.67110   0         893       0         458       0         65263     39599     61199               
67        2         51.54802  4.94962   1         889       43        0         12174     86400     28800     64800               
68        0         51.47392  5.50464   0         693       0         42        0         86400     30600     57600               
69        2         51.72796  5.51196   0         826       0         156       0         59970     46800     59400               
70        0         52.36377  6.49293   1         1093      87        0         0         86400     28800     64800               
71        0         52.26356  5.17850   1         744       193       0         0         86400     37800     63000               
72        2         52.52183  6.30105   1         873       288       0         0         86400     28800     64800               
73        2         51.57101  4.27077   1         919       108       0         4949      86400     28800     64800               
74        0         53.19779  5.84010   1         1042      190       0         0         86400     28800     64800               
75        0         52.43742  4.65862   1         793       65        0         0         86400     28800     64800               
76        0         52.15538  4.34208   1         779       251       0         0         86400     28800     64800               
77        2         52.25289  6.77265   1         1043      89        0         0         86400     28800     64800               
78        2         51.54288  4.45397   0         941       0         793       0         86400     28800     57600               
79        2         51.47820  3.91272   1         821       75        0         0         86400     28800     64800               
80        0         52.32638  5.63678   1         966       329       0         0         86400     28800     64800               
81        2         51.30917  5.63370   0         889       0         67        0         57360     28800     61199               
82        1         52.57437  5.87377   1         840       649       0         0         86400     28800     64800               
83        0         51.58951  4.60602   0         1027      0         2808      0         65510     28800     61199               
84        0         52.33512  5.20153   0         736       0         75        0         86400     36000     57600               
85        0         52.02584  5.63589   1         792       340       0         0         86400     28800     64800               
86        2         51.90847  4.58522   1         866       79        0         0         86400     28800     64800               
87        0         52.34136  5.48887   1         788       2513      0         0         86400     28800     64800               
88        0         52.50913  6.15817   0         802       0         2997      0         86400     28800     64800               
89        2         51.78725  4.17048   0         779       0         2312      0         86400     30600     57600               
90        2         51.50676  3.64826   0         916       0         68        0         75644     28800     57600               
91        2         51.27069  5.88007   0         845       0         115       0         66268     50399     61199               
92        0         51.82684  5.22706   1         947       441       0         0         86400     28800     64800               
93        2         51.59135  5.57583   1         860       362       0         0         86400     28800     54000               
94        2         51.57443  4.45624   1         967       136       0         10795     86400     28800     64800               
95        0         51.96606  5.85824   0         974       0         139       0         86400     28800     57600               
96        1         52.23786  6.76377   1         878       156       0         9152      86400     28800     64800               
97        2         53.26451  6.63013   1         1012      346       0         0         86400     28800     64800               
98        2         51.38241  5.24608   0         1065      0         166       0         86400     28800     61199               
99        0         51.94409  6.31211   0         776       0         64        0         86400     28800     61199               
100       2         51.69698  4.59411   1         906       27        0         13046     86400     28800     64800               
101       0         51.96761  4.65431   1         1042      509       0         4489      86400     28800     64800               
102       0         52.23570  4.49648   1         772       931       0         0         86400     28800     64800               
103       0         51.87189  4.59943   0         587       0         377       0         86400     28800     50399               
104       2         52.50167  5.49706   1         665       87        0         0         86400     28800     64800               
105       2         51.43999  6.06648   1         774       338       0         12424     86400     28800     64800               
106       0         52.00479  5.14061   1         641       922       0         0         86400     28800     64800               
107       0         52.40389  4.64343   1         884       530       0         15547     86400     28800     64800               
108       0         52.33131  5.16157   1         827       326       0         21805     86400     28800     64800               
109       2         51.42711  6.09085   0         796       0         1522      0         86400     50399     61199               
110       0         51.96032  5.43024   0         929       0         16        0         75873     29700     61199               
111       2         51.42002  5.11451   0         1125      0         759       0         86400     36000     57600               
112       0         53.35629  6.72714   1         811       47        0         0         86400     28800     64800               
113       2         51.28262  5.69266   0         969       0         310       0         86400     30600     59400               
114       2         53.22311  6.51579   1         901       352       0         0         86400     28800     64800               
115       2         51.70075  5.04422   1         856       865       0         0         86400     28800     64800               
116       0         52.09332  5.05295   1         841       124       0         18183     86400     28800     64800               
117       2         51.68874  4.91768   0         845       0         350       0         75472     28800     57600               
118       0         51.99798  6.16122   0         1043      0         131       0         67253     30600     57600               
119       0         52.04913  5.56893   1         683       43        0         7426      86400     28800     64800               
120       0         52.20753  5.98562   0         717       0         1388      0         86400     46800     55799               
121       2         52.49018  6.11745   1         912       214       0         0         86400     28800     64800               
122       2         52.58021  4.76169   1         736       2316      0         0         86400     28800     64800               
123       0         52.02399  5.10461   1         964       269       0         0         86400     28800     64800               
124       0         52.06677  4.84467   0         909       0         146       0         57946     28800     57600               
125       2         51.41744  6.07245   1         680       19        0         19227     86400     28800     64800               
126       0         51.95838  6.00547   1         936       272       0         18550     86400     28800     64800               
127       0         52.22297  6.58817   0         794       0         121       0         74983     50399     57600               
128       0         52.63567  6.19343   0         719       0         2760      0         67172     28800     61199               
129       0         52.62873  4.75126   0         685       0         661       0         57164     34199     55799               
130       0         52.39498  4.80519   1         788       659       0         0         86400     28800     64800               
131       0         52.68637  5.08567   0         938       0         371       0         86400     30600     55799               
132       2         51.33430  5.16184   0         744       0         518       0         86400     50399     61199               
133       2         51.65178  4.88312   1         938       516       0         0         86400     28800     64800               
134       0         52.03193  4.51873   0         757       0         117       0         59678     46800     61199               
135       2         51.52515  5.48551   0         774       0         3082      0         86400     55799     59400               
136       2         52.10328  6.35651   1         736       322       0         0         86400     28800     64800               
137       2         52.05356  4.51163   0         950       0         53        0         86400     28800     61199               
138       2         51.47145  3.84719   1         923       31        0         0         86400     28800     64800               
139       0         52.16475  5.72837   1         948       179       0         0         86400     28800     64800               
140       2         51.29482  6.08851   0         646       0         1368      0         63273     45900     54000               
141       2         51.53081  5.38980   1         798       36        0         12932     86400     28800     64800               
142       0         52.19296  5.56817   1         833       178       0         18955     86400     28800     64800               
143       0         51.91423  4.25983   1         926       3260      0         0         86400     28800     64800               
144       0         52.38564  4.91172   1         858       1736      0         0         86400     28800     64800               
145       0         52.79369  4.82403   1         1142      757       0         0         86400     28800     64800               
146       2         51.56614  4.63942   1         1023      361       0         19497     86400     28800     64800               
147       1         52.44745  6.32296   1         857       327       0         0         86400     28800     64800               
148       2         51.60596  5.43975   0         925       0         286       0         66893     28800     61199               
149       0         52.62306  4.76719   1         754       3288      0         0         86400     28800     64800               
150       0         52.32440  4.69742   1         839       657       0         0         86400     36000     61199               
151       0         52.00399  5.14401   1         752       767       0         15527     86400     28800     64800               
152       2         51.43278  6.09414   0         693       0         370       0         66963     28800     61199               
153       1         53.23527  6.56891   1         782       2516      0         0         86400     28800     64800               
154       2         51.13799  6.09005   1         819       617       0         0         86400     46800     61199               
155       1         52.96848  5.92159   1         899       201       0         0         86400     28800     64800               
156       0         51.53091  3.86233   0         772       0         96        0         86400     28800     57600               
157       1         53.28725  5.59632   0         1037      0         267       0         61388     39599     50399               
158       2         51.56025  4.44208   0         851       0         706       0         86400     32400     57600               
159       0         52.36983  4.63045   1         895       701       0         0         86400     28800     64800               
160       2         51.86093  4.25940   1         657       463       0         23163     86400     28800     64800               
161       0         52.49029  4.72819   1         1114      1442      0         10548     86400     28800     64800               
162       2         51.59125  4.84447   0         860       0         1630      0         58097     28800     61199               
163       0         52.35618  5.51795   0         734       0         1422      0         66155     28800     39599               
164       0         52.15287  4.63108   1         837       58        0         16902     86400     28800     64800               
165       2         51.65646  6.00932   1         924       3088      0         0         86400     28800     64800               
166       2         51.75522  4.54180   1         893       108       0         0         86400     28800     64800               
167       0         52.31013  5.00899   0         784       0         327       0         64785     28800     61199               
168       0         51.93389  5.60788   1         897       166       0         0         86400     28800     64800               
169       0         51.93823  4.56951   1         878       803       0         0         86400     28800     64800               
170       1         53.16765  5.44172   1         752       106       0         0         86400     28800     64800               
171       2         51.37876  6.04808   0         900       0         753       0         82303     28800     61199               
172       2         51.36442  5.46267   1         725       606       0         12309     86400     28800     64800               
173       2         51.81288  5.26497   1         847       98        0         16024     86400     28800     64800               
174       0         52.29022  6.90244   1         835       1276      0         0         86400     28800     64800               
175       2         51.59849  4.99171   0         544       0         713       0         73165     46800     61199               
176       0         53.18204  6.36941   0         949       0         182       0         86400     28800     57600               
177       2         51.18071  6.02986   0         929       0         502       0         86400     50399     59400               
178       0         52.94693  5.96860   1         863       55        0         0         86400     28800     64800               
179       2         51.40457  5.43649   1         806       259       0         0         86400     28800     64800               
180       2         51.87492  4.56889   1         665       1419      0         11056     86400     28800     64800               
181       2         51.87839  4.35579   1         633       1302      0         0         86400     28800     64800               
182       0         52.18412  4.87125   0         960       0         197       0         75348     28800     61199               
183       2         51.19751  6.00037   1         974       176       0         0         86400     28800     64800               
184       0         51.88651  6.09557   1         810       36        0         16351     86400     28800     64800               
185       0         52.23847  4.68585   1         870       107       0         0         86400     28800     64800               
186       2         51.36656  6.07588   1         750       92        0         0         86400     28800     64800               
187       1         53.03605  6.72752   1         916       133       0         0         86400     28800     64800               
188       2         51.71577  4.86374   1         807       181       0         20045     86400     28800     64800               
189       2         51.28941  6.06576   1         882       771       0         6883      86400     28800     64800               
190       0         52.11784  5.46089   1         1048      196       0         0         86400     28800     64800               
191       0         51.90672  5.91087   0         747       0         146       0         86400     28800     61199               
192       0         52.20861  5.93688   1         751       31        0         14692     86400     28800     64800               
193       2         53.09517  5.81653   0         925       0         255       0         86400     28800     61199               
194       2         52.35776  5.98744   1         1037      138       0         0         86400     28800     64800               
195       2         51.60350  4.81408   0         929       0         67        0         57559     32400     57600               
196       2         51.88701  4.20313   1         983       2843      0         19286     86400     28800     64800               
197       2         51.21862  5.81009   0         951       0         1578      0         86400     46800     57600               
198       1         52.22495  6.76518   1         847       242       0         0         86400     28800     64800               
199       0         53.25752  5.58357   0         847       0         1539      0         86400     39599     50399               
200       0         52.12580  5.05021   1         870       138       0         0         86400     28800     64800               
201       0         52.14037  5.23679   1         893       17        0         0         86400     28800     64800               
202       0         51.35587  3.82909   0         956       0         197       0         86400     32400     57600               
203       2         51.63089  3.92454   0         916       0         60        0         74560     28800     57659               
204       2         51.43386  6.10964   1         882       873       0         0         86400     28800     64800               
205       2         51.45416  5.42433   0         812       0         352       0         86400     39599     54000               
206       0         52.52618  6.18045   1         844       2008      0         0         86400     28800     64800               
207       2         51.81180  5.30133   1         940       731       0         25093     86400     28800     64800               
208       2         51.48848  3.64737   0         892       0         286       0         68890     28800     57600               
209       2         51.66053  5.65642   1         916       1444      0         0         86400     28800     64800               
210       2         51.41132  6.17384   1         762       187       0         0         86400     28800     64800               
211       0         52.00829  4.62548   0         708       0         870       0         69097     30600     61199               
212       0         53.26140  5.52625   1         1221      303       0         0         86400     28800     64800               
213       0         51.97643  6.73851   0         880       0         920       0         70896     37800     61199               
214       0         51.87362  4.52590   1         881       125       0         16386     86400     28800     64800               
215       0         52.48187  4.60768   1         876       1561      0         0         86400     28800     64800               
216       0         52.16698  5.99344   1         1052      102       0         19458     86400     28800     64800               
217       2         52.39932  4.69146   0         944       0         21        0         86400     28800     61199               
218       0         52.21360  4.84760   1         823       5         0         0         86400     36000     57600               