NL_FR_3_R 2 6 13 208

[Vehicle Types] - ID_veh_type, fixed_cost, variable_cost, speed, capacity, alpha, beta, max_time, max_drive_time
0         20        1.5       70        3200      2240      2240      46800     32400     
1         20        2.25      50        13600     9520      9520      46800     32400       

[Number of Vehicle Types] - ID_veh_type, ID_depot, number_of_vehicles
0	0	4
0	1	2
0	2	5
1	0	10
1	1	4
1	2	6

[Scheduled Lines] - ID_from, ID_to, cost_per_req, capacity, dep_time, arr_time
0	1	0.01	3200	3600	10800
0	1	0.01	3200	59400	66600
0	2	0.023	3200	1800	7200
0	2	0.023	3200	68400	75600
1	0	0.01	3200	52200	57600
1	0	0.01	3200	82800	86400
1	2	0.016	3200	0	    9000
1	2	0.016	3200	57600	68400
2   0   0.023   3200   0       5400
2	0	0.023	3200	7200	11880
2	0	0.023	3200	71100	77400
2   1   0.016   3200   0       9000
2	1	0.016	3200	7200	16200

[Nodes/requests]: ID_node, ID_depot, lat, long, type, service_time, q_del, q_col, tw_depot_start, tw_depot_end, tw_cust_start, tw_cust_end, PC
0         0         52.05109  5.64913   -1        0         0         0         0         86400     0         86400
1         1         52.30646  6.91727   -1        0         0         0         0         86400     0         86400
2         2         51.51196  5.02950   -1        0         0         0         0         86400     0         86400
3         2         51.77418  5.56607   1         926       49        0         11837     86400     28800     64800               
4         0         52.20161  6.07151   1         930       66        0         20781     86400     28800     64800               
5         0         52.42576  4.80105   1         979       125       0         0         86400     28800     64800               
6         2         53.00166  6.57858   1         733       939       0         0         86400     28800     64800               
7         0         51.82650  5.22007   0         828       0         142       0         71303     28800     57600               
8         2         51.80402  5.03740   1         837       93        0         10211     86400     28800     64800               
9         0         51.84458  5.28961   1         940       384       0         15376     86400     28800     64800               
10        2         51.71346  5.05110   1         681       594       0         0         86400     28800     64800               
11        0         52.32242  4.81253   1         928       222       0         0         86400     28800     61199               
12        0         52.04237  5.56176   1         802       316       0         5520      86400     28800     64800               
13        0         52.29311  4.57366   1         772       22        0         18300     86400     28800     64800               
14        2         51.85347  4.16851   1         710       718       0         26248     86400     28800     64800               
15        0         52.12173  5.06596   1         956       325       0         5774      86400     28800     64800               
16        0         51.95944  4.57586   0         865       0         35        0         86400     28800     61199               
17        0         52.32124  5.32239   0         815       0         1938      0         77401     28800     64800               
18        0         53.13471  6.09369   0         821       0         147       0         86400     34199     61199               
19        2         51.60983  4.74699   1         844       1824      0         0         86400     28800     64800               
20        2         51.86488  4.38777   1         945       314       0         8746      86400     28800     64800               
21        0         53.14248  5.72333   0         815       0         169       0         75382     28800     61199               
22        2         51.72456  5.48716   0         928       0         62        0         69219     46800     59400               
23        2         51.50005  5.43088   1         658       155       0         0         86400     28800     64800               
24        0         52.05131  4.39543   0         895       0         235       0         58360     28800     61199               
25        2         52.34031  5.54996   0         794       0         227       0         86400     39599     55799               
26        0         52.95104  5.95273   1         896       133       0         0         86400     28800     64800               
27        0         51.97934  4.37122   1         1148      506       0         0         86400     28800     64800               
28        2         51.42030  5.44723   0         951       0         314       0         65441     28800     61199               
29        1         52.75950  6.90543   0         762       0         767       0         86400     54000     61199               
30        0         52.70336  5.09288   0         826       0         94        0         86400     28800     57600               
31        0         52.02523  6.17130   0         1007      0         495       0         76163     32400     54000               
32        2         51.76904  5.51990   0         724       0         45        0         73769     46800     59400               
33        2         51.73992  5.46695   0         798       0         582       0         70941     46800     59400               
34        1         52.76984  6.92531   0         785       0         230       0         60533     28800     61199               
35        2         51.80635  4.41349   0         645       0         1827      0         74400     28800     50399               
36        0         52.01787  4.51299   1         774       553       0         8507      86400     28800     64800               
37        0         52.28435  5.27302   1         924       101       0         15262     86400     28800     64800               
38        2         51.53691  5.98926   1         771       766       0         0         86400     28800     64800               
39        1         52.30504  6.96406   1         961       594       0         0         86400     28800     64800               
40        2         51.65089  5.64121   1         1116      174       0         0         86400     28800     57600               
41        0         51.95522  4.45898   0         699       0         279       0         86400     36000     54000               
42        0         53.11670  6.09572   1         1087      1637      0         0         86400     28800     64800               
43        2         51.77060  5.04094   1         945       106       0         24897     86400     28800     64800               
44        0         52.34711  5.49214   1         948       1519      0         0         86400     28800     64800               
45        2         51.57793  5.61987   1         904       130       0         0         86400     28800     64800               
46        2         51.82303  4.26991   0         760       0         642       0         86400     28800     61199               
47        2         51.40660  6.09288   0         784       0         119       0         86400     28800     61199               
48        0         52.05792  4.45413   1         915       3141      0         0         86400     28800     64800               
49        2         51.55350  4.64545   0         732       0         89        0         76713     30600     59400               
50        0         52.61604  4.72969   1         1003      1363      0         0         86400     28800     64800               
51        1         52.51368  5.51107   0         935       0         1321      0         60589     28800     61199               
52        1         52.21053  6.82288   0         683       0         137       0         50590     36000     54000               
53        2         51.47083  5.42912   0         866       0         2292      0         86400     28800     61199               
54        2         51.51156  3.87952   1         770       101       0         26796     86400     28800     64800               
55        0         52.89792  5.78065   1         738       23        0         0         86400     28800     64800               
56        2         51.72576  5.07085   1         843       706       0         0         86400     28800     32400               
57        0         52.48530  4.81819   1         765       2170      0         0         86400     28800     43200               
58        0         51.90848  5.66811   0         808       0         2045      0         70911     28800     54000               
59        0         52.04080  5.58397   1         934       31        0         0         86400     28800     64800               
60        0         51.82776  5.25168   0         1065      0         146       0         63394     28800     57600               
61        0         51.76205  4.65965   1         975       76        0         0         86400     28800     64800               
62        1         53.08459  6.05918   1         888       556       0         0         86400     28800     64800               
63        2         51.29517  3.82399   0         639       0         251       0         72736     32400     57600               
64        1         52.26032  6.56075   1         834       103       0         0         86400     28800     64800               
65        2         51.41603  5.55716   1         937       689       0         0         86400     28800     64800               
66        0         52.19847  4.42904   1         1055      228       0         0         86400     28800     64800               
67        2         52.32015  6.64535   1         847       82        0         0         86400     28800     64800               
68        2         51.47269  5.42658   1         880       14        0         0         86400     28800     64800               
69        0         52.00906  4.50245   1         664       2329      0         16068     86400     28800     64800               
70        0         51.81254  4.04650   0         931       0         16        0         76202     28800     57600               
71        0         51.89925  5.60598   0         749       0         360       0         86400     28800     61199               
72        2         51.41144  6.08561   1         752       412       0         0         86400     39599     43200               
73        2         51.38075  5.37991   1         847       190       0         27555     86400     28800     64800               
74        0         52.08371  5.08239   1         750       707       0         8387      86400     28800     64800               
75        2         51.62438  5.50009   1         965       625       0         0         86400     28800     64800               
76        2         51.40162  5.43717   1         999       16        0         0         86400     28800     64800               
77        1         52.40589  6.92302   1         859       744       0         0         86400     28800     36000               
78        0         52.74801  6.92574   0         964       0         856       0         86400     28800     61199               
79        0         52.21811  5.98089   0         680       0         40        0         66942     46800     55799               
80        0         51.65375  4.85540   0         1087      0         152       0         75083     32400     61199               
81        0         52.12546  4.46313   1         795       241       0         11894     86400     28800     64800               
82        1         52.91861  5.83043   1         928       159       0         9595      86400     28800     64800               
83        0         52.45224  4.59919   0         1047      0         212       0         73897     32400     59400               
84        0         52.00023  6.12510   0         911       0         261       0         56890     32400     54000               
85        0         52.58062  4.74025   1         743       466       0         14758     86400     28800     64800               
86        0         51.80543  4.58776   0         782       0         713       0         58511     28800     54000               
87        2         51.44497  5.51922   1         802       46        0         22781     86400     28800     64800               
88        2         52.07943  4.50088   1         1070      384       0         0         86400     28800     43200               
89        2         51.81154  4.32951   0         816       0         442       0         77737     32400     54000               
90        0         52.62530  6.18165   1         833       579       0         0         86400     28800     64800               
91        2         52.57535  6.62411   1         718       491       0         0         86400     28800     64800               
92        0         52.01516  4.62802   1         1011      239       0         0         86400     28800     64800               
93        0         51.99183  4.67379   0         886       0         1811      0         76260     28800     61199               
94        2         51.32362  5.61820   0         694       0         65        0         65478     54000     61199               
95        2         51.64311  4.53890   0         724       0         1471      0         86400     50399     54000               
96        1         52.49079  6.06329   0         688       0         293       0         86400     36000     54000               
97        0         53.26740  6.59069   1         708       33        0         0         86400     28800     64800               
98        2         52.49114  5.45776   0         920       0         418       0         86400     28800     55799               
99        0         51.90458  5.86928   0         1017      0         156       0         65720     28800     61199               
100       2         52.46762  4.60832   0         650       0         765       0         77193     28800     59400               
101       2         51.54076  4.43890   0         638       0         73        0         77924     28800     57600               
102       2         51.88695  4.55470   1         851       265       0         0         86400     28800     64800               
103       0         53.00228  6.54956   0         1109      0         1168      0         86400     28800     64800               
104       2         51.53303  4.05976   1         761       113       0         18265     86400     28800     64800               
105       0         52.03828  4.62368   1         738       102       0         15220     86400     28800     64800               
106       0         51.90241  6.54016   1         697       719       0         0         86400     28800     64800               
107       1         53.27461  5.66115   0         608       0         1270      0         86400     28800     50399               
108       2         51.98493  4.37843   1         828       2115      0         0         86400     28800     64800               
109       1         52.52910  5.51048   0         892       0         114       0         59073     28800     61199               
110       1         52.62048  6.07860   1         914       170       0         0         86400     28800     64800               
111       1         53.44194  6.81131   1         818       320       0         0         86400     28800     64800               
112       2         51.66287  4.56581   0         1015      0         1813      0         86400     50399     52200               
113       0         52.22040  5.46175   0         770       0         1621      0         56108     28800     61199               
114       2         51.46309  5.84346   1         724       267       0         13824     86400     28800     64800               
115       0         51.81395  4.97642   1         864       282       0         14735     86400     28800     64800               
116       2         51.61752  4.75364   0         781       0         373       0         86400     52200     55799               
117       2         51.37429  5.29972   1         918       306       0         0         86400     28800     64800               
118       1         52.79833  5.67163   1         668       182       0         0         86400     28800     64800               
119       1         52.31561  6.80427   1         723       351       0         0         86400     28800     64800               
120       0         51.86022  4.67105   1         579       232       0         0         86400     28800     64800               
121       0         51.87465  4.69214   0         947       0         1362      0         59157     28800     61199               
122       2         52.27075  6.83738   1         915       411       0         4250      86400     28800     64800               
123       0         52.36708  4.76651   1         665       930       0         15810     86400     28800     64800               
124       0         51.91412  4.25839   1         1007      374       0         0         86400     28800     64800               
125       2         52.15986  6.19674   1         831       76        0         0         86400     28800     64800               
126       0         51.99175  6.03094   1         844       92        0         12745     86400     28800     64800               
127       0         52.09277  5.03266   0         750       0         962       0         74606     30600     59400               
128       0         51.80383  5.78775   1         775       120       0         12515     86400     28800     64800               
129       2         51.60123  5.51248   1         728       52        0         18041     86400     28800     64800               
130       0         51.93737  6.30974   1         848       110       0         0         86400     28800     64800               
131       2         51.60053  4.78018   1         744       770       0         19092     86400     28800     64800               
132       1         52.15072  6.71420   1         1084      208       0         10047     86400     28800     64800               
133       0         52.71303  5.18794   0         884       0         1900      0         75408     28800     57600               
134       0         51.73297  4.65812   1         726       712       0         0         86400     28800     64800               
135       0         52.25129  5.99303   0         986       0         770       0         69306     46800     55799               
136       0         52.24819  5.96627   1         869       770       0         18658     86400     28800     64800               
137       2         51.67928  5.93661   0         901       0         237       0         86400     32400     57600               
138       0         52.62128  4.73698   1         919       340       0         19815     86400     28800     64800               
139       2         52.00951  4.39577   1         829       96        0         0         86400     28800     64800               
140       0         52.13368  4.42171   1         766       330       0         0         86400     28800     64800               
141       2         51.75824  5.63704   1         843       620       0         11055     86400     28800     64800               
142       0         52.31303  4.72244   0         799       0         1150      0         75499     28800     61199               
143       0         52.67120  4.96321   1         1038      1445      0         20214     86400     28800     64800               
144       0         52.27519  4.70820   1         965       35        0         0         86400     28800     64800               
145       2         52.37464  6.62274   1         776       194       0         0         86400     28800     64800               
146       1         52.93401  6.56562   0         871       0         719       0         61056     28800     64800               
147       0         52.42312  5.25521   1         992       65        0         0         86400     28800     64800               
148       2         51.19880  5.59260   1         781       390       0         23270     86400     28800     64800               
149       2         51.44575  5.56821   1         911       44        0         12076     86400     28800     64800               
150       1         52.97558  5.85573   1         906       196       0         0         86400     28800     64800               
151       2         53.02673  6.89771   1         771       264       0         0         86400     28800     64800               
152       2         52.77257  6.08668   1         777       93        0         0         86400     28800     64800               
153       0         52.93262  4.78641   1         837       343       0         0         86400     28800     64800               
154       0         52.23944  6.81047   1         852       214       0         0         86400     28800     64800               
155       2         51.70206  5.05368   1         917       148       0         0         86400     28800     64800               
156       0         52.33631  4.94700   1         596       177       0         38292     86400     28800     64800               
157       2         51.42821  5.77010   0         758       0         981       0         68758     28800     54000               
158       0         52.17709  6.01174   1         857       52        0         15788     86400     28800     64800               
159       2         51.60392  4.79538   0         739       0         141       0         67175     52200     55799               
160       2         51.70172  4.57772   1         865       129       0         0         86400     28800     64800               
161       0         51.85024  5.23670   0         853       0         140       0         71436     28800     57600               
162       2         51.43496  5.67880   0         821       0         129       0         74176     50399     61199               
163       0         52.70160  6.15951   1         780       747       0         0         86400     28800     64800               
164       2         51.42769  5.43407   1         872       1606      0         9587      86400     28800     64800               
165       0         51.98713  4.38756   1         814       29        0         0         86400     28800     64800               
166       2         51.35898  5.73993   1         822       193       0         0         86400     28800     64800               
167       2         51.42388  6.07935   1         755       313       0         0         86400     28800     44940               
168       0         52.60263  4.75135   0         868       0         1733      0         66223     28800     61199               
169       0         51.97643  5.51730   0         954       0         91        0         56568     28800     61199               
170       2         51.47857  6.16015   1         714       70        0         11682     86400     28800     64800               
171       0         52.06804  4.52119   1         1066      255       0         0         86400     28800     64800               
172       2         51.90429  4.37555   0         989       0         740       0         68700     36000     57600               
173       0         51.60345  4.99057   0         704       0         3185      0         86400     50399     54000               
174       2         52.63115  4.72405   1         530       916       0         0         86400     28800     50399               
175       2         51.60441  4.70825   1         855       89        0         0         86400     28800     64800               
176       0         51.89839  4.60166   1         857       268       0         15141     86400     28800     64800               
177       0         51.91888  4.45062   1         772       619       0         0         86400     28800     43200               
178       2         51.51752  3.63229   1         612       122       0         0         86400     28800     64800               
179       2         51.75581  5.26463   0         726       0         372       0         69196     36000     61199               
180       0         51.82873  4.93323   1         971       189       0         4452      86400     28800     64800               
181       2         52.26271  5.39742   1         821       156       0         0         86400     28800     64800               
182       0         51.39466  6.18416   1         842       744       0         0         86400     28800     64800               
183       1         52.50720  6.09135   1         973       703       0         9256      86400     28800     64800               
184       2         52.11892  5.46107   1         1043      131       0         0         86400     28800     64800               
185       2         51.85704  4.21711   1         782       3047      0         22657     86400     28800     64800               
186       0         53.29352  5.67375   1         672       966       0         0         86400     28800     64800               
187       1         52.37957  6.69513   1         772       122       0         0         86400     28800     64800               
188       0         52.00437  5.59388   1         852       223       0         0         86400     28800     64800               
189       2         51.65932  4.88503   0         932       0         320       0         86400     28800     61199               
190       0         52.72955  6.87736   0         927       0         4         0         77130     46800     57600               
191       2         51.81873  4.44879   0         913       0         721       0         86400     28800     61199               
192       0         52.70129  4.77773   1         767       777       0         0         86400     28800     64800               
193       2         51.71869  5.88833   0         959       0         164       0         77798     28800     57600               
194       2         52.41308  4.83697   0         950       0         1560      0         60595     32400     61199               
195       2         51.67784  4.84903   0         782       0         386       0         76797     32400     61199               
196       0         51.97904  6.31686   0         887       0         83        0         70100     28800     61199               
197       1         52.39213  6.64194   1         989       64        0         0         86400     28800     64800               
198       2         51.64756  4.92883   0         938       0         238       0         75689     50399     57600               
199       0         53.11919  6.06860   0         857       0         186       0         86400     39599     55799               
200       0         52.39106  4.89673   1         920       2856      0         11633     86400     28800     30600               
201       0         52.18234  4.97447   1         853       921       0         19257     86400     28800     64800               
202       0         52.04660  4.62535   1         1064      99        0         15670     86400     28800     64800               
203       2         51.58711  5.49681   1         859       880       0         0         86400     38700     42299               
204       2         52.33630  5.18175   1         833       1897      0         0         86400     28800     64800               
205       0         51.15324  6.06283   0         835       0         2918      0         76227     32400     59400               
206       0         52.43951  4.72658   0         930       0         217       0         70655     28800     57600               
207       0         52.08391  4.30055   1         946       744       0         15731     86400     28800     64800               