NL_FR_1_R 2 6 13 217

[Vehicle Types] - ID_veh_type, fixed_cost, variable_cost, speed, capacity, alpha, beta, max_time, max_drive_time
0         20        1.5       70        3200      2240      2240      46800     32400     
1         20        2.25      50        13600     9520      9520      46800     32400       

[Number of Vehicle Types] - ID_veh_type, ID_depot, number_of_vehicles
0	0	4
0	1	2
0	2	5
1	0	10
1	1	4
1	2	6

[Scheduled Lines] - ID_from, ID_to, cost_per_req, capacity, dep_time, arr_time
0	1	0.01	3200	3600	10800
0	1	0.01	3200	59400	66600
0	2	0.023	3200	1800	7200
0	2	0.023	3200	68400	75600
1	0	0.01	3200	52200	57600
1	0	0.01	3200	82800	86400
1	2	0.016	3200	0	    9000
1	2	0.016	3200	57600	68400
2   0   0.023   3200   0       5400
2	0	0.023	3200	7200	11880
2	0	0.023	3200	71100	77400
2   1   0.016   3200   0       9000
2	1	0.016	3200	7200	16200

[Nodes/requests]: ID_node, ID_depot, lat, long, type, service_time, q_del, q_col, tw_depot_start, tw_depot_end, tw_cust_start, tw_cust_end, PC
0         0         51.99946  5.64171   -1        0         0         0         0         86400     0         86400
1         1         52.29864  6.87751   -1        0         0         0         0         86400     0         86400
2         2         51.53051  5.03577   -1        0         0         0         0         86400     0         86400
3         0         51.35551  6.12470   0         828       0         425       0         76682     28800     61199               
4         0         52.21999  4.48359   0         934       0         65        0         78060     28800     61199               
5         0         52.01190  4.54125   0         785       0         162       0         77684     36000     57600               
6         2         51.37792  3.69503   1         888       3148      0         0         86400     28800     64800               
7         1         52.48529  6.16538   1         904       2680      0         0         86400     28800     64800               
8         1         52.63605  6.21763   1         738       47        0         10843     86400     28800     64800               
9         2         51.40296  6.07274   0         789       0         940       0         86400     28800     57600               
10        2         51.53224  4.94411   1         815       462       0         21417     86400     28800     64800               
11        0         52.34681  5.22924   0         961       0         82        0         74130     30600     54000               
12        2         51.72436  5.85770   0         989       0         59        0         86400     36000     61199               
13        2         53.29907  6.55344   1         682       675       0         0         86400     28800     43200               
14        2         51.53104  5.08015   1         887       387       0         0         86400     28800     64800               
15        0         52.04166  4.64254   1         972       138       0         16738     86400     28800     64800               
16        0         52.23256  5.49388   0         1034      0         34        0         76382     28800     61199               
17        2         51.21857  5.97349   1         800       2291      0         0         86400     28800     64800               
18        1         52.26788  6.74430   1         883       772       0         0         86400     28800     64800               
19        2         51.56412  4.48801   1         926       408       0         17330     86400     28800     64800               
20        0         51.37494  6.08223   0         815       0         25        0         86400     28800     61199               
21        2         52.57289  6.65021   1         834       154       0         0         86400     28800     64800               
22        2         51.72138  5.06430   1         860       397       0         16623     86400     28800     64800               
23        2         51.63248  4.76339   0         922       0         241       0         58752     28800     61199               
24        2         51.57019  4.62519   1         876       379       0         17606     86400     28800     64800               
25        2         51.41956  5.56131   0         927       0         2080      0         71161     46800     57600               
26        2         51.86243  4.28272   1         957       192       0         0         86400     28800     64800               
27        0         51.52690  4.52755   0         879       0         388       0         86400     32400     57600               
28        1         52.56182  5.88571   1         776       84        0         0         86400     28800     64800               
29        2         51.61392  3.94182   1         794       722       0         13847     86400     28800     50399               
30        2         52.49535  6.05048   1         824       761       0         0         86400     28800     64800               
31        0         52.33697  5.97892   1         856       375       0         0         86400     28800     64800               
32        1         52.47516  6.11899   1         876       137       0         0         86400     28800     64800               
33        0         52.05151  4.53169   1         752       126       0         17848     86400     28800     64800               
34        2         51.89850  4.27375   1         857       35        0         19540     86400     28800     64800               
35        2         51.41433  6.08931   0         758       0         493       0         80129     28800     61199               
36        1         52.29584  6.92913   0         867       0         1378      0         50021     28800     59400               
37        0         52.72243  4.95270   1         966       463       0         0         86400     28800     64800               
38        0         52.40166  4.75362   1         815       432       0         0         86400     28800     64800               
39        0         52.57553  4.76900   0         892       0         148       0         66443     32400     61199               
40        0         51.82873  5.73934   0         823       0         867       0         86400     46800     59400               
41        2         51.47217  5.46706   1         1052      482       0         0         86400     28800     64800               
42        0         52.04446  4.87170   1         944       167       0         10689     86400     28800     64800               
43        1         53.16747  7.04500   1         796       279       0         10247     86400     28800     64800               
44        0         51.85222  6.26733   0         876       0         762       0         71686     55799     61199               
45        0         52.39026  4.65678   1         992       291       0         16959     86400     28800     64800               
46        0         52.37486  5.20364   0         943       0         100       0         60465     28800     54000               
47        0         52.38405  5.28254   1         879       1515      0         0         86400     28800     64800               
48        0         51.93416  6.17766   0         1088      0         756       0         74561     28800     57600               
49        2         51.47554  3.91505   1         1044      15        0         0         86400     28800     64800               
50        0         51.97779  4.25068   1         945       80        0         20065     86400     28800     64800               
51        0         51.81530  4.72624   1         865       90        0         19688     86400     28800     64800               
52        0         52.23731  6.79852   1         851       627       0         0         86400     28800     64800               
53        2         51.67275  4.99106   0         782       0         77        0         76127     28800     57600               
54        2         51.48794  5.07626   0         711       0         2172      0         86400     28800     55799               
55        2         51.55107  4.63504   1         851       438       0         11321     86400     28800     64800               
56        0         51.94245  4.41745   1         814       1203      0         0         86400     28800     64800               
57        0         51.88658  4.42852   1         944       58        0         20072     86400     28800     64800               
58        2         51.60445  5.11227   1         877       666       0         6055      86400     28800     64800               
59        2         51.69004  4.87439   1         987       5         0         19399     86400     28800     64800               
60        2         52.01969  5.59818   0         731       0         230       0         76670     28800     54000               
61        0         52.04256  4.41691   0         826       0         72        0         64137     28800     61199               
62        2         51.39873  6.05640   0         840       0         79        0         81590     50399     57600               
63        0         51.49041  5.67959   0         717       0         53        0         74277     28800     64800               
64        2         51.62361  4.89513   1         878       1046      0         0         86400     28800     64800               
65        2         51.11580  5.90417   0         879       0         224       0         65754     28800     54000               
66        2         51.86655  4.39708   1         712       882       0         13885     86400     28800     64800               
67        0         52.38518  6.68694   1         804       247       0         0         86400     28800     64800               
68        0         51.80849  4.81267   0         863       0         429       0         86400     28800     55799               
69        2         52.15908  5.27296   1         629       716       0         0         86400     28800     64800               
70        0         52.01570  4.66678   1         788       109       0         0         86400     28800     64800               
71        2         51.31220  3.39200   1         787       1003      0         0         86400     28800     64800               
72        0         51.94150  5.64408   1         722       981       0         16894     86400     28800     64800               
73        1         52.75989  6.90189   0         734       0         345       0         56183     28800     61199               
74        0         52.31023  4.70741   1         670       159       0         6479      86400     28800     64800               
75        2         52.67663  6.70236   0         870       0         178       0         86400     52200     61199               
76        0         52.63001  4.75287   0         789       0         2308      0         75154     28800     61199               
77        0         51.92032  6.11270   1         957       922       0         19691     86400     28800     64800               
78        1         53.23007  6.52612   1         659       325       0         0         86400     28800     64800               
79        2         51.60291  4.90145   0         1038      0         1863      0         59461     28800     57600               
80        2         51.54825  4.46453   0         832       0         117       0         86400     50399     61199               
81        0         52.67058  4.75708   1         843       383       0         0         86400     28800     64800               
82        2         51.58100  4.54948   1         781       334       0         7180      86400     28800     64800               
83        0         52.05913  4.52560   1         886       603       0         19744     86400     28800     64800               
84        2         51.74444  4.48152   0         922       0         350       0         86400     28800     50399               
85        2         51.90744  5.71509   1         812       2         0         0         86400     28800     64800               
86        2         51.58239  4.43089   1         900       9         0         9372      86400     28800     64800               
87        0         51.97700  4.54786   1         863       127       0         0         86400     28800     64800               
88        2         51.65685  5.62046   1         780       44        0         0         86400     28800     64800               
89        0         52.31051  5.32914   1         818       62        0         0         86400     28800     64800               
90        0         51.50263  5.69367   0         795       0         1503      0         74714     28800     64800               
91        0         52.37576  6.52760   1         681       536       0         0         86400     28800     64800               
92        2         51.43534  5.47876   1         722       1972      0         21398     86400     28800     64800               
93        0         52.29449  6.18947   1         927       433       0         0         86400     28800     64800               
94        1         52.70655  6.50729   0         974       0         725       0         65828     28800     64800               
95        0         51.84797  4.71321   1         785       2301      0         14598     86400     28800     64800               
96        2         51.48903  5.39626   0         599       0         300       0         86400     46800     61199               
97        2         51.88489  4.42530   1         834       111       0         0         86400     28800     64800               
98        0         52.64733  4.80698   1         949       175       0         0         86400     28800     64800               
99        0         52.35452  4.87142   1         802       466       0         17614     86400     28800     64800               
100       2         51.50681  5.44777   1         693       257       0         0         86400     28800     64800               
101       0         52.63520  6.59069   1         863       559       0         0         86400     28800     64800               
102       2         51.28109  5.63061   1         757       310       0         0         86400     28800     64800               
103       2         51.52951  6.01691   1         935       292       0         0         86400     28800     55799               
104       2         51.49464  4.27411   1         752       95        0         0         86400     28800     64800               
105       0         51.89484  5.90993   1         1271      425       0         0         86400     28800     64800               
106       0         51.94892  5.79755   1         875       443       0         0         86400     28800     64800               
107       0         51.97620  5.13242   1         739       680       0         0         86400     28800     64800               
108       2         52.52886  5.44006   1         938       756       0         0         86400     28800     64800               
109       0         51.36398  5.23988   0         966       0         248       0         86400     28800     61199               
110       0         52.19903  6.01430   1         415       456       0         7516      86400     28800     64800               
111       0         52.58286  4.77802   0         752       0         391       0         59322     36000     61199               
112       0         51.62996  4.86524   0         906       0         439       0         74768     32400     61199               
113       0         51.80164  4.80469   0         754       0         162       0         76884     28800     61199               
114       0         53.26192  6.61526   0         862       0         531       0         86400     28800     61199               
115       0         51.80326  5.75007   1         720       60        0         11005     86400     28800     64800               
116       2         51.76913  5.01689   1         645       1207      0         0         86400     28800     64800               
117       2         51.28797  5.77320   1         718       142       0         24595     86400     28800     64800               
118       0         51.87597  6.12406   1         839       172       0         0         86400     28800     64800               
119       1         52.28977  6.93158   1         784       211       0         0         86400     28800     64800               
120       0         51.81065  5.75842   0         796       0         378       0         77561     28800     61199               
121       0         51.87938  4.60848   1         873       36        0         0         86400     28800     64800               
122       0         52.25475  5.16471   1         895       408       0         0         86400     28800     64800               
123       0         52.23450  5.99035   0         785       0         220       0         60615     46800     55799               
124       1         52.76880  6.09125   1         879       769       0         0         86400     28800     64800               
125       2         51.38138  6.09374   0         868       0         1946      0         86400     50399     57600               
126       2         51.68925  5.02792   1         955       368       0         0         86400     28800     64800               
127       1         52.77769  6.89313   0         732       0         241       0         56187     28800     61199               
128       0         52.32178  4.74704   0         854       0         773       0         63373     43200     61199               
129       0         52.31064  4.85540   0         810       0         173       0         86400     41400     61199               
130       0         51.83086  4.72192   0         994       0         250       0         59503     28800     61199               
131       0         52.24191  6.79741   0         923       0         200       0         79418     28800     61199               
132       0         52.31279  5.05618   0         783       0         199       0         80239     28800     52200               
133       0         52.19750  4.54453   1         994       83        0         0         86400     28800     64800               
134       0         52.39583  4.85624   1         1070      734       0         12671     86400     36000     57600               
135       2         51.52107  4.92423   1         767       105       0         22926     86400     28800     64800               
136       0         52.01684  5.59844   1         862       513       0         0         86400     28800     64800               
137       2         51.94732  4.17315   1         723       315       0         21353     86400     28800     64800               
138       0         52.17027  5.47393   1         885       497       0         0         86400     28800     64800               
139       0         51.51947  4.26724   1         847       45        0         0         86400     28800     64800               
140       0         52.32153  6.93750   1         974       52        0         0         86400     28800     43200               
141       1         52.07213  6.56531   1         768       1013      0         0         86400     28800     64800               
142       0         52.04555  5.17733   1         748       86        0         0         86400     28800     64800               
143       2         51.44909  6.08283   1         730       269       0         0         86400     28800     64800               
144       0         52.59595  6.19795   1         679       11        0         0         86400     28800     64800               
145       2         51.81991  4.68902   1         790       216       0         0         86400     28800     64800               
146       2         52.17267  5.50282   0         656       0         69        0         86400     28800     57600               
147       0         52.22458  4.50615   1         888       948       0         6665      86400     28800     64800               
148       0         51.98002  4.66096   1         1036      140       0         0         86400     28800     64800               
149       2         52.40845  4.87523   0         839       0         336       0         86400     28800     61199               
150       0         52.23588  5.10629   1         880       164       0         0         86400     28800     61199               
151       2         51.58595  5.06838   1         939       303       0         13492     86400     28800     64800               
152       1         52.69929  6.51813   0         669       0         928       0         86400     28800     64800               
153       1         53.17333  6.02841   1         889       1162      0         21520     86400     28800     64800               
154       2         51.41457  6.06725   0         652       0         688       0         77753     50399     57600               
155       0         52.22689  6.87166   1         640       348       0         0         86400     28800     64800               
156       0         52.16412  5.34711   1         634       510       0         0         86400     28800     64800               
157       0         52.55201  4.72102   0         686       0         1479      0         60196     28800     61199               
158       0         52.02083  5.93374   1         814       153       0         19641     86400     28800     64800               
159       2         52.05392  5.64004   1         730       326       0         0         86400     28800     64800               
160       0         52.05505  4.65318   1         711       374       0         0         86400     28800     64800               
161       2         51.62050  4.72495   1         1009      653       0         0         86400     28800     64800               
162       1         52.79694  6.13790   1         900       863       0         0         86400     28800     64800               
163       2         51.69422  4.64437   0         765       0         285       0         86400     28800     57600               
164       2         51.48744  5.45491   1         861       787       0         0         86400     28800     64800               
165       0         51.44802  5.66523   0         815       0         62        0         78021     28800     64800               
166       2         51.73776  5.02739   1         758       983       0         9883      86400     28800     64800               
167       0         52.34497  5.20660   0         1046      0         114       0         64022     28800     54000               
168       0         52.77801  5.08464   1         1045      490       0         20133     86400     28800     64800               
169       0         52.12657  5.39686   0         776       0         4         0         58394     32400     59400               
170       1         52.84448  6.51643   1         726       546       0         0         86400     28800     64800               
171       2         51.73973  5.41068   0         855       0         473       0         86400     28800     57600               
172       0         52.22328  4.55760   1         888       427       0         0         86400     28800     64800               
173       0         52.36465  6.51787   0         875       0         891       0         86400     28800     61199               
174       0         51.96913  5.31081   1         739       1469      0         0         86400     28800     64800               
175       0         51.16574  6.08085   0         791       0         1431      0         86400     50399     59400               
176       2         51.30593  3.83235   0         808       0         1127      0         86400     32400     57600               
177       2         51.30452  5.41306   1         777       207       0         0         86400     28800     64800               
178       0         52.08115  5.55584   1         1009      303       0         19844     86400     28800     64800               
179       0         52.31934  5.96582   0         707       0         998       0         86400     28800     50399               
180       2         53.25439  6.61713   1         700       275       0         0         86400     28800     64800               
181       2         51.65987  4.72507   0         1004      0         58        0         65612     32400     52200               
182       2         51.70933  5.03010   0         784       0         166       0         75626     28800     61199               
183       2         52.06941  5.06943   1         803       556       0         0         86400     28800     64800               
184       0         51.99560  5.15454   1         913       1556      0         17106     86400     28800     64800               
185       0         52.06702  5.18391   1         686       585       0         18635     86400     28800     64800               
186       0         51.49429  6.05076   0         1045      0         2391      0         86400     28800     57600               
187       0         52.40274  6.29337   1         977       116       0         0         86400     28800     64800               
188       0         51.89951  4.54944   1         835       672       0         0         86400     28800     64800               
189       0         52.16726  5.47419   1         1067      688       0         0         86400     28800     64800               
190       2         51.97770  5.54212   0         693       0         1561      0         86400     28800     57600               
191       0         51.90690  5.86126   0         867       0         448       0         86400     28800     57600               
192       2         51.29711  5.59421   0         795       0         353       0         65361     54000     61199               
193       0         52.30590  6.02416   0         899       0         3050      0         64279     30600     50399               
194       2         51.45612  5.72526   1         956       756       0         0         86400     28800     64800               
195       1         52.09783  5.13371   1         846       1058      0         0         86400     28800     64800               
196       2         51.61230  4.94014   0         926       0         795       0         56989     43200     59400               
197       2         51.77533  4.84476   1         852       25        0         8762      86400     28800     64800               
198       2         52.47132  4.58452   1         896       1714      0         0         86400     28800     64800               
199       0         52.08397  4.51975   1         667       678       0         0         86400     36000     61199               
200       0         52.25916  5.56687   1         1013      381       0         14829     86400     28800     64800               
201       2         51.59589  4.99228   0         1014      0         230       0         86400     46800     57600               
202       0         52.24173  5.97827   1         1001      1031      0         20151     86400     28800     64800               
203       0         52.03796  5.53008   1         881       721       0         0         86400     28800     64800               
204       0         51.80411  5.25179   0         915       0         141       0         79743     28800     57600               
205       2         51.72404  4.89467   1         899       35        0         4248      86400     28800     64800               
206       2         51.34858  6.09900   1         602       551       0         0         86400     28800     64800               
207       1         52.77427  6.93028   0         747       0         730       0         56185     28800     61199               
208       2         52.53376  6.65394   1         713       347       0         0         86400     28800     64800               
209       2         51.32970  6.17548   1         743       2243      0         18616     86400     28800     64800               
210       0         51.98324  5.67217   0         739       0         192       0         86400     28800     57600               
211       2         52.62623  5.10910   1         801       103       0         0         86400     28800     64800               
212       0         52.28563  5.07621   0         896       0         129       0         86400     28800     52200               
213       1         52.92789  6.80865   1         957       254       0         0         86400     28800     64800               
214       0         52.84140  4.98682   1         834       98        0         16662     86400     28800     64800               
215       2         51.47499  5.44608   1         844       457       0         0         86400     28800     64800               
216       2         51.45296  5.40996   1         953       450       0         9398      86400     28800     64800               