NL_FR_2_R 2 6 13 183

[Vehicle Types] - ID_veh_type, fixed_cost, variable_cost, speed, capacity, alpha, beta, max_time, max_drive_time
0         20        1.5       70        3200      2240      2240      46800     32400     
1         20        2.25      50        13600     9520      9520      46800     32400       

[Number of Vehicle Types] - ID_veh_type, ID_depot, number_of_vehicles
0	0	4
0	1	2
0	2	5
1	0	10
1	1	4
1	2	6

[Scheduled Lines] - ID_from, ID_to, cost_per_req, capacity, dep_time, arr_time
0	1	0.01	3200	3600	10800
0	1	0.01	3200	59400	66600
0	2	0.023	3200	1800	7200
0	2	0.023	3200	68400	75600
1	0	0.01	3200	52200	57600
1	0	0.01	3200	82800	86400
1	2	0.016	3200	0	    9000
1	2	0.016	3200	57600	68400
2   0   0.023   3200   0       5400
2	0	0.023	3200	7200	11880
2	0	0.023	3200	71100	77400
2   1   0.016   3200   0       9000
2	1	0.016	3200	7200	16200

[Nodes/requests]: ID_node, ID_depot, lat, long, type, service_time, q_del, q_col, tw_depot_start, tw_depot_end, tw_cust_start, tw_cust_end, PC
0         0         52.00963  5.59621   -1        0         0         0         0         86400     0         86400
1         1         52.25229  6.94706   -1        0         0         0         0         86400     0         86400
2         2         51.56050  5.00424   -1        0         0         0         0         86400     0         86400
3         0         53.14310  7.08105   0         1001      0         218       0         86400     32400     54000               
4         2         51.53627  5.07216   0         941       0         316       0         52671     28800     61199               
5         2         51.75648  5.66346   1         906       372       0         17707     86400     28800     64800               
6         2         51.87477  4.29706   0         698       0         773       0         72665     28800     61199               
7         0         51.83693  4.70618   0         933       0         104       0         76151     28800     57600               
8         0         52.27669  4.67033   0         709       0         1442      0         69329     28800     61199               
9         0         51.95695  4.26881   1         958       211       0         16217     86400     28800     64800               
10        2         51.56550  5.52637   1         894       229       0         19886     86400     28800     64800               
11        0         51.86219  5.72521   1         799       695       0         0         86400     28800     64800               
12        0         51.46091  5.64700   0         653       0         157       0         71070     28800     64800               
13        2         51.67572  5.18877   0         846       0         202       0         65243     30600     57600               
14        2         51.58562  4.59827   1         869       241       0         17592     86400     28800     64800               
15        0         53.29279  6.68642   1         737       38        0         0         86400     28800     64800               
16        0         51.86460  5.85879   0         786       0         197       0         58324     32400     57600               
17        1         52.67296  5.78951   1         973       508       0         22732     86400     28800     64800               
18        0         51.48244  5.70192   0         1027      0         83        0         73109     28800     64800               
19        1         52.38511  6.30235   1         619       1818      0         8852      86400     28800     64800               
20        2         51.88566  4.25618   1         1148      114       0         6424      86400     28800     64800               
21        1         51.97030  6.63012   0         888       0         146       0         59488     28800     61199               
22        2         51.41732  6.04712   1         778       61        0         9493      86400     28800     64800               
23        0         52.47830  6.12526   1         812       1237      0         0         86400     28800     64800               
24        2         51.12549  6.00294   1         733       173       0         3874      86400     28800     64800               
25        0         52.32584  4.92547   1         803       266       0         10239     86400     28800     64800               
26        2         51.41947  6.11587   0         655       0         654       0         86400     28800     59400               
27        2         51.38927  6.08113   0         1016      0         506       0         72207     28800     61199               
28        0         51.85831  5.00765   0         963       0         831       0         67776     28800     57600               
29        0         51.23505  5.65920   1         579       316       0         0         86400     28800     64800               
30        0         52.05098  4.89356   1         894       118       0         17761     86400     28800     64800               
31        2         52.23982  5.79031   1         959       72        0         0         86400     28800     64800               
32        2         51.51549  5.60035   0         1025      0         381       0         86400     28800     61199               
33        2         51.90532  4.53769   1         809       610       0         19421     86400     28800     64800               
34        2         51.91536  4.17416   1         754       66        0         0         86400     28800     61199               
35        0         52.12966  5.03212   1         826       131       0         0         86400     28800     64800               
36        0         52.28590  4.74209   1         774       1944      0         9998      86400     28800     64800               
37        0         52.32885  4.99169   1         867       999       0         0         86400     28800     64800               
38        2         52.98346  5.79727   1         1118      412       0         0         86400     28800     64800               
39        0         51.90831  4.94698   0         927       0         97        0         66295     28800     52200               
40        1         52.49335  6.12831   0         1053      0         76        0         58571     28800     64800               
41        0         52.67573  4.79584   1         899       220       0         0         86400     43200     64800               
42        1         52.06859  6.60903   0         757       0         103       0         58278     28800     61199               
43        0         51.81796  5.25145   0         883       0         188       0         86400     28800     57600               
44        0         51.98811  6.00533   1         900       132       0         16201     86400     28800     64800               
45        2         51.93411  4.37548   1         827       68        0         0         86400     28800     64800               
46        2         51.88694  4.48042   1         867       374       0         0         86400     46800     61199               
47        0         52.22840  4.88979   0         839       0         77        0         70613     28800     43200               
48        0         51.53037  4.50844   0         755       0         24        0         86400     32400     57600               
49        2         51.47401  3.63941   1         819       1388      0         0         86400     28800     64800               
50        0         51.92595  5.85830   0         944       0         430       0         71285     28800     54000               
51        0         51.91127  5.84369   1         750       285       0         0         86400     28800     64800               
52        0         52.61022  4.73698   0         747       0         1482      0         69058     28800     61199               
53        0         52.33883  4.61260   1         928       157       0         0         86400     28800     64800               
54        0         52.26229  5.48026   0         752       0         259       0         64128     28800     57600               
55        2         51.82436  4.47288   1         833       35        0         4731      86400     28800     64800               
56        0         52.02647  5.58483   1         962       377       0         14032     86400     28800     64800               
57        2         51.41349  5.38655   0         831       0         2797      0         86400     50399     61199               
58        0         51.83697  5.12107   1         776       241       0         14243     86400     28800     64800               
59        2         51.89755  4.64119   0         774       0         351       0         65445     28800     61199               
60        2         51.50803  4.25171   1         764       87        0         0         86400     28800     64800               
61        0         51.87530  5.19915   1         800       1845      0         0         86400     28800     64800               
62        0         51.99133  5.67000   1         739       90        0         0         86400     28800     64800               
63        0         52.57617  4.76205   0         840       0         722       0         86400     32400     61199               
64        0         52.38801  4.75144   1         948       85        0         0         86400     36000     61199               
65        0         52.29368  4.81436   0         880       0         119       0         65244     37800     61199               
66        0         51.40738  6.09191   1         901       358       0         0         86400     28800     64800               
67        0         52.19384  4.90005   1         861       391       0         0         86400     28800     64800               
68        2         51.86901  4.50011   1         615       511       0         0         86400     28800     64800               
69        0         52.24304  4.82018   1         751       520       0         0         86400     32400     61199               
70        0         52.35875  4.91298   1         617       714       0         11282     86400     37800     64800               
71        2         51.46771  5.99488   1         845       542       0         18495     86400     28800     64800               
72        2         51.80548  5.63180   1         843       1070      0         0         86400     28800     64800               
73        0         51.46207  5.74816   0         818       0         58        0         69454     28800     64800               
74        2         51.34017  6.10770   1         775       713       0         0         86400     28800     64800               
75        0         51.99381  4.42951   1         925       290       0         12567     86400     28800     64800               
76        1         52.36546  6.51478   0         802       0         332       0         54597     28800     50399               
77        0         52.06228  4.25727   1         748       61        0         0         86400     28800     64800               
78        0         52.09013  5.08514   1         913       159       0         0         86400     28800     64800               
79        0         52.21677  6.79566   1         863       206       0         0         86400     28800     64800               
80        2         51.41194  5.35402   0         893       0         764       0         86400     28800     61199               
81        2         51.62064  4.82643   0         908       0         73        0         70045     28800     61199               
82        0         51.78794  4.63983   0         965       0         426       0         75023     28800     61199               
83        2         51.49464  4.26706   1         1087      60        0         10068     86400     28800     64800               
84        0         51.45382  5.72015   0         825       0         133       0         86400     28800     64800               
85        2         51.93935  4.23254   0         1063      0         374       0         86400     30600     61199               
86        0         52.26364  4.70471   1         738       586       0         0         86400     28800     64800               
87        0         51.88774  6.26904   0         863       0         257       0         76273     28800     61199               
88        0         51.83338  5.71493   1         1005      231       0         0         86400     28800     64800               
89        2         51.56823  4.30819   1         968       127       0         10256     86400     28800     64800               
90        0         52.03776  5.65283   1         738       1304      0         0         86400     28800     64800               
91        0         52.17672  4.90679   1         814       276       0         16249     86400     28800     64800               
92        2         52.63942  6.03407   1         809       552       0         0         86400     28800     64800               
93        0         52.31625  4.97031   1         867       132       0         0         86400     28800     64800               
94        0         52.64126  4.74863   1         535       364       0         16358     86400     28800     64800               
95        2         51.67193  4.58101   0         673       0         1828      0         86400     50399     52200               
96        0         51.80647  4.63684   1         839       560       0         0         86400     28800     64800               
97        2         51.67855  4.60767   0         871       0         271       0         63618     28800     46800               
98        2         52.28424  4.76412   1         837       380       0         0         86400     28800     64800               
99        2         51.72365  4.85486   1         936       543       0         17605     86400     28800     64800               
100       0         53.22103  6.60648   1         1196      30        0         0         86400     36000     64800               
101       1         53.13029  7.01431   1         909       308       0         9291      86400     28800     64800               
102       0         51.84487  5.29256   0         787       0         151       0         59124     28800     57600               
103       1         53.00684  6.73998   1         808       172       0         22679     86400     28800     64800               
104       0         52.35036  6.59146   1         981       1329      0         0         86400     28800     64800               
105       0         52.47755  6.01034   0         765       0         759       0         74968     28800     57600               
106       0         52.67491  4.83209   0         682       0         14        0         56996     39599     61199               
107       2         51.53764  4.23049   1         944       219       0         12709     86400     28800     64800               
108       2         51.69917  4.82922   1         741       928       0         0         86400     28800     64800               
109       0         52.51013  5.40303   0         946       0         1052      0         86400     28800     55799               
110       0         52.32403  5.34724   1         704       176       0         24156     86400     28800     64800               
111       0         51.81840  4.59304   1         840       1139      0         0         86400     28800     64800               
112       0         52.08432  4.62836   1         802       432       0         16214     86400     28800     64800               
113       2         51.70367  5.49479   0         987       0         2016      0         64512     28800     61199               
114       2         51.47723  5.66950   0         696       0         1514      0         86400     28800     43200               
115       2         51.56717  4.57788   1         788       64        0         0         86400     28800     64800               
116       1         52.73896  6.50423   0         808       0         309       0         54292     28800     64800               
117       0         51.98513  4.21646   1         711       121       0         16891     86400     28800     64800               
118       0         52.23707  5.95580   0         801       0         165       0         70404     46800     55799               
119       0         52.55240  5.01014   0         780       0         157       0         61199     28800     46800               
120       0         53.23150  6.25115   0         973       0         1551      0         86400     34199     61199               
121       0         51.81105  4.73044   1         953       793       0         0         86400     28800     64800               
122       1         51.91545  4.36356   1         739       2247      0         0         86400     28800     64800               
123       0         52.27368  5.16823   0         778       0         397       0         65624     32400     61199               
124       0         52.13233  5.09382   1         774       89        0         12606     86400     28800     64800               
125       0         52.06173  4.87908   0         689       0         1147      0         67611     30600     61199               
126       0         52.28174  4.72274   0         604       0         828       0         63458     28800     61199               
127       0         52.19956  4.49364   0         1002      0         96        0         69216     28800     64800               
128       0         52.34851  5.00924   1         812       1565      0         6920      86400     28800     64800               
129       0         51.99534  6.56321   0         897       0         332       0         70857     36000     59400               
130       0         52.11486  5.09554   1         778       594       0         0         86400     28800     64800               
131       2         51.35432  6.09114   0         838       0         1088      0         74676     32400     61199               
132       2         52.11493  6.63703   0         928       0         217       0         86400     28800     57600               
133       1         52.77792  6.92385   0         761       0         267       0         86400     54000     61199               
134       0         51.97998  4.29618   0         955       0         1426      0         73996     28800     61199               
135       0         52.00160  4.68195   1         868       206       0         0         86400     28800     64800               
136       2         51.79698  4.89695   0         800       0         564       0         60644     28800     61199               
137       2         52.30660  6.75234   1         763       8         0         0         86400     28800     64800               
138       0         52.49970  6.62731   1         904       715       0         0         86400     28800     64800               
139       0         51.89251  4.53730   0         856       0         928       0         66779     28800     54000               
140       1         52.15637  6.73361   1         881       115       0         0         86400     28800     64800               
141       0         51.88473  4.39642   1         967       34        0         0         86400     28800     64800               
142       0         52.02691  5.08856   0         825       0         707       0         70407     32400     57600               
143       0         51.50730  5.41321   0         993       0         716       0         74264     28800     57600               
144       2         52.29457  4.75819   0         844       0         292       0         86400     28800     61199               
145       0         51.85693  5.29750   0         1024      0         1204      0         59352     28800     61199               
146       2         51.73169  5.59903   1         908       101       0         25284     86400     28800     64800               
147       2         51.70264  4.70947   1         820       1617      0         0         86400     28800     64800               
148       1         52.63423  6.52497   1         576       96        0         8964      86400     28800     64800               
149       0         52.02580  6.17377   0         1063      0         1430      0         86400     32400     43200               
150       1         52.54327  5.44013   1         912       317       0         0         86400     28800     64800               
151       0         52.03244  4.92506   1         857       175       0         0         86400     28800     64800               
152       0         52.67128  6.59864   1         780       142       0         0         86400     28800     64800               
153       2         51.47934  5.42593   1         845       768       0         0         86400     32400     57600               
154       2         51.77660  5.00046   1         913       114       0         25745     86400     28800     64800               
155       2         51.64265  3.92422   0         909       0         38        0         69281     28800     57659               
156       1         51.92003  6.28445   1         827       373       0         0         86400     28800     64800               
157       0         52.04198  5.63050   1         1220      756       0         0         86400     28800     64800               
158       2         51.42642  5.57515   1         723       538       0         5530      86400     28800     64800               
159       0         52.20683  5.23515   1         1086      155       0         0         86400     28800     64800               
160       0         52.05538  5.09320   1         561       989       0         0         86400     28800     64800               
161       0         52.24325  5.10063   0         753       0         240       0         68198     46800     57600               
162       2         52.42492  6.03228   1         828       104       0         0         86400     28800     64800               
163       2         51.55889  3.67232   1         854       248       0         0         86400     28800     64800               
164       0         52.64498  6.09670   1         876       60        0         0         86400     28800     64800               
165       0         52.01221  4.66918   0         719       0         97        0         69856     28800     43200               
166       2         52.04839  5.02524   0         826       0         87        0         75982     44999     61199               
167       2         51.59402  4.78333   1         873       62        0         23599     86400     28800     64800               
168       0         51.95466  6.08157   1         678       638       0         0         86400     28800     64800               
169       0         51.05121  5.77361   1         684       888       0         0         86400     28800     64800               
170       0         53.16285  6.35627   1         887       144       0         0         86400     28800     64800               
171       0         52.22509  5.31860   0         791       0         715       0         48981     28800     55799               
172       1         52.65220  6.73186   1         904       447       0         0         86400     28800     64800               
173       2         51.51147  5.44316   1         987       623       0         22866     86400     28800     64800               
174       0         52.05164  5.15412   1         745       328       0         0         86400     28800     64800               
175       0         52.34207  5.64178   1         724       501       0         0         86400     28800     64800               
176       2         51.60382  5.30952   1         847       333       0         0         86400     28800     64800               
177       0         52.23047  5.96231   1         725       244       0         0         86400     28800     64800               
178       1         52.95400  5.75067   0         867       0         761       0         86400     28800     61199               
179       0         52.04684  5.12575   1         915       32        0         3831      86400     28800     64800               
180       2         52.12972  4.25636   1         824       111       0         0         86400     28800     64800               
181       2         51.84029  5.25098   1         878       142       0         0         86400     28800     64800               
182       0         52.79588  6.12154   0         861       0         45        0         70397     30600     59400               