NL_MO_0_R 2 6 13 172

[Vehicle Types] - ID_veh_type, fixed_cost, variable_cost, speed, capacity, alpha, beta, max_time, max_drive_time
0         20        1.5       70        3200      2240      2240      46800     32400     
1         20        2.25      50        13600     9520      9520      46800     32400       

[Number of Vehicle Types] - ID_veh_type, ID_depot, number_of_vehicles
0	0	4
0	1	2
0	2	5
1	0	10
1	1	4
1	2	6

[Scheduled Lines] - ID_from, ID_to, cost_per_req, capacity, dep_time, arr_time
0	1	0.01	3200	3600	10800
0	1	0.01	3200	59400	66600
0	2	0.023	3200	1800	7200
0	2	0.023	3200	68400	75600
1	0	0.01	3200	52200	57600
1	0	0.01	3200	82800	86400
1	2	0.016	3200	0	    9000
1	2	0.016	3200	57600	68400
2   0   0.023   3200   0       5400
2	0	0.023	3200	7200	11880
2	0	0.023	3200	71100	77400
2   1   0.016   3200   0       9000
2	1	0.016	3200	7200	16200

[Nodes/requests]: ID_node, ID_depot, lat, long, type, service_time, q_del, q_col, tw_depot_start, tw_depot_end, tw_cust_start, tw_cust_end, PC
0         0         52.05542  5.62352   -1        0         0         0         0         86400     0         86400
1         1         52.28629  6.93240   -1        0         0         0         0         86400     0         86400
2         2         51.55426  5.03076   -1        0         0         0         0         86400     0         86400
3         0         52.32142  4.58407   1         830       1393      0         0         86400     28800     64800               
4         1         51.91106  6.50270   1         768       1078      0         0         86400     28800     64800               
5         2         51.60247  5.00768   0         812       0         770       0         76336     46800     61199               
6         2         51.43887  6.09338   1         760       276       0         0         86400     28800     64800               
7         1         52.44762  5.71727   0         613       0         329       0         57172     28800     61199               
8         2         51.86047  4.20770   1         721       3053      0         0         86400     28800     64800               
9         2         51.51650  5.40827   0         1085      0         366       0         86400     28800     57600               
10        2         51.41216  6.11710   1         700       1701      0         0         86400     28800     64800               
11        2         51.89110  4.20651   1         740       60        0         0         86400     28800     64800               
12        0         51.95976  4.28090   0         646       0         217       0         86400     28800     57600               
13        1         53.20509  5.54759   1         649       133       0         0         86400     28800     64800               
14        2         51.63637  3.96732   1         619       424       0         0         86400     28800     64800               
15        0         52.42126  5.26339   1         867       209       0         0         86400     28800     64800               
16        2         52.38037  4.66978   1         750       1033      0         0         86400     28800     64800               
17        0         51.85407  4.90890   0         1092      0         150       0         86400     28800     61199               
18        2         51.28638  5.75241   1         891       322       0         0         86400     28800     64800               
19        2         51.62330  4.82500   0         792       0         2121      0         75266     28800     59400               
20        0         52.14988  4.67327   1         833       205       0         12497     86400     28800     64800               
21        1         52.64263  6.22086   1         668       1210      0         0         86400     28800     64800               
22        2         51.20562  3.80269   1         657       73        0         0         86400     28800     64800               
23        2         51.26443  5.70928   0         901       0         160       0         76965     30600     59400               
24        0         52.48597  4.78172   1         830       1066      0         0         86400     28800     64800               
25        0         53.09314  5.80273   0         898       0         459       0         86400     28800     61199               
26        0         52.19435  4.49276   0         919       0         766       0         75633     28800     61199               
27        2         51.33244  5.88501   1         832       358       0         0         86400     28800     64800               
28        2         51.30997  3.82392   1         690       68        0         0         86400     28800     64800               
29        1         51.89432  6.38731   1         1032      1900      0         0         86400     28800     64800               
30        2         53.22444  6.56822   1         802       4         0         0         86400     28800     64800               
31        0         52.38965  4.86446   1         926       820       0         0         86400     28800     64800               
32        2         51.54858  5.35408   1         751       1397      0         0         86400     28800     64800               
33        0         52.62411  4.67208   0         730       0         141       0         65556     36000     61199               
34        2         51.48760  5.39514   0         787       0         401       0         86400     28800     61199               
35        2         51.66501  3.94721   1         723       92        0         0         86400     28800     64800               
36        0         52.92186  4.78393   0         983       0         1635      0         69138     28800     61199               
37        2         52.19659  6.04853   1         708       893       0         0         86400     28800     64800               
38        2         51.89009  4.24593   1         775       487       0         0         86400     28800     64800               
39        2         51.55695  5.17467   1         866       108       0         0         86400     28800     64800               
40        2         51.81094  5.27560   1         893       381       0         0         86400     28800     64800               
41        2         52.22576  5.15471   1         770       1095      0         0         86400     28800     64800               
42        0         52.00052  6.12728   0         916       0         501       0         76242     32400     61199               
43        2         52.28522  6.54538   1         764       159       0         0         86400     28800     64800               
44        0         51.89971  5.16642   1         854       113       0         0         86400     28800     64800               
45        1         52.36140  6.61771   0         787       0         67        0         56020     28800     61199               
46        0         52.07248  4.54353   1         774       183       0         0         86400     28800     64800               
47        0         53.12379  7.02825   0         660       0         2694      0         86400     54000     61199               
48        0         52.39053  4.90040   1         634       1410      0         0         86400     28800     30600               
49        0         52.12589  4.44441   0         820       0         255       0         65068     28800     57600               
50        1         52.63675  6.21926   1         709       190       0         0         86400     28800     64800               
51        2         51.68499  4.61005   0         776       0         170       0         82114     28800     57600               
52        2         51.67130  5.06289   0         547       0         272       0         60845     28800     57600               
53        2         51.18902  5.94736   1         750       619       0         0         86400     28800     64800               
54        0         51.77942  4.65189   1         945       1781      0         0         86400     28800     64800               
55        0         51.36071  5.26667   0         1176      0         29        0         86400     28800     57600               
56        1         51.95379  6.34360   0         912       0         3078      0         56314     28800     61199               
57        0         51.69324  5.08961   1         780       481       0         0         86400     28800     64800               
58        1         52.28654  6.75336   1         1004      134       0         0         86400     28800     64800               
59        2         51.46358  5.40620   0         1065      0         1422      0         61642     39599     61199               
60        2         51.58870  5.02439   1         783       121       0         0         86400     28800     64800               
61        0         52.76460  6.45623   0         856       0         87        0         75841     28800     61199               
62        1         52.33005  6.72511   0         701       0         349       0         56828     28800     64800               
63        2         51.56148  4.31093   1         953       107       0         0         86400     28800     64800               
64        2         51.55566  5.32000   1         945       22        0         0         86400     28800     64800               
65        0         51.89951  4.38348   0         826       0         583       0         64136     28800     61199               
66        0         51.76064  4.62805   1         714       194       0         0         86400     28800     64800               
67        2         51.28524  5.90837   1         970       120       0         0         86400     28800     64800               
68        0         51.91794  4.49049   1         675       635       0         12252     86400     28800     64800               
69        2         51.43212  6.14191   1         855       2901      0         0         86400     28800     64800               
70        0         52.39342  4.73610   1         823       52        0         0         86400     28800     64800               
71        0         51.86951  4.67140   0         759       0         945       0         59102     28800     59400               
72        2         51.81208  4.40160   1         896       264       0         0         86400     28800     64800               
73        2         51.43346  5.40078   0         884       0         990       0         86400     28800     61199               
74        0         52.20086  5.43416   1         854       646       0         12538     86400     28800     64800               
75        0         52.34930  6.02032   1         710       78        0         0         86400     28800     64800               
76        0         52.03482  4.30858   1         875       107       0         0         86400     28800     61199               
77        0         51.90641  4.48472   1         826       717       0         0         86400     28800     64800               
78        0         52.30076  4.74350   1         845       3045      0         0         86400     28800     64800               
79        0         52.23867  5.46321   0         626       0         731       0         69819     28800     61199               
80        2         52.16100  6.38001   0         999       0         276       0         86400     28800     46800               
81        2         52.62460  4.75992   0         718       0         788       0         86400     28800     61199               
82        1         52.70948  6.27621   1         778       240       0         0         86400     28800     64800               
83        2         53.21072  5.79545   1         850       600       0         0         86400     28800     64800               
84        0         51.96326  5.96723   1         1063      393       0         0         86400     28800     64800               
85        0         52.30853  5.98383   0         727       0         327       0         59282     30600     57600               
86        0         52.39949  4.68763   0         745       0         175       0         75404     28800     55799               
87        2         51.43306  5.57991   1         982       115       0         0         86400     28800     64800               
88        0         52.05254  4.48479   1         831       580       0         0         86400     28800     64800               
89        2         52.25896  6.70925   1         630       185       0         0         86400     28800     64800               
90        2         51.46493  5.42427   0         794       0         3060      0         86400     28800     61199               
91        2         52.27257  4.71643   1         662       1476      0         0         86400     28800     64800               
92        0         52.03048  5.56818   0         816       0         74        0         57761     43200     57600               
93        2         51.53615  5.03292   0         755       0         496       0         86400     28800     61199               
94        0         51.96615  4.56666   1         865       1304      0         0         86400     28800     64800               
95        2         51.63165  5.61259   1         857       710       0         0         86400     30600     48600               
96        2         52.76765  6.90103   0         1025      0         170       0         82533     54000     61199               
97        0         51.49683  6.00421   1         893       151       0         0         86400     28800     61199               
98        2         51.84928  4.67405   1         821       378       0         0         86400     28800     64800               
99        0         51.91990  5.51305   1         810       108       0         4216      86400     28800     64800               
100       0         52.60755  4.76040   0         740       0         518       0         74992     28800     61199               
101       0         52.06149  4.38513   1         838       369       0         0         86400     28800     64800               
102       2         51.75076  5.30833   1         888       766       0         0         86400     28800     64800               
103       0         51.84945  4.66617   1         583       59        0         13046     86400     28800     64800               
104       1         52.51889  5.72410   1         782       84        0         0         86400     28800     64800               
105       1         53.19584  6.17431   1         754       132       0         0         86400     46800     61199               
106       0         52.86209  4.74799   1         885       168       0         0         86400     28800     64800               
107       2         52.02147  5.53361   1         901       377       0         0         86400     28800     64800               
108       2         51.57323  4.76225   1         793       1081      0         0         86400     28800     64800               
109       1         51.95463  6.28562   0         941       0         232       0         56400     28800     61199               
110       2         51.20051  5.85499   0         762       0         287       0         86400     28800     61199               
111       0         52.28445  4.77789   0         592       0         1517      0         60652     43200     61199               
112       0         52.23871  4.68310   1         958       1129      0         0         86400     28800     64800               
113       2         51.40697  6.09495   1         863       377       0         0         86400     28800     64800               
114       2         51.64809  5.63598   1         751       421       0         0         86400     28800     64800               
115       0         51.79481  5.75865   0         813       0         306       0         86400     28800     59400               
116       2         51.64686  4.62471   1         782       402       0         0         86400     28800     64800               
117       0         52.24552  5.42403   1         758       1531      0         0         86400     28800     64800               
118       2         51.46338  5.67269   1         911       45        0         0         86400     28800     64800               
119       0         51.98306  4.49386   1         766       2226      0         0         86400     32400     43200               
120       0         52.10195  5.11365   0         768       0         921       0         86400     28800     57600               
121       0         52.39833  5.26436   1         649       138       0         0         86400     28800     61199               
122       2         51.72336  5.86740   0         861       0         299       0         86400     28800     61199               
123       2         51.79480  5.25227   1         826       114       0         0         86400     28800     64800               
124       0         52.64010  4.64944   0         740       0         236       0         77833     36000     61199               
125       2         51.85777  4.31104   1         761       34        0         0         86400     28800     64800               
126       1         52.32489  6.93199   1         707       99        0         0         86400     28800     64800               
127       0         52.66774  6.73293   1         950       99        0         0         86400     28800     64800               
128       0         52.32201  5.12961   0         973       0         755       0         75826     28800     43200               
129       1         51.93902  6.58729   1         948       58        0         0         86400     28800     64800               
130       0         51.70786  5.01543   1         1035      14        0         0         86400     28800     64800               
131       0         52.42112  6.60435   1         709       2306      0         0         86400     28800     64800               
132       1         52.22498  6.79913   1         843       857       0         0         86400     28800     64800               
133       1         52.27125  6.86969   1         935       196       0         0         86400     28800     64800               
134       0         51.95761  5.94511   1         863       3024      0         0         86400     28800     64800               
135       0         52.31689  5.33087   1         794       956       0         0         86400     28800     64800               
136       1         53.25184  6.55046   1         871       277       0         0         86400     28800     39599               
137       2         52.34369  4.89923   1         957       47        0         0         86400     28800     64800               
138       2         51.26981  5.67141   0         876       0         538       0         66424     28800     61199               
139       1         52.21174  6.86822   1         807       57        0         0         86400     28800     64800               
140       0         51.99955  4.57994   1         1034      467       0         0         86400     28800     64800               
141       0         52.34158  5.01474   1         893       100       0         0         86400     28800     64800               
142       2         51.32890  6.10200   1         755       226       0         0         86400     28800     64800               
143       0         52.26508  4.71191   1         821       77        0         0         86400     28800     64800               
144       2         51.71052  4.64270   0         808       0         397       0         82798     28800     55799               
145       2         51.69263  5.33781   1         889       855       0         0         86400     28800     64800               
146       0         52.23908  5.49362   1         674       6         0         11762     86400     28800     64800               
147       0         52.70968  5.77979   1         841       31        0         0         86400     28800     64800               
148       2         51.58781  4.59019   1         753       244       0         0         86400     36000     43200               
149       0         52.26660  6.89101   1         772       24        0         0         86400     28800     64800               
150       0         52.33805  5.26049   1         817       282       0         0         86400     28800     64800               
151       2         51.39935  6.10311   0         749       0         1315      0         78420     28800     64800               
152       0         52.46932  5.46118   0         1005      0         761       0         71731     28800     61199               
153       0         52.71683  4.96648   1         795       515       0         0         86400     28800     64800               
154       2         51.72087  5.41015   0         808       0         145       0         86400     28800     57600               
155       1         53.07896  5.85458   1         1076      119       0         0         86400     28800     64800               
156       0         51.95482  4.84932   1         983       67        0         0         86400     28800     64800               
157       0         52.73088  6.92283   0         944       0         299       0         77835     54000     61199               
158       2         51.51194  5.69332   1         784       178       0         0         86400     28800     64800               
159       2         51.50394  4.55777   0         713       0         131       0         77362     28800     61199               
160       0         52.22714  6.19344   1         1001      44        0         0         86400     28800     64800               
161       1         53.17759  6.67685   1         896       713       0         0         86400     28800     64800               
162       0         52.37671  4.63749   1         857       175       0         0         86400     28800     64800               
163       2         51.71118  4.87731   1         820       1420      0         0         86400     28800     64800               
164       2         51.87457  4.53996   1         969       28        0         0         86400     28800     64800               
165       1         53.05317  5.65459   1         795       130       0         0         86400     28800     64800               
166       0         52.22341  5.97166   1         705       144       0         0         86400     28800     64800               
167       0         52.41481  4.86088   1         860       93        0         0         86400     32400     61199               
168       2         51.60929  4.96238   0         740       0         141       0         73615     32400     55799               
169       2         51.16892  6.06451   0         980       0         19        0         86400     28800     61199               
170       2         51.38798  6.09949   1         942       844       0         0         86400     28800     64800               
171       2         52.30592  4.77360   1         850       1200      0         0         86400     28800     64800               