NL_MO_2_R 2 6 13 194

[Vehicle Types] - ID_veh_type, fixed_cost, variable_cost, speed, capacity, alpha, beta, max_time, max_drive_time
0         20        1.5       70        3200      2240      2240      46800     32400     
1         20        2.25      50        13600     9520      9520      46800     32400       

[Number of Vehicle Types] - ID_veh_type, ID_depot, number_of_vehicles
0	0	4
0	1	2
0	2	5
1	0	10
1	1	4
1	2	6

[Scheduled Lines] - ID_from, ID_to, cost_per_req, capacity, dep_time, arr_time
0	1	0.01	3200	3600	10800
0	1	0.01	3200	59400	66600
0	2	0.023	3200	1800	7200
0	2	0.023	3200	68400	75600
1	0	0.01	3200	52200	57600
1	0	0.01	3200	82800	86400
1	2	0.016	3200	0	    9000
1	2	0.016	3200	57600	68400
2   0   0.023   3200   0       5400
2	0	0.023	3200	7200	11880
2	0	0.023	3200	71100	77400
2   1   0.016   3200   0       9000
2	1	0.016	3200	7200	16200

[Nodes/requests]: ID_node, ID_depot, lat, long, type, service_time, q_del, q_col, tw_depot_start, tw_depot_end, tw_cust_start, tw_cust_end, PC
0         0         52.02132  5.64782   -1        0         0         0         0         86400     0         86400
1         1         52.25461  6.96409   -1        0         0         0         0         86400     0         86400
2         2         51.53841  5.04510   -1        0         0         0         0         86400     0         86400
3         0         52.06570  4.32493   1         670       272       0         0         86400     28800     64800               
4         2         51.82853  4.36031   1         654       142       0         0         86400     28800     64800               
5         0         52.68344  4.85696   1         691       807       0         12290     86400     28800     64800               
6         2         51.43187  5.39990   0         660       0         897       0         86400     28800     57600               
7         0         52.05763  4.93926   1         855       349       0         14979     86400     28800     64800               
8         2         51.49789  4.46016   0         783       0         3245      0         86400     32400     57600               
9         0         52.14428  6.18948   1         735       2267      0         0         86400     28800     64800               
10        0         52.15541  5.44650   1         811       531       0         0         86400     28800     64800               
11        2         52.61145  4.74370   1         756       298       0         0         86400     28800     64800               
12        2         51.47277  3.88277   0         806       0         198       0         65977     28800     55799               
13        2         51.95759  6.32589   1         863       32        0         0         86400     28800     64800               
14        0         52.40096  4.87638   1         650       10        0         14786     86400     28800     64800               
15        2         51.35639  5.45665   1         895       142       0         0         86400     28800     64800               
16        0         52.26245  4.70492   1         848       934       0         7053      86400     28800     64800               
17        2         51.40250  5.26667   1         781       651       0         0         86400     28800     64800               
18        0         52.84231  5.01792   0         875       0         377       0         86400     28800     61199               
19        0         52.37731  5.17011   1         835       1217      0         0         86400     28800     64800               
20        0         53.10733  5.67453   0         840       0         259       0         86400     28800     61199               
21        1         52.95333  7.06097   1         864       326       0         0         86400     28800     64800               
22        0         52.35368  4.87749   1         525       98        0         0         86400     28800     64800               
23        0         51.51515  4.26932   0         821       0         2301      0         58392     28800     55799               
24        0         52.02518  4.54874   1         808       229       0         13402     86400     28800     64800               
25        0         52.05163  4.52476   1         906       330       0         0         86400     28800     64800               
26        2         51.36820  4.01804   0         1064      0         197       0         81464     28800     57600               
27        2         52.26789  4.91123   1         483       2290      0         0         86400     28800     64800               
28        0         51.95737  4.42895   1         955       269       0         0         86400     28800     64800               
29        2         51.31696  6.18245   0         914       0         837       0         86400     46800     57600               
30        0         52.01728  5.62602   1         781       321       0         0         86400     28800     64800               
31        2         51.98293  5.10273   1         1054      191       0         0         86400     28800     64800               
32        2         52.65416  5.06470   1         764       375       0         0         86400     28800     64800               
33        2         51.71273  5.54402   0         632       0         68        0         73541     46800     59400               
34        0         52.28031  4.79415   0         783       0         3093      0         86400     28800     61199               
35        2         52.75406  6.92933   1         940       1563      0         0         86400     28800     64800               
36        2         52.84525  5.06527   0         809       0         223       0         86400     32400     61199               
37        0         53.12900  6.47151   1         938       486       0         0         86400     28800     64800               
38        2         51.46461  5.05473   1         893       361       0         0         86400     28800     64800               
39        2         51.30177  5.67055   0         812       0         75        0         61997     54000     61199               
40        0         53.07592  4.81209   1         936       114       0         0         86400     28800     64800               
41        0         52.04901  5.62113   1         607       585       0         0         86400     28800     64800               
42        2         51.65439  4.55555   1         883       709       0         0         86400     28800     64800               
43        2         51.45350  5.52101   0         739       0         1958      0         86400     28800     57600               
44        2         51.89953  4.54160   1         641       991       0         0         86400     28800     64800               
45        2         51.79544  5.03750   0         819       0         695       0         86400     28800     64800               
46        0         52.24388  4.72491   1         794       1432      0         0         86400     28800     34199               
47        0         51.92906  6.00709   0         768       0         931       0         86400     44999     61199               
48        0         52.19412  4.51177   1         1003      89        0         6678      86400     28800     64800               
49        0         52.07880  4.26953   1         973       175       0         4643      86400     28800     64800               
50        0         51.60995  4.74971   0         1059      0         282       0         86400     30600     59400               
51        0         52.61083  4.75131   1         888       191       0         0         86400     28800     64800               
52        0         53.18167  6.48826   1         749       1766      0         0         86400     28800     64800               
53        0         52.00827  5.62994   0         856       0         194       0         61280     43200     57600               
54        0         51.96347  4.13895   1         761       139       0         18342     86400     28800     64800               
55        2         51.66853  6.00089   0         786       0         3297      0         86400     28800     64800               
56        1         52.57290  6.62738   1         822       1299      0         0         86400     28800     64800               
57        2         51.72214  5.30823   0         650       0         468       0         86400     46800     57600               
58        2         51.90977  5.08932   1         754       491       0         0         86400     28800     64800               
59        0         51.99351  5.12290   0         677       0         767       0         76633     32400     61199               
60        0         51.48684  5.68189   0         926       0         1479      0         75182     28800     64800               
61        0         52.12533  5.07078   1         969       195       0         0         86400     28800     64800               
62        2         51.26096  6.09969   1         751       1021      0         0         86400     28800     64800               
63        0         52.45683  4.61358   0         679       0         183       0         69134     32400     57600               
64        1         52.67645  6.72298   0         626       0         44        0         58946     50399     61199               
65        1         53.25829  6.60881   1         868       573       0         0         86400     28800     64800               
66        0         51.85591  5.02547   1         761       78        0         0         86400     28800     64800               
67        0         52.21977  5.42352   1         785       1050      0         0         86400     28800     64800               
68        0         52.16003  5.42783   1         820       596       0         0         86400     28800     64800               
69        0         52.21835  6.00326   1         921       421       0         6713      86400     28800     64800               
70        1         52.94244  5.94538   0         903       0         820       0         55711     28800     54000               
71        2         52.76375  6.13841   1         738       279       0         0         86400     28800     64800               
72        2         51.67230  5.66849   0         692       0         455       0         86400     32400     57600               
73        0         51.89011  5.85989   0         801       0         85        0         78318     28800     61199               
74        2         51.58566  4.81976   1         790       112       0         5870      86400     28800     64800               
75        2         51.78625  5.26948   1         727       1779      0         0         86400     28800     64800               
76        0         52.33790  5.18529   1         1011      145       0         0         86400     28800     64800               
77        2         51.64043  3.94382   0         866       0         1178      0         71412     32400     57600               
78        0         51.79133  5.26951   0         739       0         322       0         86400     28800     57600               
79        0         51.96070  5.92438   1         680       406       0         0         86400     28800     64800               
80        2         51.41380  5.37900   1         891       248       0         0         86400     28800     64800               
81        2         51.73965  5.51998   0         845       0         202       0         60085     46800     59400               
82        2         51.60345  4.76642   1         854       160       0         0         86400     28800     64800               
83        2         51.81437  5.75478   1         876       20        0         0         86400     28800     64800               
84        0         52.25826  5.43008   0         741       0         493       0         78410     32400     57600               
85        2         51.34670  5.25028   1         937       203       0         0         86400     28800     64800               
86        0         52.04093  4.51509   1         841       604       0         0         86400     28800     64800               
87        0         52.18792  4.77572   1         829       189       0         13594     86400     28800     64800               
88        0         52.45249  4.67310   1         999       892       0         19240     86400     28800     64800               
89        2         51.49447  5.43596   1         877       190       0         0         86400     28800     64800               
90        2         51.54854  5.73038   1         930       418       0         0         86400     28800     64800               
91        0         51.73553  5.47646   0         680       0         206       0         86400     28800     61199               
92        2         51.98328  5.33476   1         871       867       0         0         86400     28800     64800               
93        0         52.01409  5.09930   0         1048      0         421       0         86400     30600     59400               
94        0         52.03357  5.64203   0         701       0         108       0         86400     34199     57600               
95        2         51.49345  5.46403   0         764       0         1116      0         86400     28800     61199               
96        2         51.86320  4.97493   1         783       270       0         0         86400     28800     64800               
97        2         52.33941  5.64068   1         725       54        0         0         86400     28800     64800               
98        2         52.52741  6.23470   1         852       479       0         0         86400     28800     64800               
99        0         51.73215  5.04882   1         729       1986      0         0         86400     28800     64800               
100       0         52.04352  4.67255   1         1008      1160      0         0         86400     28800     64800               
101       2         51.96099  6.00850   1         744       6         0         0         86400     28800     64800               
102       0         52.63985  4.73220   0         752       0         638       0         86400     34199     55799               
103       1         52.69567  6.19164   1         685       201       0         0         86400     28800     64800               
104       1         52.38458  6.66912   0         625       0         768       0         55944     46800     61199               
105       2         51.40916  5.42058   1         872       93        0         0         86400     28800     64800               
106       2         51.59543  5.02034   0         1006      0         899       0         86400     32400     50399               
107       2         53.20349  5.81746   1         962       71        0         0         86400     28800     64800               
108       2         51.47470  5.39564   1         922       961       0         0         86400     28800     64800               
109       2         51.63490  4.87265   1         784       824       0         0         86400     28800     64800               
110       2         51.54626  4.61387   1         819       249       0         0         86400     28800     64800               
111       0         52.30922  4.94039   0         929       0         248       0         86400     28800     57600               
112       2         51.57124  4.32611   1         982       22        0         0         86400     28800     64800               
113       2         52.42650  4.72504   0         754       0         986       0         80715     28800     57600               
114       0         52.05271  4.52039   1         962       16        0         0         86400     28800     64800               
115       2         51.45160  3.64516   1         825       981       0         0         86400     28800     64800               
116       1         52.61529  6.06423   0         826       0         252       0         60612     28800     61199               
117       0         52.00786  5.62583   0         745       0         595       0         86400     46800     57600               
118       2         51.82118  5.26203   0         931       0         843       0         86400     28800     57600               
119       0         51.89023  5.55139   1         730       745       0         8691      86400     28800     64800               
120       2         51.67512  5.17617   0         911       0         932       0         86400     28800     61199               
121       2         51.60044  4.71254   1         981       377       0         0         86400     28800     64800               
122       0         51.81888  4.76952   1         949       104       0         4023      86400     28800     64800               
123       2         51.92199  4.17404   0         674       0         1155      0         86400     28800     61199               
124       2         51.45526  5.47072   1         846       167       0         0         86400     28800     64800               
125       0         52.04051  4.32492   0         745       0         935       0         79943     28800     54000               
126       0         51.97341  4.40264   0         771       0         1082      0         59296     28800     54000               
127       0         52.36384  4.85530   1         771       949       0         0         86400     28800     64800               
128       0         52.70956  5.19126   0         689       0         1178      0         71834     28800     57600               
129       2         51.52258  4.62400   1         803       746       0         12740     86400     28800     64800               
130       2         52.24881  6.86078   1         845       76        0         0         86400     28800     64800               
131       0         51.38814  6.05658   0         742       0         16        0         86400     28800     61199               
132       0         51.84302  5.82810   1         839       1372      0         0         86400     28800     64800               
133       2         51.40647  5.41920   1         759       364       0         0         86400     28800     64800               
134       0         51.99210  4.38037   1         753       363       0         0         86400     28800     64800               
135       2         51.38851  5.41454   1         790       229       0         0         86400     28800     64800               
136       0         52.42744  5.26697   1         725       360       0         0         86400     28800     64800               
137       0         51.99896  4.45945   0         875       0         365       0         63387     28800     57600               
138       2         51.54740  4.59801   0         1042      0         157       0         80470     32400     61199               
139       2         51.51261  5.44824   0         832       0         33        0         86400     32400     57600               
140       0         52.37151  5.22906   0         776       0         187       0         63971     34199     61199               
141       2         51.59023  5.34771   1         781       144       0         0         86400     28800     64800               
142       0         52.20342  5.39367   1         701       1673      0         0         86400     28800     64800               
143       0         51.98973  4.35700   1         958       79        0         0         86400     28800     61199               
144       2         51.45403  5.56265   1         1145      37        0         0         86400     28800     64800               
145       0         51.96341  4.49405   0         750       0         765       0         54725     32400     61199               
146       2         51.65387  5.94220   1         904       157       0         0         86400     28800     64800               
147       2         51.17571  6.02768   1         828       1316      0         0         86400     28800     64800               
148       1         53.19532  5.75574   1         849       796       0         0         86400     28800     64800               
149       0         52.50660  4.79599   1         833       3073      0         0         86400     28800     64800               
150       0         51.82348  4.72702   1         1003      593       0         11675     86400     28800     64800               
151       0         52.72081  6.97674   1         944       42        0         0         86400     28800     64800               
152       2         51.57654  4.89882   1         729       482       0         0         86400     28800     64800               
153       0         52.11313  4.45480   0         935       0         181       0         86400     28800     57600               
154       0         52.24957  6.56853   0         902       0         629       0         76290     50399     57600               
155       0         51.98771  6.29324   1         798       155       0         0         86400     28800     64800               
156       0         52.29510  4.69809   0         791       0         730       0         60759     28800     61199               
157       0         52.67616  5.09018   1         1021      115       0         0         86400     28800     64800               
158       2         51.43110  5.56104   1         578       110       0         0         86400     28800     64800               
159       0         52.05183  5.61957   0         948       0         240       0         60792     28800     57600               
160       1         51.97908  6.23723   1         778       413       0         0         86400     28800     64800               
161       0         51.94981  4.45040   1         863       159       0         4287      86400     28800     64800               
162       1         52.24482  6.76673   1         877       486       0         0         86400     28800     64800               
163       2         52.04119  4.32607   0         701       0         918       0         82176     28800     54000               
164       2         52.33174  5.50799   1         854       233       0         0         86400     28800     64800               
165       2         51.67517  5.16290   1         819       473       0         0         86400     28800     64800               
166       0         52.36666  5.51453   0         948       0         1475      0         86400     28800     57600               
167       1         52.60105  6.04680   0         727       0         1643      0         58999     28800     61199               
168       2         52.88835  7.07559   1         856       5         0         0         86400     28800     64800               
169       2         51.51496  4.23390   1         671       956       0         0         86400     28800     64800               
170       2         51.75533  5.53902   1         717       763       0         0         86400     28800     64800               
171       1         53.19582  6.66843   1         862       458       0         0         86400     28800     64800               
172       2         51.64641  4.82464   1         939       444       0         0         86400     28800     64800               
173       0         51.91664  4.55275   1         929       483       0         0         86400     28800     64800               
174       2         51.51585  4.22207   1         910       309       0         0         86400     28800     64800               
175       0         52.45483  4.85009   0         900       0         2186      0         86400     28800     55799               
176       1         52.47046  5.49467   1         931       700       0         0         86400     28800     64800               
177       0         51.57445  5.31052   0         875       0         1174      0         86400     28800     61199               
178       2         52.35566  6.49176   1         749       714       0         0         86400     28800     64800               
179       0         51.83861  4.77851   0         1004      0         424       0         67915     28800     57600               
180       0         51.99314  4.97199   0         774       0         329       0         82553     28800     57600               
181       0         51.71759  5.07285   0         877       0         54        0         86400     28800     61199               
182       2         51.81544  4.82409   1         706       76        0         0         86400     28800     64800               
183       2         52.04960  4.26380   0         1005      0         627       0         82518     32400     61199               
184       0         52.05129  4.60873   1         644       261       0         13299     86400     28800     64800               
185       0         52.05265  4.53947   1         901       2419      0         11654     86400     28800     64800               
186       1         51.84137  4.83319   1         683       727       0         0         86400     28800     64800               
187       0         51.60246  4.69033   0         756       0         793       0         86400     46800     59400               
188       0         52.63138  4.70247   1         795       31        0         12333     86400     28800     64800               
189       0         52.22958  5.43323   1         738       835       0         11851     86400     28800     64800               
190       0         52.24677  6.59471   0         1072      0         619       0         74353     46800     57600               
191       2         51.53661  4.40693   0         834       0         1578      0         86400     32400     57600               
192       0         51.91947  5.62699   1         800       274       0         3976      86400     28800     64800               
193       0         51.87000  5.30230   1         786       317       0         0         86400     28800     64800               