NL_MO_3_R 2 6 13 208

[Vehicle Types] - ID_veh_type, fixed_cost, variable_cost, speed, capacity, alpha, beta, max_time, max_drive_time
0         20        1.5       70        3200      2240      2240      46800     32400     
1         20        2.25      50        13600     9520      9520      46800     32400       

[Number of Vehicle Types] - ID_veh_type, ID_depot, number_of_vehicles
0	0	4
0	1	2
0	2	5
1	0	10
1	1	4
1	2	6

[Scheduled Lines] - ID_from, ID_to, cost_per_req, capacity, dep_time, arr_time
0	1	0.01	3200	3600	10800
0	1	0.01	3200	59400	66600
0	2	0.023	3200	1800	7200
0	2	0.023	3200	68400	75600
1	0	0.01	3200	52200	57600
1	0	0.01	3200	82800	86400
1	2	0.016	3200	0	    9000
1	2	0.016	3200	57600	68400
2   0   0.023   3200   0       5400
2	0	0.023	3200	7200	11880
2	0	0.023	3200	71100	77400
2   1   0.016   3200   0       9000
2	1	0.016	3200	7200	16200

[Nodes/requests]: ID_node, ID_depot, lat, long, type, service_time, q_del, q_col, tw_depot_start, tw_depot_end, tw_cust_start, tw_cust_end, PC
0         0         52.04680  5.62393   -1        0         0         0         0         86400     0         86400
1         1         52.28851  6.90135   -1        0         0         0         0         86400     0         86400
2         2         51.51256  5.04693   -1        0         0         0         0         86400     0         86400
3         2         52.28218  4.84145   0         783       0         356       0         86400     48600     61199               
4         2         51.69234  4.87413   1         686       268       0         0         86400     28800     64800               
5         0         53.00738  6.04094   1         892       62        0         0         86400     28800     64800               
6         0         51.96161  4.96332   1         754       255       0         0         86400     28800     64800               
7         2         51.54963  4.47724   1         711       1667      0         0         86400     28800     64800               
8         0         52.29566  6.90477   0         1015      0         756       0         58452     30600     59400               
9         0         51.71763  4.63415   1         937       331       0         0         86400     28800     64800               
10        0         53.20955  6.60965   0         754       0         232       0         86400     28800     61199               
11        2         51.44687  5.39628   1         690       656       0         0         86400     28800     64800               
12        0         52.28678  4.76382   0         1019      0         1545      0         57346     43200     61199               
13        2         51.45137  6.09181   0         679       0         705       0         64545     28800     63000               
14        2         51.95190  4.52628   0         965       0         1408      0         82479     28800     61199               
15        0         52.37694  4.81083   1         932       233       0         7961      86400     28800     64800               
16        0         51.95094  5.53265   1         871       143       0         0         86400     28800     64800               
17        1         52.20718  6.16431   1         888       1030      0         0         86400     28800     64800               
18        0         51.79805  4.71869   0         667       0         382       0         71615     28800     57600               
19        2         52.02688  5.59855   1         719       537       0         0         86400     28800     64800               
20        2         51.39876  6.09400   0         842       0         762       0         73582     28800     61199               
21        0         52.86912  7.06904   1         844       362       0         0         86400     28800     64800               
22        2         52.01127  5.05670   1         871       194       0         0         86400     28800     64800               
23        2         51.78137  4.54652   1         1030      502       0         0         86400     28800     64800               
24        2         51.45728  6.09999   1         656       877       0         0         86400     28800     43200               
25        2         51.43511  5.43991   1         874       2115      0         0         86400     28800     64800               
26        0         52.25503  4.82605   0         836       0         367       0         78184     43200     61199               
27        1         52.37621  6.28675   1         984       1616      0         0         86400     28800     64800               
28        0         52.14050  5.40235   1         910       654       0         0         86400     28800     64800               
29        0         51.35974  5.19192   0         793       0         522       0         86400     28800     61199               
30        0         52.45000  5.26637   1         512       1489      0         0         86400     28800     64800               
31        2         51.89112  4.29031   0         917       0         399       0         63592     28800     57600               
32        0         51.99028  5.09687   1         766       86        0         0         86400     28800     64800               
33        0         52.32427  6.67784   1         631       389       0         0         86400     28800     30600               
34        0         52.61082  4.73530   1         978       1406      0         0         86400     28800     43200               
35        2         51.37996  6.15775   1         740       235       0         0         86400     28800     61199               
36        0         51.95432  4.41364   1         803       216       0         0         86400     28800     64800               
37        0         52.55087  4.97334   1         786       1102      0         0         86400     28800     64800               
38        0         52.21353  4.73242   1         671       498       0         0         86400     28800     64800               
39        0         52.07029  4.43201   0         723       0         537       0         77468     37800     61199               
40        2         52.10628  5.30713   1         804       418       0         0         86400     28800     64800               
41        0         52.26937  4.64734   0         654       0         1747      0         75991     28800     61199               
42        0         52.31259  4.74962   0         1122      0         176       0         82627     28800     54000               
43        2         51.57800  5.55286   1         928       310       0         0         86400     28800     64800               
44        1         52.21571  6.76532   1         637       218       0         0         86400     28800     64800               
45        0         51.98010  4.84180   1         728       115       0         0         86400     28800     64800               
46        0         52.22936  5.46789   0         1073      0         717       0         72388     36000     57600               
47        0         51.60962  4.68357   0         810       0         813       0         82756     39599     55799               
48        2         52.30494  4.75545   1         472       386       0         0         86400     28800     64800               
49        2         51.50607  4.48041   1         667       42        0         0         86400     28800     64800               
50        0         52.25310  5.47400   0         889       0         243       0         75150     36000     57600               
51        2         51.40731  5.28525   1         690       171       0         0         86400     28800     64800               
52        0         52.34554  6.39274   1         734       174       0         0         86400     28800     64800               
53        0         52.16934  5.47035   1         947       585       0         0         86400     28800     64800               
54        0         52.74145  6.09590   1         804       79        0         0         86400     28800     64800               
55        2         51.77783  5.55011   1         794       1469      0         0         86400     28800     64800               
56        2         52.23322  5.48051   0         735       0         86        0         77398     28800     61199               
57        2         53.19972  6.08068   1         919       396       0         0         86400     28800     64800               
58        2         51.39412  6.05360   1         782       146       0         0         86400     28800     64800               
59        2         51.31196  5.65814   0         663       0         173       0         82010     54000     61199               
60        1         53.18516  6.39682   1         861       753       0         0         86400     28800     64800               
61        0         52.06968  4.88305   1         870       356       0         0         86400     28800     64800               
62        1         52.30005  6.73207   0         1033      0         207       0         56687     28800     64800               
63        2         51.28509  5.73156   0         1077      0         365       0         86400     28800     57600               
64        0         52.35877  4.74414   1         749       124       0         16535     86400     28800     64800               
65        0         52.70392  6.53644   0         910       0         767       0         72174     28800     64800               
66        2         52.08793  5.24573   0         701       0         317       0         86400     28800     57600               
67        2         52.57176  5.87698   1         812       91        0         0         86400     28800     64800               
68        0         52.32258  4.79020   0         592       0         234       0         86400     37800     61199               
69        0         52.01498  4.63321   0         937       0         2142      0         63100     28800     55799               
70        2         51.21624  6.00800   1         909       67        0         0         86400     32400     36000               
71        2         51.44145  6.12322   1         835       502       0         0         86400     32400     54000               
72        2         51.47447  5.40298   0         971       0         226       0         64999     32400     57600               
73        0         51.92391  4.82955   1         806       799       0         0         86400     28800     64800               
74        2         51.80018  5.30400   1         1006      1656      0         0         86400     28800     64800               
75        2         51.32744  5.92321   0         806       0         589       0         66634     50399     61199               
76        0         52.28368  4.88855   1         613       96        0         0         86400     28800     61199               
77        2         51.29590  5.63347   1         845       38        0         0         86400     28800     64800               
78        2         52.06072  4.50098   0         796       0         762       0         86400     28800     61199               
79        1         51.48663  4.26578   1         544       253       0         0         86400     28800     64800               
80        1         52.72237  6.50303   0         790       0         38        0         86400     46800     57600               
81        0         52.24841  5.45319   0         902       0         702       0         77179     36000     57600               
82        2         51.73305  4.52651   0         1070      0         1331      0         64788     28800     61199               
83        0         52.58537  4.74719   1         844       2241      0         0         86400     28800     64800               
84        1         52.14608  4.39921   1         800       103       0         0         86400     28800     64800               
85        0         51.99446  5.96541   1         630       617       0         0         86400     28800     64800               
86        2         51.63881  4.67129   1         1023      91        0         0         86400     28800     64800               
87        2         51.28907  5.66802   1         853       225       0         9356      86400     28800     64800               
88        1         52.70991  6.54478   1         851       239       0         0         86400     28800     64800               
89        0         52.25197  4.83005   0         756       0         473       0         63602     37800     61199               
90        2         52.39479  6.63811   0         813       0         679       0         75842     30600     59400               
91        0         52.17783  6.02671   1         808       241       0         13604     86400     28800     64800               
92        0         52.05844  5.54767   0         850       0         50        0         67316     43200     57600               
93        0         51.83356  4.99470   1         795       152       0         0         86400     28800     64800               
94        0         52.57283  4.71480   0         996       0         2118      0         71910     28800     61199               
95        0         51.44427  5.69506   0         890       0         156       0         77733     28800     64800               
96        2         51.44182  3.71782   1         860       986       0         0         86400     28800     64800               
97        0         52.05039  5.61661   1         775       267       0         0         86400     28800     64800               
98        2         51.80767  4.40639   1         604       767       0         0         86400     28800     64800               
99        1         52.75885  6.90287   0         928       0         746       0         86400     54000     61199               
100       0         51.82610  5.74133   1         945       286       0         0         86400     28800     64800               
101       0         52.30045  4.86839   1         921       235       0         0         86400     28800     64800               
102       2         51.65150  6.01718   1         960       3221      0         0         86400     28800     64800               
103       0         52.22182  6.00232   1         810       1074      0         0         86400     28800     64800               
104       2         52.38532  7.00297   0         557       0         671       0         86400     36000     58499               
105       2         51.41170  6.00731   1         965       940       0         0         86400     28800     64800               
106       2         51.54995  5.28907   1         612       102       0         0         86400     28800     64800               
107       0         51.87853  6.24164   0         1059      0         67        0         71692     28800     61199               
108       2         51.90481  4.42579   1         827       170       0         0         86400     28800     64800               
109       2         52.16689  5.98154   1         715       75        0         0         86400     28800     64800               
110       0         52.08004  4.24902   1         817       418       0         0         86400     28800     64800               
111       0         51.99161  5.76581   0         777       0         131       0         68189     28800     57600               
112       2         51.26388  5.71759   1         864       393       0         0         86400     28800     64800               
113       0         51.87229  4.54317   1         1040      9         0         0         86400     28800     64800               
114       0         51.81659  4.93376   1         736       2430      0         0         86400     28800     64800               
115       0         52.95445  5.85435   1         589       679       0         0         86400     28800     64800               
116       0         51.59520  4.73752   1         960       66        0         0         86400     28800     64800               
117       1         53.15394  6.70631   1         971       72        0         0         86400     28800     64800               
118       0         52.61650  4.76885   1         990       560       0         0         86400     28800     64800               
119       2         51.44637  5.73917   1         987       13        0         0         86400     28800     64800               
120       0         51.17190  6.00617   1         1196      218       0         0         86400     28800     64800               
121       2         52.00428  6.63796   1         959       523       0         0         86400     28800     64800               
122       2         51.28392  5.75343   0         864       0         749       0         86400     28800     61199               
123       0         52.01029  5.10651   0         866       0         825       0         63281     32400     61199               
124       2         51.57038  5.31794   1         994       3102      0         0         86400     28800     64800               
125       0         52.54501  4.99825   1         986       239       0         13909     86400     28800     64800               
126       0         52.08139  5.21158   1         895       122       0         6551      86400     28800     64800               
127       2         52.60314  4.74677   1         737       281       0         0         86400     28800     64800               
128       2         51.51151  4.26134   0         547       0         575       0         86400     28800     54000               
129       0         52.25040  5.12018   0         748       0         3052      0         86400     46800     57600               
130       0         51.37827  6.13531   0         838       0         7         0         86400     28800     54000               
131       0         51.63049  5.32614   1         658       755       0         0         86400     28800     64800               
132       0         52.37665  5.65744   1         828       743       0         4663      86400     28800     64800               
133       1         53.18038  5.76670   1         917       115       0         0         86400     28800     64800               
134       2         51.86684  4.56583   1         988       362       0         0         86400     28800     64800               
135       0         51.50742  5.67317   0         880       0         936       0         78099     28800     64800               
136       0         52.62344  4.75872   0         788       0         1900      0         78638     30600     57600               
137       2         51.60711  5.51071   1         823       225       0         0         86400     28800     64800               
138       2         51.56630  4.75124   0         776       0         263       0         86400     54000     61199               
139       2         51.96529  4.07527   0         996       0         547       0         86400     28800     61199               
140       2         51.89847  4.41223   0         848       0         322       0         86400     28800     61199               
141       2         51.45583  5.66718   1         970       2860      0         0         86400     28800     64800               
142       0         51.90961  5.43759   1         640       44        0         0         86400     28800     64800               
143       2         51.77618  5.25434   1         1072      1264      0         0         86400     28800     50399               
144       0         52.53208  4.96224   1         895       64        0         0         86400     28800     64800               
145       2         51.46158  3.86910   1         849       405       0         0         86400     28800     64800               
146       2         52.36231  6.13388   1         923       81        0         0         86400     28800     64800               
147       0         52.09057  5.05354   1         700       76        0         0         86400     28800     64800               
148       2         51.87445  4.50251   1         1125      88        0         0         86400     28800     64800               
149       2         51.93046  4.31150   0         832       0         246       0         86400     28800     61199               
150       2         52.25660  5.98187   1         841       243       0         0         86400     28800     64800               
151       0         52.35343  6.43411   0         789       0         1309      0         82024     39599     55799               
152       2         52.39278  5.24677   1         797       48        0         0         86400     28800     64800               
153       1         52.48461  6.04998   1         808       753       0         0         86400     28800     64800               
154       0         52.18470  6.02871   1         882       3130      0         0         86400     28800     64800               
155       0         52.74390  5.03492   1         815       313       0         0         86400     28800     64800               
156       1         52.18516  6.18741   1         837       730       0         0         86400     28800     64800               
157       2         51.36814  5.24619   1         942       774       0         0         86400     28800     64800               
158       0         51.47355  5.67966   0         735       0         109       0         80681     28800     64800               
159       2         51.62735  4.66964   0         776       0         97        0         86400     36000     59400               
160       2         52.37266  6.59168   1         927       1418      0         0         86400     28800     64800               
161       2         51.82668  4.50839   0         808       0         2340      0         65421     28800     57600               
162       0         52.58817  4.70999   1         643       135       0         0         86400     28800     64800               
163       1         52.54658  5.49234   0         815       0         1854      0         61401     28800     57600               
164       2         53.13468  6.14969   1         766       90        0         0         86400     28800     64800               
165       0         52.63457  5.12701   1         674       579       0         0         86400     28800     64800               
166       2         51.72729  5.16773   0         1064      0         310       0         59950     28800     61199               
167       2         51.36778  6.19495   1         709       194       0         0         86400     28800     64800               
168       2         51.31178  5.88366   0         771       0         728       0         82174     50399     61199               
169       0         52.26982  6.92183   0         808       0         1764      0         58701     30600     59400               
170       2         53.20749  6.48115   1         890       83        0         0         86400     28800     64800               
171       2         51.84788  4.31840   1         884       763       0         0         86400     28800     64800               
172       0         52.25270  6.57067   0         891       0         388       0         81936     39599     61199               
173       2         51.84120  4.85675   1         841       187       0         0         86400     28800     64800               
174       0         52.14723  5.60061   1         726       88        0         7341      86400     28800     64800               
175       0         52.06089  4.53127   1         664       1167      0         0         86400     28800     64800               
176       0         51.87644  5.28693   1         1011      1804      0         7130      86400     28800     64800               
177       0         52.03714  5.59906   1         561       282       0         6973      86400     28800     64800               
178       0         52.01116  6.16243   0         658       0         1861      0         57969     28800     61199               
179       0         52.59239  4.76141   0         704       0         454       0         71241     28800     61199               
180       0         52.61984  4.77314   1         840       3280      0         0         86400     28800     64800               
181       2         51.80228  5.29962   0         806       0         1589      0         86400     28800     57600               
182       0         52.14693  6.75250   1         901       3013      0         0         86400     28800     64800               
183       0         52.48322  4.99937   0         866       0         129       0         67995     28800     46800               
184       0         52.04286  5.18395   0         730       0         466       0         86400     28800     59400               
185       2         51.46685  5.14207   0         744       0         412       0         60075     28800     57600               
186       0         51.98255  6.00714   0         821       0         1022      0         76974     44999     61199               
187       2         51.32493  6.11663   0         709       0         708       0         80746     46800     54000               
188       2         51.42732  5.42840   0         879       0         523       0         86400     28800     61199               
189       0         51.97420  4.30661   1         916       181       0         0         86400     28800     64800               
190       1         52.48933  5.43627   1         692       577       0         0         86400     28800     64800               
191       2         51.58800  5.01095   0         764       0         3110      0         86400     28800     59400               
192       0         52.24638  6.92755   0         777       0         1776      0         59058     28800     57600               
193       0         52.01622  5.52782   1         748       1105      0         0         86400     28800     64800               
194       2         51.64592  4.84823   1         801       567       0         0         86400     28800     64800               
195       2         51.90027  4.39060   1         838       65        0         0         86400     28800     64800               
196       0         51.98494  5.67941   1         886       85        0         0         86400     28800     64800               
197       0         52.38613  4.76504   1         706       1259      0         0         86400     28800     61199               
198       0         51.95480  5.79797   1         809       1290      0         0         86400     28800     64800               
199       0         52.23389  6.89860   1         983       116       0         0         86400     28800     64800               
200       0         52.25427  5.46958   1         703       267       0         5066      86400     28800     64800               
201       0         52.11088  5.18508   1         711       85        0         5941      86400     28800     64800               
202       0         52.34854  4.94517   1         756       873       0         0         86400     28800     30600               
203       0         51.85088  4.62687   1         782       36        0         0         86400     28800     64800               
204       2         51.85193  4.28043   0         859       0         1145      0         65392     28800     57600               
205       0         52.72561  6.47021   0         871       0         1440      0         68577     28800     64800               
206       0         52.01077  5.62050   0         826       0         1977      0         75148     36000     57600               
207       2         51.73902  4.90074   1         755       1223      0         0         86400     28800     64800               