NL_MO_1_R 2 6 13 207

[Vehicle Types] - ID_veh_type, fixed_cost, variable_cost, speed, capacity, alpha, beta, max_time, max_drive_time
0         20        1.5       70        3200      2240      2240      46800     32400     
1         20        2.25      50        13600     9520      9520      46800     32400       

[Number of Vehicle Types] - ID_veh_type, ID_depot, number_of_vehicles
0	0	4
0	1	2
0	2	5
1	0	10
1	1	4
1	2	6

[Scheduled Lines] - ID_from, ID_to, cost_per_req, capacity, dep_time, arr_time
0	1	0.01	3200	3600	10800
0	1	0.01	3200	59400	66600
0	2	0.023	3200	1800	7200
0	2	0.023	3200	68400	75600
1	0	0.01	3200	52200	57600
1	0	0.01	3200	82800	86400
1	2	0.016	3200	0	    9000
1	2	0.016	3200	57600	68400
2   0   0.023   3200   0       5400
2	0	0.023	3200	7200	11880
2	0	0.023	3200	71100	77400
2   1   0.016   3200   0       9000
2	1	0.016	3200	7200	16200

[Nodes/requests]: ID_node, ID_depot, lat, long, type, service_time, q_del, q_col, tw_depot_start, tw_depot_end, tw_cust_start, tw_cust_end, PC
0         0         52.06192  5.60001   -1        0         0         0         0         86400     0         86400
1         1         52.26983  6.95383   -1        0         0         0         0         86400     0         86400
2         2         51.51299  5.03608   -1        0         0         0         0         86400     0         86400
3         1         52.52975  5.54920   0         845       0         3058      0         59220     28800     57600               
4         2         51.62994  5.93486   0         766       0         276       0         61789     32400     61199               
5         0         52.22558  6.80835   0         1144      0         72        0         71812     28800     54000               
6         0         51.83253  4.55801   0         839       0         646       0         86400     28800     61199               
7         2         51.75707  5.84298   1         745       527       0         0         86400     28800     64800               
8         0         52.22956  7.00739   0         875       0         64        0         86400     46800     55799               
9         0         51.48791  5.67791   0         818       0         163       0         71141     28800     64800               
10        0         52.37805  4.79047   1         775       632       0         0         86400     28800     64800               
11        2         51.67084  5.28761   1         879       174       0         0         86400     28800     64800               
12        2         51.50133  5.03761   0         853       0         2709      0         86400     28800     61199               
13        0         52.31338  4.97163   0         664       0         184       0         65200     28800     55799               
14        0         52.35418  5.82454   1         752       571       0         4451      86400     28800     64800               
15        2         51.19647  6.01554   1         850       3312      0         0         86400     28800     64800               
16        2         51.79822  5.85354   1         813       93        0         0         86400     28800     64800               
17        2         51.61983  5.51060   1         808       420       0         0         86400     28800     64800               
18        2         52.03913  4.55451   1         700       29        0         0         86400     28800     64800               
19        0         52.18677  5.37596   0         908       0         705       0         59715     28800     61199               
20        0         52.06255  4.32069   1         1086      969       0         7418      86400     28800     64800               
21        0         52.47109  5.06323   0         783       0         734       0         76806     28800     52200               
22        0         52.01853  5.56485   1         946       399       0         0         86400     28800     64800               
23        0         52.02864  5.12499   0         863       0         292       0         60002     28800     54000               
24        2         51.68127  5.91828   1         779       320       0         0         86400     28800     64800               
25        2         51.67943  4.06979   1         808       250       0         0         86400     28800     64800               
26        0         52.52878  5.08914   1         778       605       0         19234     86400     28800     64800               
27        2         51.28598  5.62445   1         739       766       0         0         86400     28800     64800               
28        0         52.22564  4.86142   1         867       383       0         0         86400     28800     64800               
29        2         51.86920  4.42649   0         708       0         1506      0         86400     28800     61199               
30        0         52.08843  5.53859   1         843       1525      0         0         86400     28800     64800               
31        0         52.92042  4.75925   0         980       0         307       0         75617     28800     61199               
32        2         51.60885  4.91790   1         797       915       0         0         86400     28800     64800               
33        1         52.73587  5.73319   1         1018      102       0         0         86400     28800     64800               
34        2         51.98376  5.95720   1         867       298       0         0         86400     28800     64800               
35        0         52.43008  5.29116   1         822       863       0         15082     86400     28800     64800               
36        2         51.83985  6.25032   0         833       0         2946      0         86400     30600     61199               
37        0         51.48703  5.36068   0         687       0         2227      0         86400     49920     64800               
38        0         52.28973  6.00531   1         812       1476      0         0         86400     28800     64800               
39        2         51.32813  5.63306   0         745       0         65        0         75950     28800     61199               
40        0         52.66481  4.80630   1         790       598       0         0         86400     28800     64800               
41        0         52.23328  6.03788   0         957       0         93        0         64867     30600     59400               
42        0         52.00099  4.18461   0         826       0         1812      0         86400     28800     61199               
43        2         52.42694  5.86549   1         758       317       0         0         86400     28800     64800               
44        2         51.55322  4.19586   1         877       502       0         0         86400     28800     36840               
45        0         52.57877  4.71711   0         776       0         685       0         67460     34199     55799               
46        0         52.01783  5.65427   1         949       88        0         0         86400     28800     64800               
47        2         51.92817  4.61257   1         799       125       0         0         86400     28800     64800               
48        0         51.95048  5.19390   1         826       103       0         20766     86400     28800     64800               
49        1         52.64362  6.19102   1         714       191       0         0         86400     28800     64800               
50        0         51.83790  4.56622   0         914       0         422       0         74790     32400     55799               
51        2         52.00874  5.59348   0         766       0         347       0         86400     28800     61199               
52        1         52.98595  6.57009   0         791       0         339       0         59227     28800     61199               
53        0         52.71055  5.79401   1         873       927       0         0         86400     28800     64800               
54        2         51.86366  4.45369   0         1104      0         255       0         86400     28800     57600               
55        1         53.21383  6.68703   1         946       2309      0         0         86400     28800     64800               
56        2         51.44551  5.44095   0         970       0         673       0         63359     36000     61199               
57        0         52.12911  6.68770   0         912       0         168       0         68306     28800     61199               
58        2         51.34495  5.19696   0         812       0         247       0         86400     50399     61199               
59        2         51.49448  5.66045   1         773       300       0         0         86400     28800     64800               
60        0         52.38608  5.54076   1         819       387       0         18922     86400     28800     64800               
61        2         51.45713  5.71525   1         687       500       0         0         86400     28800     64800               
62        0         52.88117  6.52103   1         938       439       0         0         86400     28800     64800               
63        2         51.65392  4.58352   1         1012      619       0         0         86400     28800     64800               
64        2         51.53279  5.16849   1         823       736       0         0         86400     28800     64800               
65        2         51.28402  6.10153   0         733       0         359       0         86400     28800     61199               
66        2         51.66979  4.86681   1         1135      417       0         0         86400     28800     64800               
67        2         51.61416  5.19089   1         872       1013      0         0         86400     28800     64800               
68        0         51.88981  5.74577   1         796       525       0         0         86400     28800     64800               
69        0         51.92405  4.42743   1         900       592       0         7007      86400     28800     64800               
70        0         51.78844  4.65572   0         679       0         171       0         58705     28800     61199               
71        0         51.98580  5.30037   1         962       68        0         0         86400     28800     64800               
72        0         51.45465  5.70010   0         962       0         290       0         78353     28800     64800               
73        2         51.36289  6.11105   1         1130      109       0         0         86400     28800     64800               
74        0         52.02967  4.51902   1         911       297       0         22508     86400     28800     64800               
75        0         52.08780  5.05142   1         613       161       0         6144      86400     28800     64800               
76        1         53.10413  6.08795   1         656       1531      0         0         86400     28800     64800               
77        0         52.99906  5.54085   1         776       1084      0         0         86400     28800     64800               
78        2         51.56065  5.06195   1         944       150       0         0         86400     28800     64800               
79        2         51.28964  4.02157   1         771       1275      0         0         86400     28800     64800               
80        2         52.44880  6.91942   1         815       145       0         0         86400     28800     64800               
81        0         52.26338  4.84121   0         839       0         54        0         75449     28800     52200               
82        0         52.02213  5.10905   1         747       446       0         0         86400     28800     64800               
83        0         52.83963  5.03305   0         971       0         51        0         86400     32400     61199               
84        0         52.02779  4.37858   1         919       125       0         0         86400     28800     64800               
85        2         51.42145  5.21586   1         747       108       0         0         86400     28800     64800               
86        0         51.46669  5.41157   1         788       167       0         0         86400     28800     64800               
87        0         52.38553  6.61232   0         793       0         1153      0         75341     28800     61199               
88        2         52.27086  6.86972   1         587       228       0         0         86400     28800     64800               
89        0         52.26072  6.62322   0         818       0         146       0         78590     37800     61199               
90        2         51.24798  5.68913   1         800       554       0         0         86400     28800     64800               
91        0         52.34309  5.49396   1         661       385       0         0         86400     28800     64800               
92        2         51.54896  4.39913   1         826       94        0         0         86400     28800     64800               
93        0         51.83058  4.76153   1         829       48        0         0         86400     28800     64800               
94        2         51.56576  4.18555   0         926       0         1491      0         86400     28800     47699               
95        2         52.01186  4.35872   0         957       0         1239      0         72877     28800     61199               
96        2         51.44905  5.80227   1         980       908       0         0         86400     28800     64800               
97        0         52.96654  6.30162   1         902       378       0         0         86400     28800     64800               
98        2         51.42481  6.07380   0         813       0         151       0         81951     50399     57600               
99        1         52.55290  5.88013   1         852       71        0         0         86400     28800     64800               
100       0         52.03860  5.55564   1         711       237       0         0         86400     28800     64800               
101       0         52.62869  4.83169   1         859       3073      0         0         86400     28800     64800               
102       2         52.03248  5.09501   1         921       567       0         0         86400     28800     64800               
103       2         51.80690  4.25581   1         968       17        0         0         86400     28800     64800               
104       2         51.41556  5.48068   1         1030      119       0         0         86400     28800     64800               
105       0         52.27197  4.77352   0         999       0         725       0         75168     28800     59400               
106       1         53.22791  5.52606   0         874       0         313       0         58338     28800     61199               
107       2         52.28961  6.47718   1         754       78        0         0         86400     28800     64800               
108       2         51.65221  5.92109   1         980       292       0         0         86400     28800     64800               
109       0         52.44040  5.69638   1         965       374       0         0         86400     28800     64800               
110       2         53.35057  5.99315   1         968       604       0         0         86400     28800     64800               
111       2         52.02604  4.52768   0         1000      0         334       0         86400     43200     61199               
112       2         52.01215  4.23802   1         983       93        0         0         86400     28800     64800               
113       0         52.37677  6.67258   0         799       0         502       0         86400     28800     61199               
114       1         53.06201  5.38339   1         917       177       0         0         86400     28800     64800               
115       2         51.42447  6.05810   0         1036      0         716       0         86400     50399     61199               
116       0         52.18133  5.39709   1         977       151       0         5298      86400     28800     64800               
117       0         51.99881  5.67990   1         980       771       0         0         86400     28800     64800               
118       2         51.52909  5.06442   0         758       0         401       0         75628     28800     61199               
119       0         51.94659  5.18735   1         774       510       0         0         86400     28800     64800               
120       0         51.83898  5.01590   1         820       128       0         19569     86400     28800     64800               
121       0         51.51408  5.39699   0         706       0         726       0         69754     49920     64800               
122       0         51.84536  4.80362   1         762       120       0         0         86400     28800     64800               
123       1         52.28160  6.73564   0         679       0         1795      0         59112     28800     64800               
124       0         52.44868  6.11583   1         593       324       0         0         86400     28800     64800               
125       0         52.26050  4.75275   1         760       38        0         16987     86400     28800     64800               
126       0         51.84822  5.25277   1         989       138       0         4620      86400     28800     64800               
127       0         52.53522  5.84010   1         1081      1408      0         0         86400     28800     64800               
128       0         52.07947  4.89605   1         1083      91        0         0         86400     28800     64800               
129       2         51.46849  5.50156   1         904       190       0         0         86400     28800     64800               
130       2         51.48126  5.39380   1         752       1160      0         0         86400     28800     64800               
131       0         51.94792  5.95950   1         835       91        0         0         86400     28800     64800               
132       2         51.51913  4.27566   1         718       2799      0         0         86400     28800     64800               
133       0         52.00593  4.66413   1         845       289       0         0         86400     28800     64800               
134       0         52.28618  6.04002   0         836       0         171       0         69587     30600     57600               
135       0         52.07130  4.36592   0         963       0         761       0         71097     28800     54000               
136       0         52.38444  5.29236   1         893       93        0         0         86400     28800     64800               
137       0         51.90115  4.66212   0         869       0         867       0         65429     36000     57600               
138       0         52.36312  5.60749   1         779       401       0         0         86400     28800     64800               
139       0         52.32686  6.71242   1         810       128       0         0         86400     28800     64800               
140       0         52.70218  4.78021   1         897       326       0         0         86400     28800     64800               
141       2         51.88514  6.36355   1         747       774       0         0         86400     28800     64800               
142       2         51.66943  3.93586   0         689       0         167       0         67544     32400     61199               
143       2         53.16222  5.81120   1         885       140       0         0         86400     28800     64800               
144       0         52.18980  4.49999   1         726       336       0         0         86400     28800     64800               
145       0         52.21848  6.87223   1         767       199       0         0         86400     28800     64800               
146       0         52.02036  4.58343   0         808       0         2232      0         74317     32400     57600               
147       2         51.56747  5.18388   0         839       0         126       0         64289     28800     57600               
148       0         51.93801  5.22646   1         975       744       0         0         86400     28800     64800               
149       2         51.63030  4.85482   0         916       0         359       0         58268     32400     61199               
150       2         51.58970  4.98250   1         772       468       0         0         86400     28800     48600               
151       2         52.19576  6.38158   1         1023      118       0         0         86400     28800     64800               
152       2         51.20701  5.83475   0         983       0         345       0         60798     46800     57600               
153       2         52.25556  6.60915   0         855       0         129       0         86400     28800     61199               
154       2         52.37505  6.59652   0         799       0         51        0         86400     28800     64800               
155       0         52.57283  6.59975   1         919       182       0         0         86400     28800     59400               
156       1         52.65099  6.71965   0         929       0         79        0         59137     43200     61199               
157       0         51.99384  4.35747   1         879       644       0         0         86400     28800     64800               
158       1         53.21857  6.57199   1         809       614       0         0         86400     28800     64800               
159       2         51.66838  5.96939   0         912       0         3138      0         86400     28800     64800               
160       0         52.05955  4.27904   1         899       116       0         0         86400     28800     64800               
161       0         52.39787  4.64544   1         661       460       0         0         86400     28800     64800               
162       0         52.32000  5.99223   0         972       0         1720      0         56967     32400     61199               
163       0         52.99817  5.87956   1         821       2528      0         0         86400     28800     64800               
164       0         52.16489  4.94528   1         723       134       0         0         86400     28800     64800               
165       2         51.51242  3.66051   0         1005      0         2586      0         68373     28800     57600               
166       0         51.76651  4.62957   0         1123      0         121       0         66133     28800     61199               
167       0         52.32318  5.29668   0         755       0         1698      0         65202     28800     64800               
168       0         52.02319  5.62658   1         800       130       0         16613     86400     28800     64800               
169       2         51.42973  5.45601   0         820       0         2276      0         64066     28800     61199               
170       2         51.60357  5.65401   0         888       0         150       0         58833     28800     61199               
171       2         51.45682  5.66216   1         844       3252      0         0         86400     28800     64800               
172       0         53.27506  5.66113   1         714       448       0         0         86400     28800     64800               
173       1         52.33740  6.68074   1         904       514       0         0         86400     28800     64800               
174       0         51.45516  5.66280   0         784       0         58        0         76237     28800     64800               
175       2         51.66470  4.82376   1         516       357       0         0         86400     28800     64800               
176       0         52.34147  5.51908   0         814       0         726       0         86400     28800     57600               
177       0         51.89561  4.56136   1         868       512       0         0         86400     28800     64800               
178       0         52.43029  4.83974   1         703       138       0         0         86400     28800     64800               
179       0         52.28866  5.64279   0         607       0         1476      0         66565     28800     61199               
180       2         52.02876  4.65579   1         907       751       0         0         86400     28800     64800               
181       2         51.31527  3.56965   1         706       340       0         0         86400     28800     64800               
182       0         51.86950  4.79994   1         842       327       0         6788      86400     28800     64800               
183       2         51.59499  4.77729   0         1010      0         738       0         86400     34199     61199               
184       2         51.61657  4.76513   0         809       0         494       0         86400     32400     61199               
185       0         52.01203  4.27941   1         667       152       0         5431      86400     28800     64800               
186       0         52.49437  5.06109   1         874       102       0         22144     86400     28800     64800               
187       2         51.73113  5.65974   1         907       694       0         0         86400     28800     64800               
188       2         51.45923  5.38334   1         1170      122       0         0         86400     28800     64800               
189       0         51.97364  4.69390   1         772       153       0         0         86400     28800     64800               
190       2         51.43871  4.32709   1         869       221       0         0         86400     28800     64800               
191       0         52.38913  5.20726   0         929       0         144       0         86400     46800     57600               
192       1         52.53560  5.54065   0         621       0         439       0         59131     28800     61199               
193       2         51.62056  4.83125   1         843       254       0         0         86400     28800     64800               
194       0         52.34619  5.27222   1         871       466       0         0         86400     28800     64800               
195       0         52.06742  5.61470   1         791       350       0         24515     86400     28800     64800               
196       2         51.57128  5.99475   1         893       877       0         0         86400     28800     64800               
197       2         51.90349  3.98877   0         818       0         2323      0         67734     28800     61199               
198       0         52.22954  5.36946   0         676       0         864       0         65489     28800     61199               
199       0         52.31442  6.77648   0         1120      0         156       0         76056     28800     64800               
200       0         51.89009  6.28043   0         887       0         1290      0         86400     57600     61199               
201       2         51.56611  5.50593   0         897       0         954       0         86400     28800     61199               
202       2         51.48481  5.49711   1         828       20        0         0         86400     28800     64800               
203       0         52.33824  4.97192   1         594       978       0         0         86400     28800     64800               
204       0         51.94207  5.24138   1         712       108       0         21855     86400     28800     64800               
205       0         51.81149  4.62466   0         936       0         97        0         86400     28800     61199               
206       1         51.91095  6.26914   1         1005      204       0         0         86400     28800     64800               