NL_MO_4_R 2 6 13 211

[Vehicle Types] - ID_veh_type, fixed_cost, variable_cost, speed, capacity, alpha, beta, max_time, max_drive_time
0         20        1.5       70        3200      2240      2240      46800     32400     
1         20        2.25      50        13600     9520      9520      46800     32400       

[Number of Vehicle Types] - ID_veh_type, ID_depot, number_of_vehicles
0	0	4
0	1	2
0	2	5
1	0	10
1	1	4
1	2	6

[Scheduled Lines] - ID_from, ID_to, cost_per_req, capacity, dep_time, arr_time
0	1	0.01	3200	3600	10800
0	1	0.01	3200	59400	66600
0	2	0.023	3200	1800	7200
0	2	0.023	3200	68400	75600
1	0	0.01	3200	52200	57600
1	0	0.01	3200	82800	86400
1	2	0.016	3200	0	    9000
1	2	0.016	3200	57600	68400
2   0   0.023   3200   0       5400
2	0	0.023	3200	7200	11880
2	0	0.023	3200	71100	77400
2   1   0.016   3200   0       9000
2	1	0.016	3200	7200	16200

[Nodes/requests]: ID_node, ID_depot, lat, long, type, service_time, q_del, q_col, tw_depot_start, tw_depot_end, tw_cust_start, tw_cust_end, PC
0         0         52.02221  5.59130   -1        0         0         0         0         86400     0         86400
1         1         52.28083  6.93311   -1        0         0         0         0         86400     0         86400
2         2         51.56209  5.09024   -1        0         0         0         0         86400     0         86400
3         2         51.86304  4.51878   1         855       1260      0         0         86400     28800     64800               
4         0         51.88178  5.62506   0         834       0         83        0         86400     28800     61199               
5         2         51.79848  4.88126   0         807       0         492       0         80396     30600     57600               
6         0         51.81153  5.08156   1         896       103       0         0         86400     28800     64800               
7         0         51.62648  4.75867   0         810       0         86        0         86400     32400     54000               
8         2         52.33500  5.32046   0         723       0         277       0         86400     54000     57600               
9         2         51.51192  5.45918   0         881       0         159       0         59018     28800     61199               
10        1         53.17236  6.62110   0         646       0         1885      0         60817     28800     61199               
11        0         52.24996  4.81150   1         885       1458      0         0         86400     28800     64800               
12        0         51.91183  5.90162   1         876       756       0         0         86400     28800     61199               
13        2         51.68429  5.06513   0         1106      0         2276      0         60502     28800     64800               
14        2         51.73972  5.52911   1         994       97        0         0         86400     28800     64800               
15        2         51.47206  5.40464   0         1041      0         1461      0         66900     28800     61199               
16        0         51.95103  6.14305   1         787       173       0         0         86400     28800     64800               
17        0         52.53954  5.51622   1         816       1643      0         0         86400     28800     64800               
18        0         51.94639  5.21036   1         916       303       0         0         86400     28800     64800               
19        2         51.87006  4.26096   1         884       154       0         0         86400     33300     35100               
20        0         52.29603  6.00132   0         735       0         318       0         86400     36000     61199               
21        0         51.84064  4.67714   0         929       0         398       0         86400     28800     57600               
22        0         52.10314  4.40787   1         808       92        0         0         86400     28800     64800               
23        2         51.69653  5.18369   1         761       309       0         0         86400     28800     64800               
24        2         51.45167  3.84048   1         702       278       0         0         86400     28800     64800               
25        2         52.00910  5.54372   1         796       836       0         0         86400     28800     64800               
26        0         52.68357  5.03649   1         570       375       0         0         86400     28800     64800               
27        2         51.45530  5.51196   1         1043      49        0         0         86400     28800     64800               
28        2         51.47298  5.39505   1         849       350       0         0         86400     28800     64800               
29        0         52.54018  6.65381   0         887       0         209       0         77187     39599     57600               
30        0         52.04738  5.14080   1         716       78        0         0         86400     28800     64800               
31        2         52.32563  5.60430   0         1100      0         58        0         86400     32400     61199               
32        0         52.14290  4.62088   1         750       392       0         0         86400     28800     64800               
33        0         51.99430  5.28955   1         888       1159      0         0         86400     28800     64800               
34        2         52.39567  6.44740   0         871       0         1909      0         86400     44999     55799               
35        0         52.15563  4.60580   1         837       50        0         0         86400     28800     64800               
36        2         52.50057  4.95851   1         974       1596      0         0         86400     28800     64800               
37        0         52.22166  5.92493   1         921       965       0         13525     86400     28800     64800               
38        2         51.43994  5.65828   0         765       0         326       0         86400     36000     54000               
39        0         52.69167  5.05522   0         847       0         137       0         86400     28800     54000               
40        2         51.71355  5.02196   1         983       1538      0         0         86400     28800     64800               
41        2         51.68129  5.03316   1         931       522       0         0         86400     28800     64800               
42        2         52.33448  4.87908   1         1069      1712      0         0         86400     28800     64800               
43        1         52.77240  6.94843   0         1034      0         160       0         60093     28800     61199               
44        2         51.79054  5.04533   1         703       537       0         0         86400     28800     64800               
45        0         52.25994  6.92659   1         923       125       0         0         86400     28800     64800               
46        0         51.40594  6.09488   1         913       428       0         0         86400     28800     64800               
47        0         52.42173  4.74235   1         975       95        0         0         86400     28800     64800               
48        2         51.45158  4.77313   1         890       868       0         0         86400     28800     64800               
49        0         51.65278  5.42995   0         811       0         260       0         86400     39599     57600               
50        1         53.06982  6.13616   0         892       0         272       0         61699     37800     55799               
51        0         52.34882  4.66456   1         897       751       0         7972      86400     28800     32400               
52        2         51.53380  5.02000   0         753       0         2859      0         71579     28800     61199               
53        0         52.41678  4.79527   0         922       0         961       0         70928     28800     50399               
54        2         51.66497  4.56263   1         938       215       0         0         86400     28800     64800               
55        0         52.75311  6.52418   0         838       0         1032      0         59900     28800     54000               
56        0         52.38674  4.63484   0         835       0         141       0         58791     28800     55799               
57        0         52.43355  4.82396   1         1008      1461      0         0         86400     28800     64800               
58        0         52.07764  5.48812   1         833       118       0         0         86400     28800     64800               
59        0         52.01533  4.99186   1         1010      947       0         0         86400     28800     64800               
60        2         52.21696  5.44416   1         625       336       0         0         86400     28800     64800               
61        0         52.21062  4.40795   0         896       0         395       0         86400     32400     61199               
62        2         51.49189  5.66455   1         810       623       0         0         86400     28800     64800               
63        1         53.20534  6.57488   1         773       92        0         0         86400     28800     64800               
64        0         52.10414  5.29664   0         741       0         324       0         79084     37800     64800               
65        2         52.65312  6.12786   1         834       494       0         0         86400     28800     64800               
66        2         51.50511  5.08411   1         661       2306      0         0         86400     28800     64800               
67        2         51.76096  4.64930   0         923       0         1432      0         86400     28800     61199               
68        2         51.59680  4.97457   1         805       1051      0         0         86400     28800     64800               
69        2         51.52146  3.59945   1         988       49        0         0         86400     28800     64800               
70        2         51.63395  5.66257   0         903       0         150       0         86400     28800     61199               
71        1         52.51976  5.68007   1         899       768       0         0         86400     28800     64800               
72        0         52.66396  5.01792   1         900       326       0         12457     86400     28800     64800               
73        0         52.25403  4.78416   0         911       0         36        0         82650     28800     54000               
74        0         51.97583  4.45465   1         830       623       0         0         86400     32400     54000               
75        2         51.84945  4.29179   1         703       134       0         0         86400     28800     64800               
76        0         52.01781  4.80184   0         898       0         1441      0         78494     28800     57600               
77        1         53.17154  6.58945   0         824       0         41        0         60828     28800     59400               
78        0         53.21869  7.10476   1         1124      155       0         0         86400     28800     64800               
79        0         52.30013  4.73023   1         877       120       0         0         86400     28800     64800               
80        2         51.84116  4.19406   1         855       768       0         0         86400     28800     64800               
81        0         51.77626  4.66812   1         826       54        0         0         86400     28800     64800               
82        0         52.24737  5.73757   0         891       0         22        0         70010     59400     64800               
83        2         51.40460  6.10045   0         771       0         1286      0         74775     28800     57600               
84        0         52.01035  4.68985   1         1007      105       0         0         86400     28800     64800               
85        0         52.06457  5.43638   1         941       209       0         0         86400     28800     64800               
86        2         51.62164  4.92385   0         817       0         314       0         78517     28800     55799               
87        0         52.66234  5.01840   1         668       1129      0         4635      86400     28800     64800               
88        2         51.66958  5.36019   1         964       201       0         0         86400     28800     64800               
89        2         52.06554  4.40615   0         972       0         60        0         86400     37800     61199               
90        0         53.07467  6.09544   1         791       27        0         0         86400     28800     64800               
91        2         51.46091  5.80039   1         972       134       0         0         86400     28800     64800               
92        2         51.89321  4.42098   1         780       2         0         0         86400     28800     64800               
93        0         51.89009  5.79538   0         885       0         1790      0         76534     46800     57600               
94        0         52.35653  5.17036   0         750       0         2191      0         74607     28800     57600               
95        2         51.60088  4.75421   1         964       292       0         0         86400     28800     64800               
96        0         52.13229  4.62576   1         902       857       0         8106      86400     28800     64800               
97        2         51.56080  4.70680   1         942       32        0         0         86400     28800     64800               
98        0         52.28270  4.82432   0         762       0         319       0         81953     50399     54000               
99        0         52.30347  6.62196   0         811       0         235       0         78132     30600     57600               
100       2         51.60734  4.64053   1         779       889       0         0         86400     28800     64800               
101       0         52.72543  6.45820   0         961       0         784       0         82687     28800     57600               
102       0         52.16152  6.70572   1         842       1388      0         0         86400     28800     64800               
103       0         52.13259  5.43307   1         772       715       0         0         86400     28800     64800               
104       0         52.38428  4.78627   1         718       271       0         0         86400     28800     64800               
105       2         51.54214  5.45237   0         770       0         731       0         58838     30600     59400               
106       0         52.70273  6.53517   0         977       0         224       0         76741     28800     54000               
107       0         52.03820  4.48729   1         872       131       0         0         86400     28800     64800               
108       2         51.26270  5.56838   1         893       186       0         0         86400     28800     64800               
109       2         51.54306  4.46951   1         804       94        0         0         86400     28800     64800               
110       0         52.64262  4.76538   1         775       959       0         0         86400     28800     64800               
111       2         51.58752  4.31193   1         1136      105       0         0         86400     28800     64800               
112       1         53.06435  6.02507   1         749       325       0         0         86400     28800     64800               
113       0         52.06840  5.61269   0         844       0         66        0         86400     57600     61199               
114       0         52.66637  4.83933   1         899       330       0         0         86400     28800     64800               
115       2         51.34515  5.30086   1         813       159       0         0         86400     28800     64800               
116       2         51.55540  4.94982   1         780       49        0         0         86400     28800     64800               
117       0         52.01323  4.16632   1         879       457       0         12871     86400     28800     64800               
118       0         51.65383  6.04279   0         915       0         744       0         52488     28800     64800               
119       2         52.39337  4.78007   1         976       614       0         0         86400     28800     43200               
120       0         52.22993  6.36957   1         734       56        0         0         86400     28800     64800               
121       0         51.80870  4.55860   0         818       0         351       0         86400     28800     61199               
122       2         51.81916  4.03033   1         893       443       0         0         86400     28800     64800               
123       2         51.99520  5.55297   1         888       369       0         0         86400     28800     64800               
124       2         52.68607  5.10200   1         964       221       0         0         86400     28800     64800               
125       1         52.36450  6.59091   1         911       1621      0         0         86400     28800     64800               
126       2         51.91355  4.18188   0         847       0         1131      0         86400     46800     53099               
127       2         51.48796  5.67931   0         1052      0         304       0         66839     32400     50399               
128       0         52.62692  4.77489   1         889       210       0         0         86400     28800     64800               
129       2         51.59747  5.58821   1         783       141       0         0         86400     28800     64800               
130       2         51.93941  6.58397   0         948       0         1213      0         86400     28800     57600               
131       2         51.15579  6.00819   0         667       0         752       0         76850     32400     59400               
132       2         52.63410  4.72538   1         798       366       0         0         86400     28800     64800               
133       0         51.94007  4.78876   1         904       19        0         0         86400     28800     64800               
134       0         52.31555  4.77505   1         835       753       0         7444      86400     28800     64800               
135       2         52.96231  5.91383   1         837       1819      0         0         86400     28800     64800               
136       0         51.83731  5.26877   0         752       0         139       0         80077     28800     57600               
137       2         52.52287  6.01432   1         892       45        0         0         86400     28800     64800               
138       0         52.21842  4.78498   1         837       175       0         0         86400     28800     64800               
139       2         51.36441  6.15064   0         754       0         164       0         71342     28800     57600               
140       0         51.92780  4.38919   1         745       714       0         0         86400     28800     64800               
141       0         52.30963  4.73185   1         889       36        0         6054      86400     28800     64800               
142       0         52.39007  4.75547   1         868       1949      0         0         86400     28800     64800               
143       0         52.17811  5.56338   1         890       136       0         12911     86400     28800     64800               
144       2         51.37236  5.16847   1         771       67        0         0         86400     28800     64800               
145       0         52.23396  5.43100   1         833       49        0         13615     86400     28800     64800               
146       0         51.85083  4.50515   1         769       124       0         0         86400     28800     64800               
147       2         51.55691  4.49507   0         1151      0         477       0         86400     28800     57600               
148       2         52.04295  4.84916   1         669       304       0         0         86400     28800     64800               
149       0         52.36870  5.67146   1         808       132       0         0         86400     28800     64800               
150       1         52.29144  6.59964   1         742       618       0         0         86400     28800     64800               
151       2         52.19127  4.58598   1         857       328       0         0         86400     28800     64800               
152       2         51.40663  5.47954   0         840       0         239       0         86400     28800     57600               
153       0         52.04352  5.11245   1         817       286       0         0         86400     28800     64800               
154       2         51.85636  4.21868   1         840       5         0         0         86400     28800     64800               
155       0         52.62784  4.81072   1         847       99        0         0         86400     28800     64800               
156       1         52.54138  6.43619   1         881       160       0         0         86400     28800     64800               
157       0         52.60337  4.77491   0         826       0         1700      0         81543     28800     61199               
158       0         52.28496  6.87144   1         873       133       0         0         86400     28800     64800               
159       2         51.49032  3.91082   1         928       530       0         0         86400     28800     64800               
160       2         51.88253  6.27140   0         940       0         708       0         74909     30600     61199               
161       0         52.06597  4.38809   1         924       1349      0         0         86400     28800     43200               
162       0         52.20064  4.52083   0         697       0         208       0         75421     36000     50399               
163       0         51.97448  6.00618   0         1067      0         115       0         58613     28800     57600               
164       0         51.94775  4.86808   1         934       162       0         0         86400     28800     64800               
165       2         51.64475  5.01081   0         803       0         751       0         86400     28800     57600               
166       2         52.59444  6.61053   1         983       310       0         0         86400     28800     64800               
167       0         52.25466  4.84984   0         866       0         173       0         86400     28800     61199               
168       2         51.72543  5.32379   0         709       0         1415      0         75614     28800     61199               
169       0         51.96016  4.70195   0         975       0         76        0         76200     39599     57600               
170       0         52.04110  5.62586   0         749       0         190       0         86400     43200     57600               
171       0         52.49364  6.12429   0         841       0         166       0         81653     30600     57600               
172       0         52.08516  4.91417   1         810       42        0         0         86400     28800     64800               
173       0         52.95435  4.76391   1         767       983       0         0         86400     28800     64800               
174       0         52.22649  5.44539   1         860       138       0         0         86400     28800     64800               
175       2         52.43189  4.67689   0         929       0         11        0         86400     28800     57600               
176       0         52.46780  5.49153   1         808       22        0         0         86400     28800     64800               
177       2         51.33428  6.12431   0         752       0         61        0         86400     46800     54000               
178       0         51.86246  5.75305   1         787       186       0         0         86400     28800     30600               
179       0         52.00273  5.12244   0         922       0         345       0         77309     28800     57600               
180       0         52.01644  5.62087   0         948       0         235       0         86400     43200     61199               
181       2         51.66616  4.53061   0         918       0         2650      0         64539     28800     57600               
182       2         52.23672  5.98873   1         729       288       0         0         86400     28800     64800               
183       0         52.06412  4.79363   1         861       2305      0         0         86400     28800     64800               
184       0         52.07458  5.05332   1         1066      354       0         0         86400     28800     64800               
185       1         52.74475  6.90965   1         762       263       0         0         86400     28800     64800               
186       0         52.02249  4.41544   1         824       160       0         0         86400     28800     64800               
187       2         51.35639  5.24690   0         896       0         1139      0         67762     28800     61199               
188       0         51.81873  5.76920   1         774       131       0         0         86400     28800     64800               
189       2         51.86488  6.27940   1         1064      323       0         0         86400     28800     64800               
190       0         52.05955  5.64583   1         857       112       0         5529      86400     28800     64800               
191       0         52.33269  4.71619   1         1007      21        0         5251      86400     28800     64800               
192       0         52.36317  5.15706   1         986       124       0         0         86400     28800     64800               
193       0         52.14275  4.63877   1         822       755       0         18468     86400     28800     64800               
194       0         51.72954  5.26717   0         993       0         734       0         86400     28800     61199               
195       2         51.38469  6.13831   0         1027      0         943       0         86400     30600     61199               
196       2         52.21812  6.10078   1         726       1643      0         0         86400     28800     64800               
197       0         52.34178  5.48111   0         809       0         223       0         59278     28800     61199               
198       2         51.55834  4.47729   1         871       1158      0         5663      86400     28800     64800               
199       2         52.37140  5.26277   0         887       0         209       0         86400     28800     64800               
200       1         52.32480  6.88989   1         854       45        0         0         86400     28800     64800               
201       2         51.78189  4.44329   0         775       0         60        0         86400     28800     61199               
202       1         52.51900  6.10163   1         873       181       0         0         86400     28800     64800               
203       0         52.18844  5.99756   1         667       1061      0         12392     86400     28800     64800               
204       2         51.95102  4.59342   1         729       262       0         0         86400     28800     64800               
205       0         51.78188  4.63212   0         777       0         246       0         68203     28800     61199               
206       2         51.46317  5.41731   1         822       58        0         0         86400     28800     64800               
207       0         51.59330  4.60711   0         704       0         1432      0         86400     28800     61199               
208       2         51.45705  3.53840   1         886       106       0         0         86400     28800     64800               
209       0         52.14497  5.62875   1         822       99        0         0         86400     28800     64800               
210       0         52.00184  5.57448   1         786       69        0         0         86400     28800     64800               