NL_TH_2_R 2 6 13 184

[Vehicle Types] - ID_veh_type, fixed_cost, variable_cost, speed, capacity, alpha, beta, max_time, max_drive_time
0         20        1.5       70        3200      2240      2240      46800     32400     
1         20        2.25      50        13600     9520      9520      46800     32400       

[Number of Vehicle Types] - ID_veh_type, ID_depot, number_of_vehicles
0	0	4
0	1	2
0	2	5
1	0	10
1	1	4
1	2	6

[Scheduled Lines] - ID_from, ID_to, cost_per_req, capacity, dep_time, arr_time
0	1	0.01	3200	3600	10800
0	1	0.01	3200	59400	66600
0	2	0.023	3200	1800	7200
0	2	0.023	3200	68400	75600
1	0	0.01	3200	52200	57600
1	0	0.01	3200	82800	86400
1	2	0.016	3200	0	    9000
1	2	0.016	3200	57600	68400
2   0   0.023   3200   0       5400
2	0	0.023	3200	7200	11880
2	0	0.023	3200	71100	77400
2   1   0.016   3200   0       9000
2	1	0.016	3200	7200	16200

[Nodes/requests]: ID_node, ID_depot, lat, long, type, service_time, q_del, q_col, tw_depot_start, tw_depot_end, tw_cust_start, tw_cust_end, PC
0         0         52.04153  5.60716   -1        0         0         0         0         86400     0         86400
1         1         52.28850  6.92662   -1        0         0         0         0         86400     0         86400
2         2         51.53615  5.04871   -1        0         0         0         0         86400     0         86400
3         0         52.85763  6.82817   1         813       433       0         0         86400     28800     64800               
4         2         52.05750  5.58935   1         705       154       0         0         86400     28800     64800               
5         0         52.52461  4.77865   1         824       67        0         11685     86400     28800     64800               
6         2         51.57875  4.84119   1         912       4         0         20403     86400     28800     64800               
7         0         52.41275  4.88468   1         906       452       0         11679     86400     28800     64800               
8         2         51.41086  6.08673   0         955       0         1931      0         77295     32400     57600               
9         1         52.21299  6.23601   1         805       209       0         0         86400     28800     64800               
10        0         52.41855  4.72957   0         986       0         269       0         76565     32400     61199               
11        0         52.07410  4.60117   1         742       1426      0         11066     86400     28800     64800               
12        1         52.50872  6.08007   1         1024      158       0         0         86400     28800     64800               
13        2         51.62264  5.03827   1         837       271       0         6431      86400     28800     64800               
14        2         51.90381  5.85553   1         1006      1857      0         0         86400     28800     64800               
15        0         51.98328  4.99083   0         924       0         263       0         86400     28800     61199               
16        0         51.52097  5.03564   0         992       0         501       0         86400     28800     57600               
17        2         51.57844  4.44799   1         820       116       0         21502     86400     28800     64800               
18        0         51.78693  5.50777   0         731       0         883       0         86400     28800     55799               
19        2         51.63646  3.91961   0         1026      0         799       0         86400     28800     57600               
20        0         52.35489  4.61983   1         943       61        0         0         86400     28800     64800               
21        0         51.26424  5.70863   0         998       0         92        0         86400     28800     57600               
22        2         51.60989  5.66902   0         837       0         197       0         64697     28800     61199               
23        1         53.17974  6.61835   1         757       239       0         10460     86400     28800     64800               
24        0         52.59227  4.74156   1         828       509       0         14595     86400     28800     64800               
25        0         51.79170  4.52679   0         594       0         948       0         78937     28800     57600               
26        0         51.96083  5.96599   1         864       255       0         0         86400     28800     64800               
27        0         52.44844  4.65854   1         676       225       0         10602     86400     28800     64800               
28        1         51.39626  6.08316   1         915       739       0         0         86400     28800     64800               
29        2         51.65283  5.96071   0         969       0         1507      0         77066     32400     61199               
30        2         51.60305  5.03661   1         790       198       0         0         86400     28800     64800               
31        1         52.55011  5.51468   0         644       0         273       0         57359     28800     61199               
32        1         52.54523  6.05474   1         901       747       0         0         86400     28800     64800               
33        2         51.57146  4.53253   1         783       105       0         0         86400     28800     64800               
34        2         51.54171  4.49061   0         1118      0         478       0         73546     28800     61199               
35        0         52.70355  4.94738   1         929       105       0         18240     86400     28800     64800               
36        0         51.84642  4.69821   1         844       249       0         0         86400     28800     64800               
37        2         51.41178  6.08069   0         623       0         747       0         69491     28800     61199               
38        0         52.17688  5.11833   1         908       229       0         19149     86400     28800     64800               
39        0         51.37869  6.06328   0         938       0         546       0         86400     44999     57600               
40        2         51.47823  5.79375   1         871       10        0         18785     86400     28800     64800               
41        2         51.90894  4.04595   0         885       0         516       0         86400     28800     61199               
42        0         51.49760  4.74705   0         871       0         1933      0         86400     28800     57600               
43        2         51.93767  4.28361   1         840       1852      0         23792     86400     28800     64800               
44        1         52.33014  6.62067   1         703       94        0         21496     86400     28800     64800               
45        1         51.97018  6.25492   1         1118      394       0         9618      86400     28800     64800               
46        2         51.48656  5.39851   1         764       935       0         18205     86400     28800     64800               
47        0         51.65859  5.37093   1         829       2290      0         0         86400     28800     64800               
48        2         51.54322  5.95592   1         865       17        0         0         86400     28800     64800               
49        1         52.01152  6.64545   1         644       202       0         0         86400     28800     64800               
50        0         52.05763  5.60308   0         889       0         86        0         67098     54900     59400               
51        0         52.39607  4.90497   1         806       736       0         11790     86400     39599     43200               
52        2         51.71202  5.30489   1         699       433       0         0         86400     28800     64800               
53        0         51.91775  4.85051   1         807       81        0         17637     86400     28800     64800               
54        2         51.76992  5.55412   1         928       107       0         21291     86400     28800     64800               
55        2         51.88449  5.69873   1         852       853       0         0         86400     28800     64800               
56        2         51.87031  4.43570   0         786       0         1102      0         74996     32400     54000               
57        2         52.14220  5.38128   1         744       178       0         0         86400     28800     64800               
58        1         52.91181  6.14026   1         846       820       0         0         86400     28800     64800               
59        2         51.58013  4.82082   1         755       773       0         0         86400     28800     64800               
60        0         51.93316  4.52543   0         771       0         124       0         75305     28800     55799               
61        0         51.78807  5.55827   0         636       0         24        0         86400     32400     61199               
62        0         52.54346  5.89799   1         929       1261      0         0         86400     28800     64800               
63        2         51.42052  5.44356   1         1025      478       0         0         86400     28800     64800               
64        2         51.70069  5.31745   0         934       0         304       0         73501     28800     61199               
65        2         51.61808  4.85945   0         700       0         538       0         67206     28800     57600               
66        0         52.10698  4.42364   1         764       144       0         14501     86400     28800     64800               
67        0         51.97510  6.14144   1         869       1428      0         0         86400     28800     64800               
68        0         52.23526  5.30752   0         970       0         142       0         79783     48600     55799               
69        2         51.47047  5.59129   0         791       0         436       0         75803     50399     57600               
70        0         51.84528  5.26871   1         843       137       0         16261     86400     28800     64800               
71        0         52.28469  4.67229   1         803       1649      0         0         86400     28800     64800               
72        2         51.32160  5.22707   0         695       0         318       0         68925     28800     61199               
73        2         51.34849  5.26050   1         736       2345      0         20158     86400     28800     64800               
74        2         51.39385  6.04270   1         908       47        0         0         86400     28800     44999               
75        0         52.01800  5.55143   1         818       47        0         0         86400     28800     64800               
76        2         51.36379  5.21711   0         901       0         1603      0         86400     28800     59400               
77        1         51.86351  4.63313   1         732       315       0         0         86400     28800     64800               
78        0         52.16327  5.30345   1         958       269       0         10783     86400     28800     64800               
79        2         51.58252  4.42362   0         656       0         724       0         68298     32400     54000               
80        0         51.48685  5.66344   0         846       0         5         0         77743     28800     64800               
81        0         51.96139  4.60522   1         763       450       0         16364     86400     28800     64800               
82        2         51.79890  5.74974   1         779       1139      0         0         86400     28800     64800               
83        2         51.46436  5.38178   1         795       255       0         4733      86400     28800     64800               
84        2         51.56808  4.59344   1         767       603       0         24056     86400     28800     64800               
85        2         51.63759  4.84307   1         958       601       0         18716     86400     28800     64800               
86        2         51.66380  5.42883   1         857       9         0         16911     86400     28800     64800               
87        2         51.75140  4.58841   1         764       327       0         9428      86400     28800     64800               
88        2         51.38976  6.06995   0         877       0         68        0         80508     44999     57600               
89        2         52.11579  5.11729   1         983       188       0         0         86400     28800     64800               
90        2         51.55034  4.60917   0         862       0         152       0         63925     30600     61199               
91        2         51.37170  5.22110   1         776       440       0         0         86400     28800     64800               
92        2         51.56714  5.19974   1         740       198       0         0         86400     28800     64800               
93        2         51.52147  3.67053   0         756       0         301       0         57045     28800     57600               
94        2         51.51952  4.49681   0         754       0         163       0         69793     28800     61199               
95        2         51.42387  3.61148   1         933       359       0         0         86400     28800     64800               
96        2         51.53343  5.41345   0         942       0         566       0         80624     28800     57600               
97        0         52.29993  4.77912   0         993       0         144       0         67387     28800     54000               
98        0         51.97758  5.94317   1         981       171       0         16401     86400     28800     64800               
99        2         51.43039  6.06334   1         664       172       0         11024     86400     28800     64800               
100       2         51.62099  4.83550   0         742       0         2468      0         86400     28800     57600               
101       2         51.50530  5.44011   0         910       0         1693      0         86400     28800     57600               
102       2         52.16595  6.01762   1         1059      553       0         0         86400     28800     64800               
103       2         51.48592  3.90735   1         865       733       0         0         86400     28800     64800               
104       1         52.58164  6.07562   0         947       0         333       0         57912     28800     61199               
105       0         52.10162  5.20930   1         877       47        0         0         86400     28800     64800               
106       2         51.58555  5.03445   0         819       0         153       0         86400     46800     57600               
107       2         51.83926  4.56847   1         844       2338      0         0         86400     28800     64800               
108       1         52.90353  6.01183   0         915       0         401       0         60311     28800     61199               
109       2         51.56173  4.61688   1         806       1085      0         0         86400     28800     64800               
110       0         51.88163  5.86901   1         804       307       0         0         86400     28800     64800               
111       0         52.93063  5.83223   1         588       3241      0         0         86400     28800     64800               
112       2         51.40060  6.02231   1         911       676       0         13555     86400     28800     64800               
113       0         52.27022  5.93523   1         822       1890      0         0         86400     28800     64800               
114       1         52.27408  6.77457   1         898       485       0         0         86400     28800     64800               
115       1         52.57998  6.63056   1         696       141       0         0         86400     28800     64800               
116       0         52.24795  5.47136   0         917       0         262       0         67474     32400     57600               
117       2         52.28206  6.75599   1         877       247       0         0         86400     28800     64800               
118       2         51.93540  4.61445   1         842       325       0         0         86400     28800     64800               
119       0         51.47382  5.75707   0         775       0         119       0         86400     50399     61199               
120       0         51.87401  5.24570   0         786       0         154       0         80498     28800     57600               
121       2         51.41189  6.12031   0         691       0         939       0         68850     28800     61199               
122       2         51.78700  4.52605   0         860       0         274       0         81486     32400     61199               
123       0         51.48503  5.66211   0         931       0         508       0         78128     28800     64800               
124       2         53.00714  6.26417   1         800       387       0         0         86400     28800     64800               
125       2         51.77891  4.64893   1         888       1184      0         0         86400     28800     64800               
126       0         51.94215  6.12696   0         535       0         715       0         81357     28800     57600               
127       2         51.83462  5.74671   0         862       0         1660      0         86400     28800     61199               
128       0         51.58724  4.61450   0         810       0         1102      0         86400     28800     61199               
129       2         52.17442  4.85358   1         1146      416       0         0         86400     28800     64800               
130       0         52.40292  5.50503   1         779       12        0         0         86400     28800     64800               
131       0         51.47723  5.70547   0         816       0         126       0         78691     28800     64800               
132       2         52.05176  5.56564   1         910       1688      0         0         86400     28800     64800               
133       0         52.38016  4.75095   1         983       68        0         17643     86400     28800     64800               
134       1         52.20354  6.19884   1         681       662       0         9654      86400     28800     64800               
135       0         52.22004  4.51264   0         1036      0         2182      0         86400     28800     59400               
136       2         51.73104  5.10101   0         796       0         98        0         67366     28800     64800               
137       0         52.31665  4.68289   1         768       293       0         0         86400     28800     64800               
138       2         51.93513  4.21310   1         1077      38        0         0         86400     28800     64800               
139       0         51.79918  5.57727   0         898       0         4         0         86400     28800     61199               
140       1         52.13660  6.58869   1         919       406       0         0         86400     28800     64800               
141       2         51.60399  4.98474   0         853       0         356       0         73528     54000     61199               
142       0         51.50580  5.65911   0         1019      0         1142      0         86400     28800     64800               
143       0         52.62133  4.78898   0         806       0         2115      0         75753     34199     55799               
144       0         52.25052  6.78603   1         812       654       0         0         86400     28800     64800               
145       1         52.74357  6.48974   1         885       1797      0         0         86400     28800     64800               
146       2         51.36896  5.16667   0         777       0         329       0         71991     39599     57600               
147       0         52.39051  4.86744   1         681       448       0         0         86400     28800     64800               
148       2         52.24012  4.63016   1         812       1140      0         0         86400     28800     64800               
149       1         52.20626  6.86657   1         727       232       0         0         86400     28800     64800               
150       0         51.80565  4.65191   1         725       76        0         3631      86400     28800     64800               
151       0         51.60316  4.98158   0         820       0         250       0         86400     30600     57600               
152       0         51.92763  5.90099   1         770       325       0         0         86400     28800     64800               
153       0         52.02241  5.65795   0         743       0         89        0         77230     46800     61199               
154       0         51.95841  4.53132   1         943       103       0         14893     86400     28800     64800               
155       0         52.06499  4.40476   1         933       1477      0         0         86400     28800     64800               
156       0         52.70805  4.72754   1         1007      53        0         0         86400     28800     64800               
157       1         52.55911  6.65181   0         760       0         41        0         59172     28800     57600               
158       2         51.62586  5.66476   0         1011      0         162       0         63893     28800     61199               
159       0         51.89036  5.29979   1         792       363       0         0         86400     28800     64800               
160       0         52.12221  5.52244   1         845       177       0         0         86400     28800     64800               
161       0         52.05467  4.51789   1         767       21        0         0         86400     28800     64800               
162       0         52.19071  6.00844   1         816       83        0         0         86400     28800     64800               
163       0         52.40540  4.79385   1         767       2306      0         0         86400     28800     57600               
164       0         51.27775  5.68417   1         899       740       0         0         86400     28800     64800               
165       0         51.91707  6.30345   0         706       0         13        0         80555     28800     61199               
166       1         52.20205  6.65914   1         723       464       0         0         86400     28800     64800               
167       2         51.73500  4.96928   0         759       0         203       0         76697     28800     61199               
168       2         51.41094  6.14702   1         954       198       0         0         86400     28800     64800               
169       2         52.05149  4.34967   1         1008      722       0         0         86400     28800     64800               
170       0         52.32494  5.07090   0         694       0         45        0         64133     28800     55799               
171       0         52.27414  5.35478   1         741       1947      0         0         86400     28800     64800               
172       1         53.20717  5.77643   1         895       29        0         0         86400     28800     64800               
173       1         52.72116  6.48935   1         760       27        0         9846      86400     28800     64800               
174       0         51.55189  5.04260   0         801       0         1409      0         79096     28800     64800               
175       0         52.04029  5.60599   1         748       2075      0         0         86400     28800     64800               
176       2         51.49159  5.41853   1         1003      509       0         18438     86400     28800     64800               
177       2         52.34635  5.24538   1         951       502       0         0         86400     28800     64800               
178       2         51.66517  4.82682   0         828       0         1607      0         73625     28800     61199               
179       0         52.67140  5.11275   1         656       387       0         13936     86400     28800     64800               
180       2         51.73653  5.03774   0         1001      0         759       0         63654     28800     57600               
181       2         51.48763  5.68207   1         729       90        0         4392      86400     28800     64800               
182       1         51.89545  6.35456   1         944       135       0         22155     86400     28800     64800               
183       0         52.35074  4.98348   1         792       76        0         0         86400     28800     64800               