NL_TU_4_R 2 6 13 198

[Vehicle Types] - ID_veh_type, fixed_cost, variable_cost, speed, capacity, alpha, beta, max_time, max_drive_time
0         20        1.5       70        3200      2240      2240      46800     32400     
1         20        2.25      50        13600     9520      9520      46800     32400       

[Number of Vehicle Types] - ID_veh_type, ID_depot, number_of_vehicles
0	0	4
0	1	2
0	2	5
1	0	10
1	1	4
1	2	6

[Scheduled Lines] - ID_from, ID_to, cost_per_req, capacity, dep_time, arr_time
0	1	0.01	3200	3600	10800
0	1	0.01	3200	59400	66600
0	2	0.023	3200	1800	7200
0	2	0.023	3200	68400	75600
1	0	0.01	3200	52200	57600
1	0	0.01	3200	82800	86400
1	2	0.016	3200	0	    9000
1	2	0.016	3200	57600	68400
2   0   0.023   3200   0       5400
2	0	0.023	3200	7200	11880
2	0	0.023	3200	71100	77400
2   1   0.016   3200   0       9000
2	1	0.016	3200	7200	16200

[Nodes/requests]: ID_node, ID_depot, lat, long, type, service_time, q_del, q_col, tw_depot_start, tw_depot_end, tw_cust_start, tw_cust_end, PC
0         0         52.03568  5.62527   -1        0         0         0         0         86400     0         86400
1         1         52.28788  6.94264   -1        0         0         0         0         86400     0         86400
2         2         51.55142  5.04030   -1        0         0         0         0         86400     0         86400
3         2         52.60710  6.65823   1         992       55        0         0         86400     28800     64800               
4         2         52.79155  5.03281   1         839       50        0         0         86400     28800     64800               
5         2         52.02162  4.34164   1         858       246       0         0         86400     28800     64800               
6         2         51.67896  4.81437   0         749       0         976       0         65481     28800     57600               
7         2         51.39197  5.27631   0         855       0         86        0         86400     28800     57600               
8         0         52.55665  5.92369   1         827       128       0         0         86400     28800     64800               
9         0         52.35515  6.50415   1         675       1441      0         0         86400     28800     64800               
10        0         51.96078  4.58689   1         879       301       0         16358     86400     28800     64800               
11        1         52.35193  6.68372   1         911       394       0         0         86400     28800     64800               
12        2         51.20486  5.69129   0         748       0         262       0         66374     28800     54000               
13        1         52.52994  6.06855   1         869       1411      0         0         86400     28800     64800               
14        2         51.50257  5.13831   1         871       37        0         6565      86400     28800     64800               
15        2         51.69522  5.08356   1         882       294       0         0         86400     28800     64800               
16        0         52.00748  5.14910   1         880       400       0         0         86400     28800     64800               
17        0         52.21385  6.79942   1         759       2406      0         0         86400     28800     64800               
18        2         51.78374  5.33904   1         733       369       0         0         86400     28800     64800               
19        2         51.62098  5.50057   0         897       0         593       0         86400     28800     59400               
20        2         51.44981  5.57207   0         672       0         60        0         66207     50399     57600               
21        2         52.06536  4.71200   0         922       0         458       0         86400     32400     57600               
22        2         51.34858  5.40846   1         752       74        0         20863     86400     28800     64800               
23        0         52.28687  4.81582   1         922       790       0         0         86400     28800     64800               
24        0         52.09848  4.57146   1         648       257       0         0         86400     28800     64800               
25        2         51.60545  4.58291   1         600       911       0         0         86400     28800     64800               
26        0         51.96262  4.55887   0         781       0         67        0         76777     28800     61199               
27        2         51.46835  3.90260   0         1004      0         1532      0         86400     33300     59400               
28        2         51.68909  4.82260   1         941       926       0         0         86400     28800     57600               
29        0         51.89446  4.76811   1         850       117       0         0         86400     28800     64800               
30        2         51.83929  4.91109   1         674       266       0         0         86400     28800     64800               
31        0         52.77134  6.95285   1         828       26        0         0         86400     28800     64800               
32        1         52.23428  6.85604   1         974       1104      0         0         86400     28800     64800               
33        0         52.39855  4.82319   1         907       282       0         22084     86400     28800     64800               
34        0         52.03296  4.51377   0         932       0         554       0         64585     28800     57600               
35        2         51.98237  4.61631   1         1088      129       0         0         86400     28800     64800               
36        0         51.85407  4.55491   0         1036      0         463       0         69247     28800     55799               
37        2         52.38717  5.21064   0         722       0         432       0         86400     28800     61199               
38        0         52.11325  4.31937   0         801       0         1013      0         76414     30600     55799               
39        2         51.45754  5.68309   1         1025      817       0         0         86400     28800     64800               
40        2         51.58316  5.51497   1         782       757       0         0         86400     28800     64800               
41        0         52.27635  5.97794   0         966       0         306       0         59883     28800     61199               
42        0         52.04900  5.64510   1         794       1691      0         16432     86400     28800     64800               
43        0         51.94846  5.27738   1         823       378       0         0         86400     28800     64800               
44        1         53.19171  6.50144   1         791       39        0         0         86400     28800     64800               
45        2         51.84992  4.43846   1         620       257       0         4787      86400     28800     64800               
46        2         51.79487  4.84702   1         934       6         0         6338      86400     28800     64800               
47        2         51.32590  5.49605   0         1033      0         95        0         67779     28800     57600               
48        2         53.15822  6.36287   1         851       318       0         0         86400     28800     64800               
49        2         52.04427  4.83375   0         987       0         285       0         86400     28800     61199               
50        2         53.19699  5.76748   0         745       0         134       0         86400     28800     61199               
51        1         52.25385  6.93889   0         673       0         182       0         58154     32400     54000               
52        0         52.26578  4.84505   0         998       0         246       0         57645     50399     61199               
53        0         51.82169  5.81136   1         599       333       0         0         86400     28800     64800               
54        1         52.99595  5.97353   1         734       100       0         0         86400     28800     64800               
55        0         51.71337  4.65342   1         1146      706       0         0         86400     28800     64800               
56        2         51.41050  6.09124   1         886       725       0         12682     86400     28800     64800               
57        0         52.38809  4.82044   1         963       347       0         19237     86400     28800     64800               
58        0         52.32406  5.48439   1         749       1786      0         0         86400     28800     64800               
59        2         51.57048  5.34302   1         739       14        0         0         86400     28800     64800               
60        0         51.86909  5.19706   1         886       555       0         12817     86400     28800     64800               
61        0         52.12598  5.49623   1         710       133       0         4881      86400     28800     64800               
62        0         51.97727  4.51963   1         892       115       0         21904     86400     28800     64800               
63        0         52.19001  5.59776   0         738       0         579       0         70280     28800     57600               
64        0         53.02782  5.65182   0         591       0         146       0         86400     28800     61199               
65        1         52.70707  5.78792   1         815       149       0         0         86400     28800     64800               
66        2         51.40642  6.12076   0         745       0         88        0         76556     30600     61199               
67        2         52.11631  6.64498   0         773       0         249       0         86400     28800     61199               
68        2         51.40357  5.18983   0         1096      0         115       0         86400     28800     57600               
69        0         52.72174  6.22621   0         936       0         149       0         86400     36000     54000               
70        2         51.37665  5.21087   0         738       0         89        0         77730     28800     57600               
71        2         51.50072  6.06519   1         899       2152      0         0         86400     28800     55799               
72        0         51.79055  5.71104   1         619       377       0         0         86400     28800     64800               
73        2         52.28529  4.80228   0         939       0         956       0         86400     44999     61199               
74        2         51.45431  3.77482   1         734       201       0         17806     86400     28800     64800               
75        1         52.23957  6.79992   1         979       53        0         8948      86400     28800     64800               
76        2         51.74231  5.06432   1         833       96        0         0         86400     28800     64800               
77        0         52.52945  4.65866   1         687       91        0         0         86400     28800     64800               
78        0         52.67024  5.25796   1         633       90        0         0         86400     28800     64800               
79        0         52.10772  4.67128   1         846       735       0         0         86400     34199     43200               
80        2         51.40971  5.45853   0         812       0         2263      0         64526     28800     61199               
81        0         52.60172  4.76164   1         920       155       0         19186     86400     28800     64800               
82        2         51.67417  4.83206   0         955       0         193       0         54297     46800     61199               
83        2         51.69510  5.89623   0         845       0         286       0         80025     30600     57600               
84        2         51.44417  5.39710   1         909       149       0         19523     86400     28800     64800               
85        2         51.34248  6.15779   1         617       212       0         0         86400     32400     55799               
86        0         52.27249  6.91480   0         921       0         1318      0         60244     28800     61199               
87        0         52.03949  4.51781   1         620       205       0         16469     86400     28800     64800               
88        0         53.12813  6.80922   1         974       45        0         0         86400     28800     64800               
89        2         51.62645  5.49665   0         948       0         62        0         67269     28800     61199               
90        0         51.98199  5.94877   1         737       357       0         12357     86400     28800     64800               
91        0         51.99822  5.94944   1         877       215       0         16721     86400     28800     64800               
92        0         51.41168  5.45493   1         1027      756       0         0         86400     28800     64800               
93        2         51.57638  5.51110   1         561       267       0         0         86400     28800     64800               
94        2         51.83696  4.18110   1         1240      2118      0         18199     86400     28800     64800               
95        0         52.30529  4.78216   0         928       0         746       0         86400     28800     64800               
96        2         52.29648  4.78548   0         1052      0         115       0         86400     28800     64800               
97        1         53.14343  5.64279   1         770       995       0         0         86400     28800     64800               
98        1         51.96744  6.59137   0         819       0         457       0         61328     28800     61199               
99        0         52.26666  5.19429   0         588       0         49        0         72032     28800     57600               
100       0         52.00227  4.41935   1         902       200       0         0         86400     28800     64800               
101       0         51.93646  4.51862   1         710       394       0         0         86400     28800     64800               
102       0         52.04301  4.48209   1         660       70        0         20689     86400     28800     64800               
103       2         51.38826  5.77564   0         1041      0         107       0         86400     28800     61199               
104       2         51.44458  5.55083   1         807       999       0         6457      86400     28800     64800               
105       0         51.60117  5.05523   1         858       59        0         0         86400     28800     64800               
106       1         52.47344  5.53118   0         674       0         2311      0         60385     28800     57600               
107       2         51.49473  5.34039   1         779       135       0         0         86400     28800     64800               
108       1         52.48376  5.48342   1         702       159       0         0         86400     28800     64800               
109       0         51.87152  4.63247   1         1117      192       0         0         86400     28800     64800               
110       1         53.22853  5.88561   1         631       920       0         0         86400     28800     64800               
111       2         51.58882  4.83201   0         734       0         721       0         68111     36000     54000               
112       2         51.54540  5.72087   1         567       600       0         0         86400     28800     64800               
113       1         52.25314  6.80561   1         814       776       0         0         86400     28800     64800               
114       0         51.83415  5.27303   1         759       1774      0         11706     86400     28800     64800               
115       0         51.96657  4.57296   1         910       193       0         4554      86400     28800     64800               
116       2         51.71758  5.32616   1         856       1431      0         0         86400     28800     64800               
117       1         53.18366  6.19970   1         761       1218      0         9824      86400     28800     64800               
118       0         52.21587  4.60871   1         990       248       0         16115     86400     28800     64800               
119       0         52.00966  5.32756   0         856       0         845       0         68015     30600     59400               
120       2         51.54717  4.46016   1         1016      697       0         19485     86400     28800     64800               
121       2         52.39033  6.61657   1         938       148       0         0         86400     28800     64800               
122       0         51.88018  4.42648   1         823       256       0         0         86400     28800     64800               
123       1         51.88204  6.28419   1         828       59        0         0         86400     28800     64800               
124       0         51.93727  5.21417   1         773       2327      0         0         86400     28800     64800               
125       2         51.66497  5.65441   0         957       0         161       0         56202     28800     61199               
126       2         51.33393  5.20172   0         786       0         173       0         56873     28800     57600               
127       0         52.61818  4.73109   0         889       0         190       0         67696     28800     61199               
128       2         51.94083  5.86671   1         965       357       0         0         86400     28800     64800               
129       0         51.88555  4.59015   1         749       68        0         21688     86400     28800     64800               
130       0         51.85511  4.53368   1         907       750       0         0         86400     28800     64800               
131       0         51.99314  4.90492   1         954       5         0         0         86400     28800     64800               
132       2         51.27727  5.71272   0         688       0         742       0         68165     28800     57600               
133       0         52.01672  4.96064   1         812       342       0         15578     86400     28800     64800               
134       2         51.58495  5.50543   1         969       73        0         11040     86400     28800     64800               
135       2         51.65585  5.53371   1         835       67        0         20490     86400     28800     64800               
136       0         51.79087  5.80717   1         1006      1085      0         0         86400     28800     64800               
137       2         51.29477  6.15542   1         822       1735      0         0         86400     28800     64800               
138       0         52.26629  5.99004   1         859       261       0         12446     86400     28800     64800               
139       2         51.53721  6.01556   0         665       0         747       0         78241     43200     54000               
140       0         52.74236  5.76011   1         658       315       0         0         86400     28800     64800               
141       0         53.39430  6.83734   1         917       140       0         0         86400     28800     64800               
142       2         51.37636  6.14392   0         799       0         764       0         86400     30600     61199               
143       2         51.98191  4.38865   1         785       133       0         0         86400     28800     64800               
144       2         51.59074  4.67457   1         770       1061      0         0         86400     28800     64800               
145       0         52.12401  6.00482   0         1037      0         265       0         56867     28800     61199               
146       2         51.46478  5.66471   0         627       0         1426      0         86400     36000     57600               
147       0         52.50658  4.80426   1         728       168       0         0         86400     28800     64800               
148       0         52.04439  5.41674   1         888       757       0         12138     86400     28800     64800               
149       0         51.85963  5.32841   1         775       66        0         15101     86400     28800     64800               
150       0         51.82514  5.74837   1         976       1429      0         0         86400     28800     64800               
151       0         52.46154  6.60181   1         893       140       0         0         86400     28800     64800               
152       0         51.55182  5.54373   0         817       0         57        0         75262     30600     57600               
153       0         52.61462  6.08626   1         781       316       0         0         86400     28800     64800               
154       2         51.65956  5.03417   1         865       704       0         0         86400     28800     64800               
155       0         51.86881  4.49956   1         948       1089      0         0         86400     28800     64800               
156       0         51.94328  6.02951   1         778       363       0         11334     86400     28800     64800               
157       0         52.05559  5.10310   1         790       96        0         0         86400     28800     57600               
158       2         52.33917  5.64868   0         693       0         1762      0         86400     28800     61199               
159       2         52.66728  6.15285   1         997       430       0         0         86400     28800     64800               
160       2         51.92224  6.47759   1         724       3199      0         0         86400     28800     64800               
161       0         51.88069  4.59283   1         958       262       0         11033     86400     28800     64800               
162       2         51.51688  4.27202   1         723       38        0         0         86400     28800     64800               
163       0         52.28739  5.66973   0         892       0         709       0         70930     28800     61199               
164       0         51.83516  5.73936   1         903       104       0         15496     86400     28800     64800               
165       0         51.36662  5.26589   0         979       0         175       0         86400     28800     57600               
166       0         52.02786  4.67941   1         803       16        0         0         86400     28800     64800               
167       0         51.86019  4.57364   1         811       109       0         16465     86400     28800     64800               
168       0         51.83819  4.97267   0         900       0         143       0         86400     28800     61199               
169       1         53.13242  6.89236   1         747       328       0         0         86400     28800     64800               
170       0         52.22552  6.61577   0         710       0         625       0         86400     39599     61199               
171       0         52.25071  5.49381   1         1026      170       0         0         86400     28800     64800               
172       0         52.22660  5.49702   0         967       0         295       0         64822     28800     61199               
173       0         52.06591  4.36880   1         920       718       0         19630     86400     28800     64800               
174       2         51.60025  5.03432   1         991       176       0         0         86400     28800     64800               
175       2         51.60094  4.52671   0         938       0         190       0         77077     28800     61199               
176       0         52.65676  4.80269   1         754       367       0         20574     86400     28800     64800               
177       0         52.06574  4.36776   0         796       0         102       0         64552     37800     61199               
178       0         52.21904  6.84714   1         889       384       0         0         86400     28800     64800               
179       2         53.49390  6.82499   0         863       0         240       0         86400     28800     61199               
180       0         51.82202  4.94122   1         847       83        0         0         86400     28800     64800               
181       0         51.94588  4.45493   1         809       117       0         19295     86400     28800     64800               
182       2         51.38757  6.11459   1         756       238       0         27363     86400     28800     64800               
183       0         52.23153  6.93069   0         607       0         1315      0         86400     29700     59400               
184       0         52.29878  4.66529   1         930       1303      0         0         86400     28800     64800               
185       2         52.36428  4.73997   0         737       0         233       0         69872     28800     61199               
186       0         52.61389  4.76712   0         687       0         3187      0         70448     28800     61199               
187       0         52.32923  6.00840   1         811       257       0         19083     86400     28800     64800               
188       0         52.02310  4.63768   1         823       369       0         20147     86400     28800     64800               
189       0         51.84615  5.76219   1         902       493       0         0         86400     28800     43200               
190       0         52.19289  4.88224   1         928       50        0         12286     86400     28800     64800               
191       2         51.41100  5.46809   1         1200      142       0         19349     86400     28800     64800               
192       0         51.54134  5.97047   0         786       0         881       0         86400     46800     64800               
193       2         51.62278  5.53087   1         899       146       0         0         86400     28800     64800               
194       0         52.07162  6.19393   1         901       1480      0         0         86400     28800     64800               
195       0         51.82793  4.52847   0         750       0         267       0         73993     28800     61199               
196       2         51.82119  5.24887   1         1031      372       0         0         86400     28800     50399               
197       0         52.39598  4.76597   0         674       0         755       0         66568     32400     57600               