NL_TU_1_R 2 6 13 224

[Vehicle Types] - ID_veh_type, fixed_cost, variable_cost, speed, capacity, alpha, beta, max_time, max_drive_time
0         20        1.5       70        3200      2240      2240      46800     32400     
1         20        2.25      50        13600     9520      9520      46800     32400       

[Number of Vehicle Types] - ID_veh_type, ID_depot, number_of_vehicles
0	0	4
0	1	2
0	2	5
1	0	10
1	1	4
1	2	6

[Scheduled Lines] - ID_from, ID_to, cost_per_req, capacity, dep_time, arr_time
0	1	0.01	3200	3600	10800
0	1	0.01	3200	59400	66600
0	2	0.023	3200	1800	7200
0	2	0.023	3200	68400	75600
1	0	0.01	3200	52200	57600
1	0	0.01	3200	82800	86400
1	2	0.016	3200	0	    9000
1	2	0.016	3200	57600	68400
2   0   0.023   3200   0       5400
2	0	0.023	3200	7200	11880
2	0	0.023	3200	71100	77400
2   1   0.016   3200   0       9000
2	1	0.016	3200	7200	16200

[Nodes/requests]: ID_node, ID_depot, lat, long, type, service_time, q_del, q_col, tw_depot_start, tw_depot_end, tw_cust_start, tw_cust_end, PC
0         0         52.00304  5.62387   -1        0         0         0         0         86400     0         86400
1         1         52.28437  6.94300   -1        0         0         0         0         86400     0         86400
2         2         51.50188  5.03580   -1        0         0         0         0         86400     0         86400
3         2         51.65987  6.05120   1         869       971       0         0         86400     28800     64800               
4         0         52.21398  6.09402   1         1077      895       0         0         86400     28800     64800               
5         1         52.19822  6.81939   1         882       100       0         0         86400     28800     64800               
6         2         51.35163  5.18714   0         946       0         497       0         76130     52200     61199               
7         0         52.71176  6.55566   0         963       0         1992      0         69718     28800     64800               
8         1         52.76407  6.92475   1         933       10        0         0         86400     28800     64800               
9         0         52.02199  4.65452   0         914       0         728       0         86400     28800     61199               
10        0         53.17900  5.78861   1         1120      140       0         0         86400     28800     64800               
11        0         51.89752  4.57123   1         838       186       0         0         86400     28800     64800               
12        0         52.01793  4.50387   1         945       2132      0         0         86400     28800     64800               
13        2         51.40777  5.47402   1         935       1724      0         0         86400     28800     64800               
14        0         52.22511  6.02836   1         625       312       0         7134      86400     28800     64800               
15        2         51.69642  5.36216   0         946       0         2908      0         86400     48600     61199               
16        0         52.03936  4.39114   0         920       0         89        0         86400     30600     59400               
17        1         52.95663  6.98102   1         1120      1847      0         0         86400     28800     64800               
18        0         52.39241  5.25575   1         942       174       0         15845     86400     28800     64800               
19        0         52.63918  4.80750   1         869       8         0         11934     86400     28800     64800               
20        0         52.26121  6.67353   0         858       0         55        0         79834     28800     57600               
21        2         52.37010  5.49469   1         843       578       0         0         86400     28800     64800               
22        2         53.12531  6.45759   1         667       284       0         0         86400     28800     64800               
23        2         51.50056  5.21518   1         904       1901      0         0         86400     28800     64800               
24        0         52.27250  5.98878   1         983       1128      0         7461      86400     28800     64800               
25        0         52.23648  5.49177   0         703       0         918       0         81220     28800     61199               
26        0         52.38981  4.67218   1         962       642       0         0         86400     28800     64800               
27        0         52.15254  5.48678   1         851       951       0         0         86400     28800     64800               
28        2         51.93636  4.56610   1         887       246       0         0         86400     28800     64800               
29        2         51.69190  5.05152   0         989       0         465       0         86400     54000     57600               
30        1         52.31398  6.74910   1         637       426       0         0         86400     28800     64800               
31        0         52.14897  4.72670   1         910       34        0         0         86400     28800     64800               
32        0         51.99408  4.37660   1         872       1324      0         0         86400     28800     64800               
33        2         51.92418  6.39186   1         871       211       0         0         86400     28800     64800               
34        2         51.48844  3.67423   1         938       203       0         0         86400     28800     64800               
35        1         52.55947  6.09108   1         769       448       0         0         86400     28800     64800               
36        2         51.93077  4.15636   0         720       0         705       0         86400     28800     61199               
37        1         52.72855  6.57732   1         985       96        0         0         86400     28800     64800               
38        1         52.51264  6.12934   1         943       783       0         0         86400     28800     64800               
39        2         52.40021  5.25339   1         947       581       0         0         86400     28800     64800               
40        0         52.35673  4.92797   0         789       0         3214      0         86400     28800     61199               
41        0         52.06316  4.64255   1         684       253       0         0         86400     28800     64800               
42        2         51.42372  6.10498   1         774       2882      0         0         86400     28800     64800               
43        2         51.49003  5.41026   1         988       195       0         0         86400     28800     64800               
44        2         51.46567  5.54460   0         925       0         92        0         86400     36000     61199               
45        2         52.31103  6.93673   1         844       193       0         0         86400     28800     64800               
46        0         51.86907  4.63299   0         824       0         1265      0         62015     28800     61199               
47        2         51.62177  4.96182   0         702       0         736       0         73517     43200     59400               
48        2         51.90596  6.56162   1         1051      200       0         0         86400     28800     64800               
49        0         52.42054  5.24566   0         990       0         2790      0         82584     36000     54000               
50        2         51.86232  4.54359   0         671       0         123       0         71821     28800     54000               
51        0         51.95187  6.06338   0         863       0         759       0         71351     32400     57600               
52        1         52.81948  5.72337   1         751       646       0         0         86400     28800     64800               
53        0         52.05475  5.55185   1         826       79        0         12133     86400     28800     64800               
54        0         52.19626  5.38157   1         844       178       0         0         86400     28800     64800               
55        0         52.59519  4.71588   1         941       892       0         0         86400     28800     64800               
56        0         51.94069  6.01084   1         1055      1917      0         0         86400     28800     64800               
57        0         51.80695  5.76609   1         657       876       0         14947     86400     28800     64800               
58        2         51.72923  5.88438   0         907       0         2825      0         86400     30600     59400               
59        1         53.04391  6.58114   1         977       591       0         0         86400     28800     64800               
60        0         52.04453  5.62311   1         1016      75        0         14400     86400     28800     64800               
61        1         52.12255  6.62429   0         779       0         132       0         67387     28800     61199               
62        0         52.71173  6.88706   0         995       0         277       0         70002     32400     57600               
63        2         51.67221  4.56581   0         839       0         678       0         70451     50399     52200               
64        2         52.65474  6.72105   0         813       0         267       0         86400     52200     61199               
65        0         52.29151  6.93216   1         841       356       0         0         86400     28800     64800               
66        1         52.53962  5.89104   1         879       250       0         0         86400     28800     64800               
67        0         52.04424  5.64502   0         943       0         406       0         86400     54900     59400               
68        0         52.43664  4.89059   1         772       167       0         0         86400     28800     64800               
69        1         53.17239  5.78341   1         446       366       0         0         86400     28800     64800               
70        2         51.69741  5.05671   1         780       1147      0         0         86400     28800     64800               
71        2         51.25129  5.68111   1         937       143       0         0         86400     28800     64800               
72        0         51.95925  4.22676   0         920       0         693       0         76260     30600     61199               
73        1         51.19471  5.98521   1         780       1449      0         0         86400     28800     64800               
74        0         52.80568  4.98471   1         678       91        0         0         86400     28800     64800               
75        2         51.80590  4.86875   1         843       68        0         0         86400     28800     64800               
76        2         51.91879  4.36359   1         618       137       0         0         86400     28800     64800               
77        2         51.58911  5.02619   1         824       1565      0         4314      86400     28800     64800               
78        0         52.04250  6.16817   0         956       0         187       0         54033     28800     61199               
79        2         51.44757  6.02711   1         851       501       0         0         86400     28800     64800               
80        0         52.41882  4.75766   0         813       0         369       0         69748     28800     61199               
81        2         53.10458  5.69511   0         788       0         25        0         74493     28800     61199               
82        2         51.46586  5.42749   1         1087      3247      0         0         86400     28800     64800               
83        2         52.00077  5.33446   1         873       915       0         0         86400     28800     64800               
84        2         51.56693  4.43246   0         974       0         1760      0         86400     36000     54000               
85        0         52.04018  5.59668   1         661       2074      0         0         86400     28800     64800               
86        2         51.45859  5.65648   1         991       275       0         0         86400     28800     64800               
87        0         52.20406  6.06533   1         563       181       0         0         86400     28800     64800               
88        2         52.26362  6.01729   0         893       0         278       0         86400     36000     61199               
89        0         51.24881  5.64345   1         824       515       0         0         86400     28800     64800               
90        0         52.37922  5.51866   0         942       0         236       0         86400     28800     54000               
91        1         52.32492  6.63752   1         862       65        0         0         86400     28800     64800               
92        1         53.14149  6.43694   1         712       782       0         0         86400     28800     64800               
93        2         52.59095  6.58536   1         957       119       0         0         86400     28800     64800               
94        0         51.88938  4.62307   0         863       0         1215      0         72063     28800     61199               
95        2         51.36393  3.45780   1         932       673       0         0         86400     28800     64800               
96        2         51.41018  6.03413   0         823       0         46        0         86400     43200     57600               
97        2         51.67449  4.82873   1         805       768       0         5146      86400     28800     64800               
98        0         52.78554  6.94898   0         656       0         891       0         86400     54000     61199               
99        0         51.97145  4.37588   1         748       116       0         0         86400     28800     64800               
100       0         52.57888  5.90367   1         751       871       0         0         86400     28800     64800               
101       0         52.01722  5.63590   1         754       976       0         7781      86400     28800     64800               
102       1         53.06642  5.61494   1         842       236       0         0         86400     28800     64800               
103       2         51.22028  6.02031   1         1067      3196      0         0         86400     28800     64800               
104       2         52.10630  5.72209   1         680       762       0         0         86400     28800     64800               
105       2         51.51264  5.50230   1         1092      66        0         6928      86400     28800     64800               
106       0         52.01106  4.53161   0         735       0         69        0         86400     30600     61199               
107       0         52.18145  5.27170   1         904       406       0         0         86400     28800     64800               
108       2         51.41564  5.45060   0         850       0         365       0         71069     28800     61199               
109       0         52.53621  4.99531   1         1002      491       0         0         86400     28800     64800               
110       2         51.93051  4.43579   1         943       203       0         0         86400     28800     64800               
111       1         52.75043  6.99862   0         720       0         170       0         58099     28800     61199               
112       0         51.47203  5.62766   0         914       0         89        0         86400     32400     57600               
113       2         51.47321  5.27426   1         674       72        0         0         86400     28800     64800               
114       2         51.90472  4.54433   0         946       0         25        0         73280     28800     55799               
115       2         52.90628  5.56016   1         1089      733       0         0         86400     28800     64800               
116       0         52.04130  4.51920   1         862       217       0         0         86400     28800     64800               
117       2         51.42588  5.79950   0         831       0         108       0         86400     28800     55799               
118       2         51.37040  6.13422   0         855       0         413       0         86400     28800     61199               
119       0         52.10113  4.93904   1         909       725       0         0         86400     28800     64800               
120       0         52.76877  6.86037   1         755       363       0         0         86400     28800     64800               
121       1         51.95039  6.35016   0         781       0         300       0         60326     28800     61199               
122       0         52.25575  4.68005   0         820       0         48        0         74837     30600     61199               
123       0         52.61357  4.71664   1         654       145       0         0         86400     28800     64800               
124       2         51.69202  4.57828   0         992       0         3128      0         86400     36000     54000               
125       2         52.02110  5.55439   1         985       134       0         0         86400     28800     64800               
126       0         52.71403  6.49290   0         1203      0         43        0         86400     36000     61199               
127       0         51.91989  5.42221   1         876       1066      0         0         86400     28800     64800               
128       0         52.45176  4.62320   0         1091      0         2285      0         62086     28800     61199               
129       0         52.03254  4.26444   1         875       143       0         13307     86400     28800     64800               
130       0         51.87923  5.78764   1         652       516       0         0         86400     28800     64800               
131       2         51.60249  5.53398   0         717       0         591       0         86400     28800     61199               
132       2         51.64514  4.51035   0         865       0         230       0         86400     36000     54000               
133       0         52.26196  5.37817   1         830       786       0         0         86400     28800     64800               
134       0         51.41786  5.70000   0         859       0         231       0         78006     28800     64800               
135       1         52.32360  6.73837   0         849       0         223       0         53966     28800     64800               
136       0         52.37649  4.61748   0         750       0         150       0         66299     28800     64800               
137       2         52.10937  6.34076   1         784       49        0         0         86400     28800     64800               
138       2         51.36605  5.87826   0         740       0         1177      0         86400     43200     61199               
139       1         52.73362  6.53771   0         964       0         1149      0         65863     28800     64800               
140       2         51.56911  4.58679   1         867       773       0         0         86400     28800     64800               
141       2         53.10476  6.87462   1         861       150       0         0         86400     28800     64800               
142       0         51.80995  4.64372   0         792       0         92        0         86400     30600     58499               
143       0         52.53055  6.06933   1         906       105       0         0         86400     28800     64800               
144       0         52.11255  6.06785   0         815       0         119       0         86400     32400     57600               
145       0         51.88983  5.58378   0         612       0         127       0         69576     32400     61199               
146       0         51.95599  4.80738   1         947       109       0         11560     86400     28800     64800               
147       2         51.88604  4.53927   0         730       0         78        0         76781     28800     55799               
148       0         51.81447  5.86172   1         833       210       0         0         86400     32400     64800               
149       1         52.28732  6.78918   1         797       2067      0         0         86400     28800     64800               
150       0         52.15738  6.03470   1         884       190       0         0         86400     28800     64800               
151       2         51.61573  4.88985   1         779       833       0         0         86400     28800     64800               
152       0         51.93077  4.52822   0         1054      0         80        0         86400     28800     61199               
153       0         52.48805  4.59115   0         835       0         310       0         77162     32400     59400               
154       0         52.04779  4.52906   0         910       0         437       0         86400     28800     61199               
155       1         51.95973  6.31454   1         788       175       0         0         86400     28800     64800               
156       0         52.52304  4.76574   1         974       313       0         14954     86400     28800     64800               
157       0         52.39045  4.75295   1         939       3187      0         0         86400     28800     64800               
158       0         52.23112  5.37869   0         1033      0         329       0         86400     28800     61199               
159       2         52.51400  5.73644   0         846       0         371       0         86400     28800     61199               
160       2         53.17339  6.37338   1         914       164       0         0         86400     28800     64800               
161       0         52.63908  6.07205   1         788       876       0         0         86400     28800     64800               
162       0         51.90074  5.82968   1         1049      1996      0         0         86400     28800     64800               
163       0         52.33717  5.34654   1         762       905       0         0         86400     28800     64800               
164       0         52.34765  5.21973   1         865       617       0         0         86400     28800     64800               
165       2         51.38115  5.28384   0         817       0         1516      0         82074     28800     54000               
166       1         52.75081  6.52781   0         762       0         735       0         86400     28800     64800               
167       0         51.78718  5.54004   0         796       0         893       0         86400     32400     59400               
168       0         52.24570  5.97905   0         867       0         2024      0         65346     46800     55799               
169       2         52.95536  5.92764   1         773       1156      0         0         86400     28800     64800               
170       0         52.70708  6.74314   0         903       0         181       0         81332     48600     61199               
171       2         51.16377  5.87770   0         927       0         194       0         86400     32400     57600               
172       2         51.81257  5.79247   0         821       0         149       0         86400     37800     54000               
173       0         52.06951  5.03438   1         800       211       0         0         86400     28800     64800               
174       0         51.88560  4.54159   1         839       125       0         13442     86400     28800     64800               
175       0         52.67595  4.88474   1         704       199       0         0         86400     28800     64800               
176       1         52.76067  6.76188   0         793       0         949       0         57798     28800     57600               
177       0         52.40706  6.44542   0         814       0         1765      0         86400     28800     64800               
178       0         52.42685  4.82139   1         905       89        0         0         86400     28800     64800               
179       0         52.29461  5.30365   0         723       0         1318      0         72092     54000     57600               
180       2         51.46519  5.36993   0         911       0         2228      0         65123     28800     50399               
181       2         52.66439  5.07609   1         595       326       0         0         86400     28800     64800               
182       2         52.38701  6.68766   1         782       309       0         0         86400     28800     64800               
183       0         51.94480  5.00769   1         1014      48        0         15726     86400     28800     64800               
184       0         51.92275  5.51989   1         1008      482       0         0         86400     28800     64800               
185       0         51.71544  5.36323   0         888       0         1456      0         86400     28800     64800               
186       0         51.81976  5.74243   0         1117      0         3061      0         86400     43200     61199               
187       2         51.67914  5.08582   0         785       0         584       0         60571     46800     61199               
188       2         52.48399  4.57981   0         908       0         611       0         86400     28800     59400               
189       2         51.39358  6.10461   0         910       0         467       0         86400     41400     57600               
190       2         51.70055  5.05942   1         760       1686      0         0         86400     28800     64800               
191       0         52.16468  4.50312   1         803       2095      0         0         86400     28800     64800               
192       2         51.80362  5.24915   1         711       296       0         6951      86400     28800     64800               
193       2         51.73030  4.87872   1         917       86        0         6089      86400     28800     64800               
194       0         51.43803  5.69028   0         759       0         1060      0         79223     28800     64800               
195       0         53.20432  6.62692   1         864       81        0         0         86400     28800     64800               
196       2         52.21364  5.50578   1         1107      415       0         0         86400     28800     64800               
197       0         52.80451  6.84913   1         753       73        0         0         86400     28800     64800               
198       2         53.20150  5.78105   1         877       117       0         0         86400     28800     64800               
199       0         52.39850  7.02840   0         665       0         258       0         72168     28800     57600               
200       0         52.04791  4.26353   1         678       419       0         0         86400     28800     64800               
201       0         51.98270  6.00268   0         884       0         337       0         66713     28800     57600               
202       2         51.90271  4.44449   1         829       100       0         0         86400     28800     64800               
203       0         51.88621  4.42278   0         816       0         748       0         86400     28800     57600               
204       2         51.35048  4.39033   0         809       0         363       0         86400     28800     50399               
205       0         52.32127  5.23902   0         814       0         322       0         86400     61199     64800               
206       2         51.67040  5.04066   0         926       0         167       0         74445     54000     57600               
207       0         51.95989  4.43438   1         799       425       0         0         86400     28800     64800               
208       0         52.35688  5.65431   1         683       1632      0         0         86400     28800     64800               
209       2         51.35295  5.50968   1         940       233       0         5847      86400     28800     64800               
210       2         52.34634  6.49741   1         621       359       0         0         86400     28800     64800               
211       0         52.04468  5.57021   1         785       2341      0         0         86400     28800     64800               
212       2         51.41442  5.44442   1         765       127       0         0         86400     28800     64800               
213       0         52.12191  5.36337   1         915       223       0         0         86400     28800     64800               
214       0         52.63359  4.85885   1         773       74        0         0         86400     28800     64800               
215       1         52.68185  6.21308   1         876       308       0         0         86400     28800     64800               
216       0         52.01365  5.11103   1         750       154       0         0         86400     28800     64800               
217       0         51.48497  5.39447   0         853       0         78        0         86400     44999     52200               
218       0         52.03952  4.50808   1         770       160       0         0         86400     28800     64800               
219       2         51.78810  5.32090   1         1010      206       0         0         86400     28800     64800               
220       2         51.79423  5.27818   1         800       664       0         0         86400     28800     64800               
221       0         52.45260  5.82349   1         911       35        0         0         86400     28800     59400               
222       0         52.13011  5.13852   1         641       827       0         0         86400     28800     64800               
223       2         51.39123  4.33689   1         757       139       0         0         86400     28800     64800               