NL_TH_3_R 2 6 13 194

[Vehicle Types] - ID_veh_type, fixed_cost, variable_cost, speed, capacity, alpha, beta, max_time, max_drive_time
0         20        1.5       70        3200      2240      2240      46800     32400     
1         20        2.25      50        13600     9520      9520      46800     32400       

[Number of Vehicle Types] - ID_veh_type, ID_depot, number_of_vehicles
0	0	4
0	1	2
0	2	5
1	0	10
1	1	4
1	2	6

[Scheduled Lines] - ID_from, ID_to, cost_per_req, capacity, dep_time, arr_time
0	1	0.01	3200	3600	10800
0	1	0.01	3200	59400	66600
0	2	0.023	3200	1800	7200
0	2	0.023	3200	68400	75600
1	0	0.01	3200	52200	57600
1	0	0.01	3200	82800	86400
1	2	0.016	3200	0	    9000
1	2	0.016	3200	57600	68400
2   0   0.023   3200   0       5400
2	0	0.023	3200	7200	11880
2	0	0.023	3200	71100	77400
2   1   0.016   3200   0       9000
2	1	0.016	3200	7200	16200

[Nodes/requests]: ID_node, ID_depot, lat, long, type, service_time, q_del, q_col, tw_depot_start, tw_depot_end, tw_cust_start, tw_cust_end, PC
0         0         52.04517  5.62219   -1        0         0         0         0         86400     0         86400
1         1         52.30503  6.90923   -1        0         0         0         0         86400     0         86400
2         2         51.52923  5.05147   -1        0         0         0         0         86400     0         86400
3         0         52.40806  4.84270   1         888       162       0         0         86400     36000     61199               
4         2         53.04882  6.50017   1         871       2466      0         0         86400     28800     64800               
5         0         53.16020  7.04182   1         834       160       0         0         86400     28800     64800               
6         1         52.47022  6.02433   1         627       574       0         0         86400     28800     64800               
7         0         52.99807  5.61555   1         882       1966      0         0         86400     28800     64800               
8         2         51.78051  5.55804   1         777       312       0         0         86400     28800     64800               
9         2         52.65375  6.58407   1         903       461       0         4881      86400     28800     64800               
10        2         51.60835  4.98705   0         972       0         2078      0         65327     37800     55799               
11        2         51.71475  4.44695   0         939       0         43        0         77577     28800     61199               
12        1         53.00854  6.83333   1         1006      374       0         0         86400     28800     64800               
13        0         52.60134  4.77423   0         867       0         175       0         56609     28800     61199               
14        0         51.52716  4.49293   0         1076      0         82        0         86400     28800     61199               
15        0         51.97259  5.10902   1         1083      226       0         0         86400     28800     64800               
16        1         52.29698  6.94159   0         776       0         129       0         58899     34199     50399               
17        0         52.17549  5.32079   1         919       329       0         10681     86400     28800     64800               
18        0         52.39914  4.92000   1         721       715       0         12134     86400     37800     64800               
19        0         52.52181  6.12334   1         949       354       0         0         86400     28800     64800               
20        2         52.00077  5.58158   1         879       234       0         0         86400     28800     64800               
21        2         51.50086  5.40982   1         671       456       0         4262      86400     28800     64800               
22        0         52.29239  4.54653   1         724       1453      0         18602     86400     28800     64800               
23        1         52.05848  6.63944   0         750       0         102       0         58897     28800     61199               
24        2         52.63785  5.69610   1         924       92        0         4351      86400     28800     64800               
25        1         53.05371  5.53758   0         741       0         738       0         86400     36000     57600               
26        2         51.49792  4.63237   1         650       311       0         0         86400     28800     64800               
27        2         51.51870  3.85584   0         805       0         745       0         76376     33300     59400               
28        2         51.49025  3.89300   1         744       129       0         0         86400     28800     64800               
29        0         52.07199  5.08737   1         645       1123      0         0         86400     28800     64800               
30        0         52.48654  5.02791   0         833       0         124       0         86400     28800     46800               
31        0         52.33824  5.98828   0         801       0         70        0         58211     30600     57600               
32        2         51.59084  4.71234   0         1062      0         90        0         69986     32400     54000               
33        0         52.48625  4.76376   1         777       14        0         11939     86400     36000     57600               
34        0         52.06040  5.06836   0         966       0         454       0         86400     28800     57600               
35        2         52.40949  5.20726   0         850       0         502       0         86400     46800     59400               
36        0         51.93016  6.09970   0         763       0         984       0         57897     43200     57600               
37        2         51.66383  5.93056   1         850       36        0         22912     86400     28800     64800               
38        2         51.63672  4.72918   0         638       0         1462      0         86400     61199     63000               
39        0         51.99176  5.94244   1         936       371       0         6757      86400     28800     64800               
40        0         52.20676  5.47811   1         854       1435      0         7942      86400     28800     64800               
41        2         51.42271  6.10728   1         1023      2910      0         0         86400     28800     64800               
42        2         52.31440  4.79383   1         808       320       0         0         86400     28800     64800               
43        0         51.90499  5.20883   1         932       36        0         11556     86400     28800     64800               
44        0         51.85827  6.33313   1         834       704       0         0         86400     28800     64800               
45        2         51.58804  4.84373   1         883       84        0         20900     86400     28800     64800               
46        2         53.21218  6.62588   1         720       369       0         0         86400     28800     64800               
47        2         52.11366  4.71620   0         980       0         156       0         86400     28800     61199               
48        1         52.59251  6.63417   1         741       96        0         0         86400     28800     64800               
49        0         51.99680  5.58086   1         903       306       0         5631      86400     28800     64800               
50        0         52.04162  4.62311   0         855       0         94        0         58273     32400     57600               
51        2         51.55577  4.45670   1         966       49        0         11115     86400     28800     64800               
52        2         51.43221  5.80191   1         970       38        0         22864     86400     28800     64800               
53        2         51.45928  5.42100   1         881       745       0         0         86400     28800     64800               
54        1         51.91380  6.29609   1         578       343       0         0         86400     28800     64800               
55        0         52.14208  4.41423   1         768       99        0         18968     86400     28800     64800               
56        2         52.43627  5.76091   1         843       121       0         0         86400     28800     64800               
57        1         52.40380  6.99944   1         808       213       0         0         86400     28800     64800               
58        1         52.74140  6.20246   0         840       0         322       0         57592     28800     57600               
59        0         52.42649  4.64873   1         881       73        0         0         86400     28800     64800               
60        1         51.99899  6.59871   1         708       664       0         0         86400     28800     64800               
61        2         52.38536  6.63734   1         723       1045      0         0         86400     28800     64800               
62        2         51.95489  6.69640   0         1027      0         62        0         86400     28800     61199               
63        2         51.52027  4.47284   1         721       646       0         4096      86400     28800     64800               
64        2         51.61549  4.69610   1         1069      141       0         0         86400     28800     64800               
65        2         51.73228  5.32587   1         722       166       0         0         86400     28800     64800               
66        2         51.78918  4.87304   0         881       0         1068      0         65660     30600     59400               
67        2         51.64939  4.83475   1         760       175       0         8173      86400     28800     64800               
68        0         51.95147  4.58640   1         667       104       0         0         86400     28800     64800               
69        0         52.55759  6.63280   1         799       237       0         0         86400     28800     64800               
70        0         52.85898  4.97363   0         950       0         1057      0         86400     39599     59400               
71        0         52.32742  4.87004   1         895       1448      0         0         86400     28800     64800               
72        0         52.73233  6.52152   0         982       0         91        0         86400     46800     57600               
73        2         51.96989  5.88953   1         692       716       0         0         86400     28800     64800               
74        1         52.27959  6.76516   1         781       252       0         10182     86400     28800     64800               
75        0         52.09579  5.06957   1         842       1596      0         0         86400     28800     64800               
76        0         52.03184  5.52577   0         799       0         517       0         59134     28800     61199               
77        1         51.50116  4.22584   0         1087      0         1366      0         86400     28800     55799               
78        2         51.58967  5.50335   1         903       229       0         20580     86400     28800     64800               
79        0         51.93116  4.29262   0         887       0         196       0         86400     28800     61199               
80        2         51.43142  5.58234   0         858       0         587       0         63350     50399     57600               
81        2         51.56866  4.49255   1         800       86        0         20401     86400     28800     64800               
82        0         52.22926  5.33275   1         795       1094      0         13823     86400     28800     64800               
83        0         52.40578  4.77172   1         778       2431      0         0         86400     28800     61199               
84        0         51.94326  4.20670   1         828       1403      0         0         86400     28800     64800               
85        0         51.81143  4.72640   1         1038      258       0         0         86400     32400     57600               
86        1         51.96039  6.29782   1         760       432       0         0         86400     28800     64800               
87        0         52.62339  4.77115   1         773       686       0         0         86400     28800     64800               
88        1         53.16271  6.21238   1         832       1767      0         0         86400     28800     64800               
89        2         51.83412  5.90408   1         985       2041      0         0         86400     28800     64800               
90        2         52.94033  5.62315   1         719       432       0         0         86400     28800     64800               
91        2         51.59394  4.62791   0         875       0         989       0         60906     28800     57600               
92        1         52.33437  6.93555   1         723       23        0         0         86400     28800     64800               
93        2         52.65101  6.68408   1         920       140       0         3639      86400     28800     64800               
94        1         52.79034  6.91609   1         1082      1519      0         9322      86400     28800     64800               
95        0         52.03476  5.61111   1         834       76        0         11825     86400     28800     64800               
96        2         51.72127  4.95246   0         861       0         253       0         73231     28800     61199               
97        0         52.28215  6.94713   1         719       424       0         0         86400     28800     64800               
98        0         52.42976  4.79557   1         765       302       0         18257     86400     28800     64800               
99        0         52.28763  4.69584   0         867       0         229       0         68753     28800     61199               
100       2         51.49213  3.87247   0         1228      0         152       0         74050     33300     59400               
101       0         52.38480  4.90730   1         875       65        0         0         86400     28800     57600               
102       2         51.47337  5.42215   1         870       1500      0         5017      86400     28800     64800               
103       2         52.06681  4.31019   1         1071      372       0         0         86400     28800     64800               
104       0         52.38568  4.63566   1         631       384       0         0         86400     28800     64800               
105       0         51.60079  4.83451   1         792       1104      0         0         86400     28800     64800               
106       2         51.15743  5.92370   1         916       92        0         0         86400     28800     64800               
107       2         51.88964  4.37399   1         629       758       0         0         86400     28800     64800               
108       0         52.02719  4.41364   0         984       0         164       0         65246     37800     61199               
109       2         51.39953  5.41285   1         797       35        0         22752     86400     28800     64800               
110       2         51.61811  4.85688   1         686       766       0         11907     86400     28800     64800               
111       2         51.19250  5.99629   1         573       2523      0         0         86400     28800     64800               
112       2         51.58920  5.00356   1         685       55        0         22810     86400     28800     64800               
113       0         52.01479  4.66334   0         723       0         477       0         68510     28800     43200               
114       2         51.43900  6.14239   1         731       168       0         0         86400     28800     64800               
115       2         51.82688  5.28345   1         1004      335       0         8963      86400     28800     64800               
116       2         52.05707  4.72409   0         900       0         501       0         86400     28800     61199               
117       0         51.91817  4.40250   1         928       241       0         19751     86400     28800     64800               
118       2         51.28473  3.91059   1         1084      108       0         21085     86400     28800     64800               
119       0         52.59561  4.75134   0         894       0         174       0         68538     28800     61199               
120       2         51.84231  5.23990   1         499       160       0         0         86400     28800     64800               
121       2         51.85186  4.18596   0         808       0         336       0         69535     28800     54000               
122       0         52.05977  4.32794   1         779       1947      0         0         86400     28800     64800               
123       2         51.51585  4.21567   1         759       228       0         8560      86400     28800     64800               
124       1         52.73097  6.93710   0         893       0         249       0         60651     28800     61199               
125       2         51.30366  5.40608   0         932       0         198       0         67589     28800     58499               
126       0         52.23028  6.21693   1         718       117       0         0         86400     28800     64800               
127       0         52.42275  4.87024   1         879       211       0         6705      86400     28800     64800               
128       0         52.15932  5.46918   1         735       10        0         10472     86400     28800     64800               
129       2         51.38998  5.43336   1         918       24        0         0         86400     28800     64800               
130       2         53.08377  5.67390   1         925       173       0         0         86400     28800     64800               
131       0         52.34667  5.32339   1         600       504       0         10868     86400     28800     64800               
132       1         52.83271  6.90957   1         778       437       0         0         86400     28800     64800               
133       0         52.06622  5.10782   1         812       329       0         0         86400     28800     64800               
134       2         51.51353  3.86448   1         936       38        0         22725     86400     28800     64800               
135       0         52.17720  5.48194   1         889       704       0         0         86400     28800     64800               
136       2         51.63698  4.12285   1         805       89        0         14174     86400     28800     64800               
137       2         51.48351  5.41529   0         914       0         488       0         67613     28800     57600               
138       0         52.40397  4.79947   0         817       0         900       0         60214     28800     50399               
139       2         51.84448  4.32765   1         798       673       0         0         86400     28800     64800               
140       2         51.48829  3.91685   0         829       0         127       0         74303     33300     59400               
141       2         51.35559  6.16073   1         875       1528      0         20554     86400     28800     64800               
142       1         52.25694  6.90448   1         858       986       0         0         86400     28800     64800               
143       0         52.02363  5.25092   1         1030      1455      0         0         86400     28800     64800               
144       0         52.47258  6.13550   1         862       321       0         0         86400     28800     64800               
145       2         51.65200  5.46472   1         1004      23        0         0         86400     28800     64800               
146       0         52.22712  4.88040   1         687       992       0         0         86400     28800     64800               
147       2         51.21435  5.99270   1         944       662       0         0         86400     28800     64800               
148       2         51.42853  6.05164   0         791       0         174       0         75117     46800     57600               
149       0         52.13139  5.56977   1         764       103       0         18982     86400     28800     64800               
150       0         52.90756  4.78396   1         838       1590      0         0         86400     28800     64800               
151       2         51.35334  6.08509   1         743       937       0         0         86400     28800     64800               
152       0         51.82374  5.25611   1         830       375       0         10814     86400     28800     64800               
153       0         51.86633  5.82889   1         704       1238      0         0         86400     28800     64800               
154       0         51.98204  4.62547   1         666       186       0         17894     86400     28800     64800               
155       0         52.11757  5.42575   1         1071      148       0         19026     86400     28800     64800               
156       1         53.13730  6.06656   0         746       0         100       0         58679     41400     61199               
157       0         52.53758  5.92853   1         743       394       0         0         86400     28800     64800               
158       2         51.54992  4.59939   0         1007      0         161       0         59503     30600     59400               
159       0         52.29685  6.91191   0         884       0         364       0         86400     28800     57600               
160       0         51.63455  4.37631   0         946       0         657       0         77254     36000     57600               
161       2         52.00765  6.61566   0         920       0         526       0         86400     28800     61199               
162       2         51.72242  5.75307   0         857       0         122       0         58240     28800     57600               
163       2         51.44292  5.42093   1         889       770       0         0         86400     28800     64800               
164       2         51.75369  5.54421   1         565       717       0         0         86400     28800     64800               
165       2         52.70989  6.68104   1         894       839       0         0         86400     28800     64800               
166       2         52.26732  5.13446   0         978       0         140       0         86400     46800     57600               
167       0         51.83173  4.84632   1         895       327       0         17950     86400     28800     64800               
168       2         51.54823  5.69450   1         859       283       0         0         86400     28800     64800               
169       0         52.33747  5.04399   0         800       0         46        0         86400     28800     52200               
170       2         52.05275  4.53358   1         810       262       0         0         86400     28800     64800               
171       2         51.43977  3.61353   0         867       0         56        0         86400     32400     61199               
172       0         52.17401  4.63179   1         1051      236       0         18888     86400     28800     64800               
173       0         52.43332  4.77864   0         961       0         456       0         76178     28800     57600               
174       2         52.74566  5.05996   1         731       164       0         0         86400     28800     64800               
175       0         52.36160  5.14754   1         810       139       0         10711     86400     28800     64800               
176       0         51.78551  4.61892   1         763       384       0         0         86400     28800     64800               
177       0         52.04578  5.07998   0         721       0         429       0         86400     28800     59400               
178       0         53.19869  6.61454   1         1006      712       0         0         86400     28800     64800               
179       0         52.34211  6.48809   1         1077      239       0         0         86400     28800     64800               
180       1         52.56255  5.92859   1         788       667       0         9434      86400     28800     64800               
181       2         52.28463  4.84418   0         1009      0         201       0         73785     37800     61199               
182       2         51.22863  5.66726   0         851       0         1121      0         86400     28800     61199               
183       0         52.20271  5.44738   1         804       156       0         11258     86400     28800     64800               
184       0         52.70441  6.52134   0         855       0         696       0         67369     28800     64800               
185       0         52.04249  5.61886   1         724       1126      0         0         86400     28800     64800               
186       0         51.81384  5.27161   1         957       1448      0         0         86400     28800     64800               
187       0         52.25491  4.79735   0         750       0         391       0         79247     28800     54000               
188       2         51.35354  5.27952   1         700       167       0         4005      86400     28800     64800               
189       0         52.10558  4.42996   1         1047      30        0         11764     86400     28800     64800               
190       0         52.27312  6.22515   1         758       163       0         0         86400     28800     64800               
191       1         52.37072  6.62668   0         849       0         1451      0         86400     28800     64800               
192       2         52.18007  4.45359   1         852       720       0         0         86400     28800     64800               
193       1         52.49472  6.11587   0         897       0         148       0         58423     28800     57600               