NL_TH_0_R 2 6 13 224

[Vehicle Types] - ID_veh_type, fixed_cost, variable_cost, speed, capacity, alpha, beta, max_time, max_drive_time
0         20        1.5       70        3200      2240      2240      46800     32400     
1         20        2.25      50        13600     9520      9520      46800     32400       

[Number of Vehicle Types] - ID_veh_type, ID_depot, number_of_vehicles
0	0	4
0	1	2
0	2	5
1	0	10
1	1	4
1	2	6

[Scheduled Lines] - ID_from, ID_to, cost_per_req, capacity, dep_time, arr_time
0	1	0.01	3200	3600	10800
0	1	0.01	3200	59400	66600
0	2	0.023	3200	1800	7200
0	2	0.023	3200	68400	75600
1	0	0.01	3200	52200	57600
1	0	0.01	3200	82800	86400
1	2	0.016	3200	0	    9000
1	2	0.016	3200	57600	68400
2   0   0.023   3200   0       5400
2	0	0.023	3200	7200	11880
2	0	0.023	3200	71100	77400
2   1   0.016   3200   0       9000
2	1	0.016	3200	7200	16200

[Nodes/requests]: ID_node, ID_depot, lat, long, type, service_time, q_del, q_col, tw_depot_start, tw_depot_end, tw_cust_start, tw_cust_end, PC
0         0         51.98685  5.61618   -1        0         0         0         0         86400     0         86400
1         1         52.30540  6.92551   -1        0         0         0         0         86400     0         86400
2         2         51.51329  4.99898   -1        0         0         0         0         86400     0         86400
3         0         51.94135  5.67589   1         655       32        0         4997      86400     28800     64800               
4         0         51.76783  4.62184   0         834       0         756       0         86400     28800     54000               
5         2         51.53002  4.47495   1         891       200       0         0         86400     28800     64800               
6         1         53.23997  6.55772   0         970       0         1291      0         86400     28800     57600               
7         0         51.18093  5.83345   0         801       0         376       0         86400     46800     57600               
8         0         52.13379  5.62015   1         768       216       0         0         86400     28800     64800               
9         0         52.38497  5.23466   1         900       680       0         0         86400     28800     64800               
10        2         51.87330  4.41749   0         876       0         209       0         86400     28800     57600               
11        2         51.65149  5.79062   0         668       0         146       0         86400     28800     57600               
12        2         51.98608  4.05406   1         824       85        0         21711     86400     28800     64800               
13        0         52.27162  4.76765   1         743       154       0         0         86400     28800     64800               
14        2         52.01785  4.50028   0         860       0         1961      0         56084     28800     50399               
15        2         51.96098  6.01449   0         811       0         360       0         69804     44999     61199               
16        2         51.52679  4.52149   1         935       581       0         0         86400     28800     64800               
17        0         52.39696  4.76826   1         1056      754       0         0         86400     28800     64800               
18        2         51.50764  5.47887   0         786       0         2748      0         86400     55799     59400               
19        2         51.47186  5.37650   1         814       2341      0         0         86400     28800     64800               
20        2         51.17847  5.99584   1         815       2123      0         3786      86400     28800     64800               
21        2         52.36131  5.18444   0         929       0         86        0         74696     32400     61199               
22        0         52.94324  5.77063   1         702       213       0         0         86400     28800     64800               
23        0         52.43300  4.86589   1         679       556       0         8046      86400     28800     64800               
24        0         51.92216  5.58594   1         810       877       0         8174      86400     28800     64800               
25        1         52.67490  6.74203   1         714       88        0         0         86400     28800     64800               
26        0         51.88685  4.38948   1         616       34        0         4986      86400     28800     64800               
27        2         52.29614  4.67360   1         743       806       0         13408     86400     28800     64800               
28        1         52.74993  6.53314   0         1031      0         768       0         59327     28800     64800               
29        0         52.76467  6.90903   0         836       0         497       0         71608     28800     52200               
30        0         52.23090  4.53642   1         762       968       0         18223     86400     28800     64800               
31        2         51.40760  5.73495   1         789       210       0         0         86400     28800     64800               
32        0         51.80586  4.99564   1         830       712       0         0         86400     28800     64800               
33        2         51.38842  5.72564   1         735       631       0         0         86400     28800     64800               
34        0         52.48471  4.84711   0         950       0         108       0         74962     30600     57600               
35        0         52.23721  5.33534   1         811       1776      0         18050     86400     28800     64800               
36        2         51.19777  5.82414   0         839       0         1438      0         86400     46800     57600               
37        0         52.42859  4.80663   1         1044      218       0         12645     86400     28800     64800               
38        2         51.61303  4.84718   1         661       373       0         19308     86400     28800     64800               
39        0         52.19781  6.09145   1         805       333       0         0         86400     28800     64800               
40        2         51.46405  5.40819   1         812       1549      0         19332     86400     28800     64800               
41        2         52.28573  5.98459   0         893       0         738       0         86400     30600     57600               
42        2         51.54294  4.45779   1         979       364       0         18857     86400     28800     64800               
43        2         51.70936  5.38906   1         892       400       0         0         86400     28800     64800               
44        2         51.56135  5.14392   1         742       81        0         0         86400     28800     64800               
45        2         51.73255  5.26803   0         769       0         275       0         67821     50399     57600               
46        1         52.74812  6.89666   0         844       0         558       0         57166     28800     52200               
47        2         51.26880  3.81821   1         929       813       0         5099      86400     28800     64800               
48        1         52.34368  4.88974   1         873       94        0         0         86400     28800     64800               
49        2         51.25288  5.58038   1         521       109       0         20293     86400     28800     64800               
50        0         51.82599  5.77904   1         1145      39        0         5043      86400     28800     64800               
51        2         51.99430  6.57730   0         1033      0         132       0         81149     28800     61199               
52        0         52.64903  5.13512   1         697       1521      0         18589     86400     28800     64800               
53        0         52.28172  5.25794   1         738       98        0         17600     86400     28800     64800               
54        2         51.66444  5.63991   1         782       931       0         3945      86400     28800     64800               
55        2         51.62254  5.46592   1         782       1371      0         19252     86400     28800     64800               
56        0         52.56934  4.75176   0         964       0         770       0         59365     28800     61199               
57        1         52.02946  4.56659   1         857       368       0         0         86400     28800     64800               
58        0         52.67656  4.84525   1         703       153       0         18097     86400     28800     64800               
59        0         52.08140  5.11796   1         955       1238      0         0         86400     28800     64800               
60        0         51.80657  4.55069   1         853       54        0         0         86400     28800     64800               
61        0         51.86089  5.10604   1         811       100       0         14386     86400     28800     64800               
62        0         51.97837  5.22540   1         663       366       0         0         86400     28800     64800               
63        2         51.77680  5.55248   0         1058      0         670       0         67320     32400     57600               
64        2         51.39643  6.07394   1         882       183       0         0         86400     28800     64800               
65        0         51.91379  6.25682   1         812       682       0         0         86400     28800     64800               
66        2         51.56835  4.48005   1         804       328       0         19238     86400     28800     64800               
67        2         51.31008  6.10348   0         796       0         884       0         77434     46800     57600               
68        2         51.50107  5.38999   0         791       0         200       0         53585     43200     61199               
69        2         51.53572  4.44585   0         720       0         1024      0         65591     30600     59400               
70        0         52.22769  5.47253   0         868       0         167       0         59143     32400     57600               
71        2         51.59779  5.48919   0         637       0         409       0         76044     32400     61199               
72        2         51.37527  6.16809   1         888       89        0         0         86400     28800     64800               
73        0         52.14684  6.23924   1         745       67        0         0         86400     28800     64800               
74        0         52.26862  4.80496   1         775       389       0         4834      86400     28800     64800               
75        2         51.18854  6.02564   0         754       0         1286      0         86400     50399     59400               
76        0         51.90526  4.78284   1         845       502       0         18452     86400     28800     64800               
77        0         52.01052  4.71361   1         845       299       0         0         86400     28800     64800               
78        2         51.90537  4.43714   1         866       57        0         0         86400     28800     64800               
79        0         52.60277  5.86490   0         884       0         2064      0         86400     28800     61199               
80        2         51.69791  4.71577   0         664       0         419       0         86400     28800     57600               
81        0         52.20820  5.31988   0         858       0         70        0         63245     52200     64800               
82        2         51.59918  4.60232   0         1137      0         160       0         59691     28800     61199               
83        2         51.81281  4.53774   0         795       0         939       0         74837     28800     57600               
84        0         52.05260  4.26898   1         904       693       0         0         86400     54000     64800               
85        0         53.13727  6.42434   0         910       0         120       0         74473     28800     61199               
86        0         51.51318  5.44986   0         799       0         907       0         75451     55799     59400               
87        1         52.29580  6.77711   1         858       263       0         0         86400     28800     64800               
88        2         51.62173  5.92120   0         895       0         137       0         80580     32400     61199               
89        0         52.25534  6.90281   1         851       111       0         3733      86400     28800     64800               
90        0         51.93179  6.16983   1         652       1168      0         17235     86400     28800     64800               
91        0         52.36729  5.51533   0         915       0         706       0         60967     28800     57600               
92        0         53.00132  6.57063   0         982       0         2849      0         86400     28800     64800               
93        0         52.05837  4.83060   0         753       0         333       0         57475     28800     61199               
94        2         51.52415  5.37294   1         873       691       0         0         86400     28800     64800               
95        1         51.92260  6.35574   1         916       48        0         0         86400     28800     64800               
96        0         51.96693  5.49862   1         801       110       0         0         86400     28800     64800               
97        0         52.67694  5.14030   1         931       560       0         4053      86400     28800     64800               
98        2         51.58800  5.29834   1         858       196       0         10864     86400     28800     64800               
99        0         52.22490  6.82991   1         1016      1296      0         0         86400     28800     64800               
100       2         51.58712  5.10904   1         745       192       0         10591     86400     28800     64800               
101       2         52.23375  6.82783   1         669       723       0         10855     86400     28800     64800               
102       0         52.11187  5.15374   1         1034      462       0         0         86400     28800     64800               
103       0         52.03829  4.38869   0         777       0         932       0         86400     28800     61199               
104       0         51.98020  5.97407   1         788       283       0         12964     86400     28800     64800               
105       2         51.48533  5.49322   1         914       737       0         13619     86400     28800     64800               
106       0         51.82251  5.86125   1         872       53        0         8774      86400     28800     64800               
107       0         52.27611  4.65397   1         971       188       0         20394     86400     28800     64800               
108       0         53.18634  5.80627   1         965       66        0         0         86400     28800     64800               
109       0         51.79167  5.76148   1         770       355       0         18302     86400     28800     64800               
110       1         51.36531  5.43137   1         846       163       0         0         86400     28800     64800               
111       0         51.93096  4.47729   1         767       626       0         0         86400     28800     64800               
112       0         52.03930  4.25504   1         1165      563       0         11833     86400     28800     64800               
113       0         52.67469  4.86029   1         859       7         0         0         86400     28800     64800               
114       2         51.40768  6.06285   0         1020      0         1164      0         63769     43200     57600               
115       0         51.98339  4.96292   1         673       320       0         0         86400     28800     64800               
116       2         51.61196  4.88612   1         753       862       0         7009      86400     28800     64800               
117       2         51.55507  4.94428   1         721       810       0         0         86400     28800     64800               
118       1         52.39323  6.59077   1         816       445       0         0         86400     28800     64800               
119       2         51.44241  6.06332   0         588       0         63        0         86400     32400     61199               
120       2         52.49279  4.76094   1         802       181       0         0         86400     28800     64800               
121       1         51.42019  6.17295   1         590       2113      0         0         86400     28800     64800               
122       2         51.78142  4.58207   1         782       1522      0         0         86400     28800     64800               
123       2         51.75264  5.49276   0         826       0         2049      0         60211     28800     61199               
124       0         52.55815  6.17569   0         700       0         3139      0         86400     28800     64800               
125       0         51.84484  4.76461   1         759       652       0         0         86400     28800     64800               
126       1         52.26180  6.85199   1         826       221       0         0         86400     28800     64800               
127       0         52.30730  5.01650   1         858       1950      0         0         86400     28800     64800               
128       2         52.00206  4.45105   1         936       53        0         0         86400     28800     64800               
129       0         52.35057  5.19198   1         648       2853      0         0         86400     28800     64800               
130       0         52.68608  5.03101   1         768       50        0         17112     86400     28800     64800               
131       0         52.32433  4.86574   1         1014      132       0         0         86400     28800     64800               
132       2         51.43154  5.53939   0         793       0         232       0         86400     28800     57600               
133       2         52.23268  4.82257   1         841       928       0         0         86400     28800     64800               
134       2         51.45118  5.44867   1         1088      914       0         0         86400     28800     64800               
135       0         51.46503  5.42551   0         887       0         332       0         86400     28800     57600               
136       2         51.68838  5.36106   1         1059      139       0         22369     86400     28800     64800               
137       2         51.35353  5.21189   1         806       7         0         0         86400     28800     64800               
138       0         52.20032  4.41481   1         1030      378       0         0         86400     28800     64800               
139       2         51.53532  4.48628   1         941       137       0         13229     86400     28800     64800               
140       2         51.28887  6.11012   0         833       0         120       0         86400     28800     61199               
141       0         52.33866  5.54847   1         915       959       0         0         86400     28800     64800               
142       2         51.85074  4.42799   1         734       219       0         11800     86400     28800     64800               
143       2         52.15348  5.02621   1         854       327       0         0         86400     28800     64800               
144       2         51.66044  4.54960   0         636       0         1980      0         86400     28800     47699               
145       2         51.17324  5.91608   1         859       154       0         5671      86400     28800     64800               
146       2         51.78735  5.56662   1         861       326       0         21506     86400     28800     64800               
147       0         51.95853  4.37246   1         1171      238       0         0         86400     28800     64800               
148       0         51.99293  6.14022   0         808       0         433       0         63732     32400     57600               
149       2         51.47798  4.23954   0         834       0         2237      0         86400     39599     64800               
150       0         52.04909  5.87227   1         883       27        0         0         86400     28800     64800               
151       0         52.37674  4.89382   1         1019      596       0         0         86400     28800     64800               
152       0         51.97697  4.40924   1         881       246       0         0         86400     28800     64800               
153       2         52.40970  5.29025   0         696       0         307       0         86400     50399     61199               
154       0         52.13973  5.45255   1         776       94        0         8016      86400     28800     64800               
155       0         52.26080  4.82466   1         743       282       0         0         86400     28800     64800               
156       1         53.18781  6.89472   1         1000      446       0         0         86400     28800     64800               
157       0         51.87713  5.91495   1         894       596       0         13257     86400     28800     64800               
158       0         51.84875  5.24550   1         832       154       0         13122     86400     28800     64800               
159       0         52.10919  5.09278   1         958       245       0         0         86400     28800     64800               
160       2         51.44301  5.43758   1         850       238       0         0         86400     28800     64800               
161       0         51.89176  6.38676   1         1014      310       0         0         86400     28800     64800               
162       0         52.19272  4.88178   1         790       816       0         0         86400     28800     64800               
163       2         51.92282  5.69867   1         917       960       0         0         86400     28800     64800               
164       0         51.81991  4.15851   0         923       0         175       0         86400     30600     59400               
165       0         52.27514  4.78372   1         890       54        0         0         86400     28800     64800               
166       0         52.01574  5.15963   1         812       69        0         0         86400     28800     64800               
167       2         51.46167  3.70059   1         745       929       0         0         86400     35100     39599               
168       1         52.22182  6.18278   1         870       167       0         0         86400     28800     64800               
169       2         51.75966  4.09700   1         786       269       0         5324      86400     28800     64800               
170       2         52.22284  5.48451   0         661       0         208       0         86400     28800     57600               
171       2         52.37420  5.22381   1         740       266       0         0         86400     28800     64800               
172       0         52.02599  5.12854   1         871       324       0         12493     86400     28800     64800               
173       1         52.99773  5.92264   1         682       1495      0         22483     86400     28800     64800               
174       2         51.88702  6.21960   1         919       583       0         0         86400     28800     64800               
175       2         51.62009  3.92009   0         977       0         92        0         86400     28800     57659               
176       0         51.97483  4.60171   1         783       306       0         0         86400     28800     64800               
177       2         51.66546  5.04014   1         960       1045      0         0         86400     28800     64800               
178       0         52.05548  4.36022   1         785       35        0         17056     86400     28800     64800               
179       0         52.07101  4.89477   1         731       73        0         0         86400     28800     64800               
180       0         52.40685  4.92842   1         776       182       0         0         86400     28800     64800               
181       0         52.61422  4.74889   1         1110      11        0         0         86400     28800     64800               
182       2         51.83565  4.17744   1         682       580       0         0         86400     28800     64800               
183       0         52.71360  4.75814   1         1157      194       0         13954     86400     28800     64800               
184       2         51.53876  4.51764   0         667       0         97        0         75826     28800     61199               
185       1         52.33562  6.66298   1         804       138       0         0         86400     28800     64800               
186       0         51.71386  4.88473   1         940       659       0         0         86400     28800     64800               
187       0         52.08535  5.13580   1         744       43        0         0         86400     28800     64800               
188       0         52.08977  4.32887   1         924       289       0         0         86400     28800     64800               
189       0         51.88197  5.41463   1         888       1327      0         0         86400     28800     64800               
190       2         51.37327  6.13051   1         732       381       0         0         86400     28800     64800               
191       0         52.21723  5.41757   1         752       397       0         0         86400     28800     64800               
192       2         51.47284  5.43279   1         591       763       0         0         86400     32400     61199               
193       2         52.19772  4.70906   0         766       0         369       0         86400     28800     61199               
194       0         51.85703  4.50438   1         969       3         0         4901      86400     28800     64800               
195       1         52.37341  6.64411   1         907       132       0         22406     86400     28800     64800               
196       0         52.39376  4.72120   1         799       943       0         7913      86400     28800     64800               
197       0         52.20299  4.45957   1         816       180       0         17920     86400     28800     64800               
198       0         52.01799  4.58321   0         648       0         1369      0         52756     36000     61199               
199       0         52.38757  6.73973   1         725       17        0         0         86400     28800     64800               
200       2         52.21392  6.73236   0         930       0         161       0         73701     30600     59400               
201       1         52.73065  6.88833   1         907       60        0         22449     86400     28800     64800               
202       0         52.34355  5.15801   1         943       663       0         0         86400     28800     64800               
203       0         52.32582  5.99616   1         615       167       0         0         86400     28800     64800               
204       0         52.20345  4.99137   1         833       116       0         17019     86400     28800     64800               
205       2         51.45458  5.72640   0         902       0         183       0         86400     28800     54000               
206       0         52.14665  6.21468   1         797       541       0         0         86400     28800     64800               
207       2         51.90693  5.91325   1         787       97        0         0         86400     28800     64800               
208       2         51.39656  6.07694   0         1008      0         906       0         75320     28800     61199               
209       2         51.59304  4.88189   1         816       912       0         0         86400     28800     64800               
210       0         52.22421  5.43927   0         727       0         507       0         59177     28800     57600               
211       0         52.13253  6.18421   1         886       660       0         0         86400     28800     64800               
212       2         52.27954  4.89919   1         736       192       0         0         86400     28800     64800               
213       2         51.77573  4.42142   0         836       0         311       0         72120     39599     57600               
214       2         51.53350  4.56647   0         988       0         575       0         86400     28800     61199               
215       0         52.24831  4.77044   1         935       926       0         0         86400     28800     64800               
216       1         52.00467  6.70295   1         642       444       0         0         86400     28800     64800               
217       2         52.40155  4.75235   0         773       0         127       0         75770     28800     61199               
218       2         51.47946  5.81423   1         931       93        0         10388     86400     28800     64800               
219       0         52.04228  5.13302   1         1011      80        0         8472      86400     28800     64800               
220       2         51.29355  5.91285   0         1105      0         164       0         68534     50399     61199               
221       2         51.60950  5.61241   1         723       183       0         10783     86400     28800     64800               
222       2         51.63771  4.93445   0         938       0         766       0         86400     28800     61199               
223       0         52.50028  5.01909   1         831       395       0         16976     86400     28800     64800               