NL_TU_3_R 2 6 13 207

[Vehicle Types] - ID_veh_type, fixed_cost, variable_cost, speed, capacity, alpha, beta, max_time, max_drive_time
0         20        1.5       70        3200      2240      2240      46800     32400     
1         20        2.25      50        13600     9520      9520      46800     32400       

[Number of Vehicle Types] - ID_veh_type, ID_depot, number_of_vehicles
0	0	4
0	1	2
0	2	5
1	0	10
1	1	4
1	2	6

[Scheduled Lines] - ID_from, ID_to, cost_per_req, capacity, dep_time, arr_time
0	1	0.01	3200	3600	10800
0	1	0.01	3200	59400	66600
0	2	0.023	3200	1800	7200
0	2	0.023	3200	68400	75600
1	0	0.01	3200	52200	57600
1	0	0.01	3200	82800	86400
1	2	0.016	3200	0	    9000
1	2	0.016	3200	57600	68400
2   0   0.023   3200   0       5400
2	0	0.023	3200	7200	11880
2	0	0.023	3200	71100	77400
2   1   0.016   3200   0       9000
2	1	0.016	3200	7200	16200

[Nodes/requests]: ID_node, ID_depot, lat, long, type, service_time, q_del, q_col, tw_depot_start, tw_depot_end, tw_cust_start, tw_cust_end, PC
0         0         52.02280  5.65714   -1        0         0         0         0         86400     0         86400
1         1         52.28990  6.93828   -1        0         0         0         0         86400     0         86400
2         2         51.50851  5.01297   -1        0         0         0         0         86400     0         86400
3         1         51.98117  6.30987   1         707       297       0         0         86400     28800     64800               
4         0         51.78678  4.63931   0         838       0         317       0         86400     30600     59400               
5         2         51.49139  4.01270   1         921       1792      0         0         86400     28800     64800               
6         1         53.20611  6.53412   1         904       448       0         0         86400     28800     64800               
7         0         52.36913  4.72715   0         1012      0         574       0         86400     28800     57600               
8         0         52.03048  4.47261   1         812       726       0         12151     86400     28800     64800               
9         0         51.92324  4.82866   1         578       1195      0         0         86400     28800     64800               
10        2         51.70554  5.91931   0         844       0         638       0         86400     32400     64800               
11        1         53.11022  5.73179   0         854       0         96        0         69016     28800     43200               
12        0         52.26558  5.00213   1         859       331       0         12796     86400     28800     64800               
13        0         52.12575  5.03579   1         867       2281      0         0         86400     28800     64800               
14        0         51.85498  5.84639   1         799       57        0         13766     86400     28800     64800               
15        0         52.19478  5.39521   1         688       124       0         0         86400     28800     64800               
16        2         51.49664  5.41228   1         881       1514      0         6700      86400     28800     64800               
17        2         51.60899  4.79936   1         652       771       0         24466     86400     28800     64800               
18        0         52.00820  4.51606   0         909       0         40        0         86400     30600     57600               
19        0         51.87004  5.71053   0         665       0         66        0         67407     32400     57600               
20        0         53.03812  6.05882   1         752       229       0         0         86400     28800     64800               
21        2         51.69024  4.63637   0         696       0         1102      0         86400     28800     57600               
22        0         52.13183  4.66074   1         829       312       0         12085     86400     28800     64800               
23        2         52.20144  4.50079   0         718       0         152       0         86400     28800     57600               
24        0         52.04075  5.60090   0         972       0         213       0         86400     54900     59400               
25        2         52.63378  4.72729   1         523       793       0         0         86400     28800     64800               
26        2         51.63305  5.25076   1         841       179       0         13162     86400     28800     64800               
27        0         52.15612  5.00528   1         916       1804      0         8230      86400     28800     64800               
28        2         53.06699  5.64117   1         944       167       0         0         86400     28800     64800               
29        2         51.71293  5.88173   1         855       108       0         0         86400     28800     64800               
30        2         51.43335  5.41726   1         602       427       0         21023     86400     28800     64800               
31        2         51.49686  5.41870   1         783       165       0         6755      86400     28800     64800               
32        0         51.46452  5.53769   0         562       0         1003      0         86400     28800     61199               
33        0         51.94624  4.40632   1         905       2545      0         0         86400     28800     64800               
34        0         52.21400  4.84436   1         1031      1510      0         0         86400     28800     64800               
35        0         52.34883  4.90147   1         856       160       0         0         86400     28800     64800               
36        0         52.42892  4.66073   0         773       0         123       0         68363     28800     57600               
37        2         51.57244  4.60811   1         971       743       0         17356     86400     28800     64800               
38        0         52.19050  6.01167   1         851       121       0         16460     86400     28800     64800               
39        2         51.69416  5.27304   1         773       211       0         19682     86400     28800     64800               
40        2         51.50829  5.98075   1         923       100       0         0         86400     28800     64800               
41        2         52.02761  5.03663   1         671       187       0         6568      86400     28800     64800               
42        0         52.09530  5.04287   1         831       393       0         18930     86400     28800     64800               
43        2         51.48635  5.94528   1         597       1262      0         24235     86400     28800     64800               
44        2         51.54265  4.47324   1         853       2331      0         0         86400     28800     64800               
45        0         52.14003  4.57011   0         890       0         1606      0         86400     28800     57600               
46        2         51.54313  5.39411   1         964       189       0         0         86400     28800     64800               
47        0         51.97244  4.93850   1         767       70        0         14851     86400     28800     64800               
48        0         52.39614  5.23105   1         703       2976      0         0         86400     28800     64800               
49        2         51.57164  4.83034   1         895       220       0         23572     86400     28800     64800               
50        0         52.34312  4.90806   1         804       219       0         0         86400     28800     64800               
51        2         51.66375  5.98029   1         861       3164      0         0         86400     28800     64800               
52        1         53.24719  6.55322   1         743       382       0         0         86400     28800     64800               
53        0         51.90665  4.41203   1         670       1239      0         16544     86400     28800     64800               
54        0         52.15233  5.10438   1         945       769       0         0         86400     28800     64800               
55        0         52.01341  5.13643   1         945       126       0         13948     86400     28800     64800               
56        2         51.88376  4.24026   1         1063      789       0         0         86400     28800     64800               
57        0         52.36706  5.22314   1         889       1543      0         0         86400     28800     64800               
58        2         51.68338  5.35009   1         733       108       0         5429      86400     28800     64800               
59        2         51.38201  6.12564   0         803       0         758       0         86400     28800     57600               
60        0         51.66171  4.58470   0         958       0         1111      0         65045     28800     61199               
61        0         51.83565  4.69302   0         891       0         417       0         67821     32400     61199               
62        2         51.43259  5.68469   0         841       0         3144      0         86400     28800     59400               
63        1         52.20668  6.83847   0         951       0         120       0         69046     36000     54000               
64        2         51.71386  5.29381   1         610       284       0         0         86400     28800     64800               
65        0         52.27642  4.71632   0         835       0         2408      0         86400     28800     61199               
66        2         51.61964  5.66708   1         706       161       0         9504      86400     28800     64800               
67        2         51.19500  5.97306   1         895       147       0         0         86400     28800     64800               
68        0         51.90697  4.62877   1         735       1698      0         0         86400     28800     64800               
69        2         52.18594  5.41365   1         817       371       0         0         86400     46800     61199               
70        2         51.46081  5.44944   1         885       512       0         0         86400     28800     64800               
71        2         51.47102  5.38439   1         1021      164       0         9633      86400     28800     64800               
72        2         51.83306  4.17053   0         1087      0         2917      0         86400     28800     54000               
73        2         51.42964  5.37989   1         825       553       0         13715     86400     28800     64800               
74        0         52.44833  5.51216   0         745       0         785       0         74379     28800     64800               
75        2         51.37356  5.73063   1         936       1002      0         24418     86400     28800     64800               
76        0         51.99825  4.68521   0         955       0         793       0         86400     28800     43200               
77        0         51.94558  4.23704   0         665       0         1542      0         86400     32400     54000               
78        0         52.39665  4.78580   1         679       166       0         0         86400     28800     64800               
79        0         51.87752  4.41703   1         764       69        0         0         86400     28800     64800               
80        0         52.37390  4.95285   1         791       169       0         0         86400     28800     64800               
81        2         51.56365  4.49314   1         775       287       0         18976     86400     28800     64800               
82        0         52.12811  4.48650   1         714       93        0         0         86400     28800     64800               
83        0         52.05468  4.91318   0         882       0         321       0         74495     28800     61199               
84        1         52.47226  5.49168   1         964       370       0         0         86400     28800     64800               
85        1         52.51024  6.11105   1         837       481       0         0         86400     28800     64800               
86        2         51.58929  4.46115   1         622       248       0         0         86400     28800     64800               
87        2         51.83676  4.52419   1         780       348       0         0         86400     28800     64800               
88        2         52.12793  5.24214   1         871       352       0         0         86400     28800     64800               
89        2         51.88509  4.41292   0         966       0         214       0         57992     28800     57600               
90        0         52.06358  4.77813   0         980       0         1055      0         67981     32400     57600               
91        0         53.22533  6.56718   1         830       546       0         0         86400     28800     64800               
92        2         51.55195  5.21371   1         789       107       0         25432     86400     28800     64800               
93        0         52.01365  5.11758   1         694       1682      0         0         86400     28800     64800               
94        1         53.09421  5.65799   1         695       15        0         0         86400     28800     64800               
95        0         52.02115  6.13575   0         867       0         1008      0         86400     28800     61199               
96        2         51.35276  5.31114   1         732       63        0         6422      86400     28800     64800               
97        2         52.40548  6.59043   1         820       387       0         0         86400     28800     64800               
98        2         51.58353  4.82654   1         898       7         0         10372     86400     28800     64800               
99        2         51.47406  5.38489   0         915       0         2364      0         67796     32400     57600               
100       1         52.25895  6.69616   0         878       0         124       0         67287     28800     64800               
101       0         52.34611  6.51254   1         1007      379       0         0         86400     28800     64800               
102       2         51.50552  5.40613   1         995       114       0         23454     86400     28800     64800               
103       0         52.36149  4.90717   1         873       767       0         0         86400     28800     64800               
104       1         53.21616  6.61833   1         611       158       0         0         86400     28800     64800               
105       1         52.51004  6.27654   1         868       2204      0         0         86400     28800     64800               
106       0         52.27404  6.00589   0         1045      0         136       0         63150     30600     57600               
107       2         52.33210  5.75893   1         854       253       0         9403      86400     28800     64800               
108       2         52.98374  6.90088   1         913       131       0         0         86400     28800     64800               
109       2         51.58111  4.51933   1         830       153       0         11587     86400     28800     64800               
110       2         53.25951  6.88902   1         973       1687      0         0         86400     28800     64800               
111       2         53.12250  6.88402   0         687       0         1661      0         86400     28800     61199               
112       0         52.73568  6.94481   0         886       0         195       0         86400     28800     61199               
113       2         52.00094  4.36565   1         788       85        0         0         86400     28800     64800               
114       2         51.37436  6.17278   1         846       532       0         5933      86400     28800     64800               
115       0         51.82256  5.20751   0         726       0         153       0         65707     28800     57600               
116       2         51.42825  5.39582   0         909       0         2918      0         73113     28800     61199               
117       2         51.72950  5.03390   0         541       0         143       0         66618     28800     61199               
118       2         51.31180  6.16508   1         844       1053      0         10567     86400     28800     64800               
119       2         51.83305  4.48127   0         786       0         1498      0         86400     28800     57600               
120       0         53.09657  5.77426   1         992       644       0         0         86400     28800     64800               
121       0         52.16988  5.25373   1         854       149       0         0         86400     28800     64800               
122       2         51.31170  5.46406   0         736       0         507       0         86400     28800     57600               
123       0         52.28738  4.79230   0         768       0         472       0         66627     28800     54000               
124       2         51.54772  4.98350   1         811       336       0         0         86400     28800     64800               
125       0         52.59258  4.76580   0         1036      0         305       0         71122     28800     61199               
126       0         51.78516  4.63132   1         756       968       0         18768     86400     28800     64800               
127       2         51.38216  5.19707   0         902       0         129       0         70516     55799     61199               
128       1         52.25730  5.95892   1         801       776       0         0         86400     28800     64800               
129       2         51.62866  4.87468   1         869       574       0         0         86400     28800     64800               
130       0         52.14168  5.07139   1         923       99        0         12204     86400     28800     64800               
131       0         52.01929  4.22170   1         541       705       0         16377     86400     28800     64800               
132       1         52.70877  6.53457   0         797       0         1267      0         56649     28800     54000               
133       0         52.21145  4.41884   1         811       92        0         19557     86400     28800     64800               
134       2         51.78429  5.02132   1         847       950       0         24575     86400     28800     64800               
135       0         53.12755  6.89405   0         913       0         424       0         86400     28800     61199               
136       0         51.95918  6.00435   1         765       265       0         19625     86400     28800     64800               
137       2         51.88553  4.43402   1         696       728       0         0         86400     28800     55799               
138       0         52.28695  4.81847   0         848       0         1465      0         69516     43200     61199               
139       2         51.57877  4.77418   1         755       1460      0         24312     86400     28800     64800               
140       2         51.90489  4.38228   1         913       1289      0         12197     86400     28800     64800               
141       0         52.27193  5.20181   1         919       712       0         0         86400     36000     64800               
142       2         51.52543  5.34776   1         717       659       0         20566     86400     28800     64800               
143       2         51.67704  4.99545   1         915       372       0         0         86400     28800     64800               
144       2         51.46821  5.38563   0         848       0         327       0         86400     30600     64800               
145       0         52.25087  6.08459   1         956       752       0         6231      86400     28800     64800               
146       2         51.26548  5.56505   0         918       0         2175      0         86400     28800     54000               
147       0         52.02528  5.54069   1         854       412       0         0         86400     28800     64800               
148       0         51.96812  5.43766   1         688       55        0         12255     86400     28800     64800               
149       2         51.60259  5.34385   1         967       699       0         6844      86400     28800     64800               
150       2         51.40588  5.35623   0         852       0         555       0         86400     50399     61199               
151       0         52.47288  5.48760   0         829       0         725       0         69896     28800     57600               
152       2         51.41752  6.09137   1         728       273       0         11818     86400     28800     64800               
153       0         52.30634  6.76941   0         899       0         3203      0         86400     28800     64800               
154       0         51.97035  4.39186   1         814       1776      0         8418      86400     28800     64800               
155       0         52.04647  4.48257   1         775       309       0         0         86400     28800     64800               
156       2         51.94711  4.06086   1         892       357       0         0         86400     36000     61199               
157       2         51.75322  4.44889   1         838       38        0         0         86400     28800     64800               
158       0         52.29882  4.71621   0         652       0         3265      0         86400     28800     61199               
159       2         51.63727  5.46396   0         742       0         2379      0         86400     28800     61199               
160       0         52.24580  6.14606   1         981       932       0         0         86400     28800     64800               
161       2         51.88395  5.86060   1         899       373       0         0         86400     28800     64800               
162       1         52.56261  6.05211   1         964       99        0         0         86400     28800     64800               
163       2         52.21631  5.96185   1         729       779       0         0         86400     28800     64800               
164       1         52.27227  6.41546   1         992       181       0         0         86400     28800     64800               
165       2         51.40069  6.06578   1         566       79        0         0         86400     28800     64800               
166       1         52.70715  6.93580   0         911       0         1443      0         56697     28800     64800               
167       0         51.93076  5.84147   1         915       100       0         7915      86400     28800     64800               
168       0         52.30818  6.50051   1         779       796       0         0         86400     28800     64800               
169       1         52.30923  6.91093   0         880       0         94        0         69041     46800     57600               
170       2         53.24192  6.11296   0         808       0         54        0         77101     28800     61199               
171       0         51.81089  4.68057   1         721       186       0         0         86400     28800     64800               
172       2         51.46281  5.14428   1         734       210       0         0         86400     28800     64800               
173       0         51.98801  4.60228   0         838       0         47        0         79106     28800     61199               
174       2         52.61873  5.09353   1         777       2392      0         0         86400     28800     64800               
175       2         51.60639  5.49845   1         640       2269      0         19284     86400     28800     64800               
176       1         52.18434  6.37127   0         803       0         560       0         68990     28800     59400               
177       2         51.87286  4.54998   1         1106      926       0         11862     86400     28800     64800               
178       0         52.03910  5.54246   1         924       110       0         6137      86400     28800     64800               
179       0         52.42291  4.83674   1         946       36        0         0         86400     28800     64800               
180       0         51.89865  4.39696   1         720       1135      0         16529     86400     28800     64800               
181       0         51.65023  4.81260   0         899       0         396       0         76350     28800     59400               
182       2         51.59810  4.99226   1         910       311       0         0         86400     28800     64800               
183       2         51.95933  4.40850   1         772       371       0         0         86400     28800     43200               
184       0         51.91455  5.13806   1         961       137       0         0         86400     28800     64800               
185       0         51.84132  4.25253   0         517       0         2264      0         86400     28800     64800               
186       1         53.09223  5.40416   1         857       311       0         0         86400     28800     64800               
187       2         51.80443  5.25175   1         786       131       0         25164     86400     28800     64800               
188       2         51.73810  5.06175   0         821       0         3144      0         86400     28800     64800               
189       2         52.33394  6.50499   1         1005      805       0         0         86400     28800     64800               
190       0         51.95162  5.91546   1         1054      167       0         0         86400     28800     64800               
191       2         52.23759  6.75540   1         800       1487      0         0         86400     28800     64800               
192       2         51.37842  6.12895   0         740       0         225       0         86400     28800     54000               
193       2         51.38729  6.18381   1         749       1473      0         25030     86400     28800     64800               
194       0         52.20300  5.61352   1         858       98        0         20035     86400     28800     64800               
195       2         51.70108  5.25949   1         807       44        0         0         86400     28800     64800               
196       0         52.33294  5.31124   1         622       694       0         0         86400     28800     64800               
197       0         52.23186  5.36110   1         979       1376      0         0         86400     28800     64800               
198       1         52.36218  6.12412   1         942       1234      0         8542      86400     28800     64800               
199       1         52.07493  6.66801   1         1035      1511      0         0         86400     28800     64800               
200       2         51.44501  5.42511   1         1041      52        0         23941     86400     28800     64800               
201       2         51.43155  5.55432   0         900       0         480       0         77650     50399     57600               
202       0         51.85172  4.77885   0         921       0         934       0         71772     28800     54000               
203       2         51.40483  5.40418   1         648       468       0         0         86400     28800     64800               
204       0         52.29622  6.75483   0         853       0         585       0         73957     28800     64800               
205       1         52.21898  6.17775   0         884       0         183       0         60157     32400     57600               
206       0         52.47478  4.66198   1         870       951       0         0         86400     28800     54000               