NL_TU_2_R 2 6 13 213

[Vehicle Types] - ID_veh_type, fixed_cost, variable_cost, speed, capacity, alpha, beta, max_time, max_drive_time
0         20        1.5       70        3200      2240      2240      46800     32400     
1         20        2.25      50        13600     9520      9520      46800     32400       

[Number of Vehicle Types] - ID_veh_type, ID_depot, number_of_vehicles
0	0	4
0	1	2
0	2	5
1	0	10
1	1	4
1	2	6

[Scheduled Lines] - ID_from, ID_to, cost_per_req, capacity, dep_time, arr_time
0	1	0.01	3200	3600	10800
0	1	0.01	3200	59400	66600
0	2	0.023	3200	1800	7200
0	2	0.023	3200	68400	75600
1	0	0.01	3200	52200	57600
1	0	0.01	3200	82800	86400
1	2	0.016	3200	0	    9000
1	2	0.016	3200	57600	68400
2   0   0.023   3200   0       5400
2	0	0.023	3200	7200	11880
2	0	0.023	3200	71100	77400
2   1   0.016   3200   0       9000
2	1	0.016	3200	7200	16200

[Nodes/requests]: ID_node, ID_depot, lat, long, type, service_time, q_del, q_col, tw_depot_start, tw_depot_end, tw_cust_start, tw_cust_end, PC
0         0         52.03024  5.61072   -1        0         0         0         0         86400     0         86400
1         1         52.29426  6.93737   -1        0         0         0         0         86400     0         86400
2         2         51.53569  5.02244   -1        0         0         0         0         86400     0         86400
3         0         51.97553  4.34072   0         688       0         752       0         75565     30600     57600               
4         0         52.17510  5.29133   1         773       8         0         0         86400     28800     64800               
5         1         53.12171  6.09170   1         1087      626       0         0         86400     28800     64800               
6         0         52.09562  5.06649   1         877       237       0         20851     86400     28800     64800               
7         0         51.81492  5.25248   0         955       0         147       0         71570     28800     57600               
8         0         52.13375  5.65773   1         714       186       0         4261      86400     28800     64800               
9         2         51.93352  4.17010   0         873       0         17        0         73008     32400     61199               
10        0         52.35849  6.45255   0         773       0         300       0         77449     28800     64800               
11        0         52.26629  5.28647   1         749       358       0         0         86400     28800     64800               
12        0         52.04820  4.44525   0         836       0         112       0         58471     37800     61199               
13        0         52.29606  5.14291   1         841       4         0         0         86400     28800     64800               
14        0         52.15782  5.41620   1         841       37        0         0         86400     28800     64800               
15        2         51.31687  5.88842   0         763       0         156       0         77102     50399     61199               
16        1         53.00956  6.57202   1         694       126       0         0         86400     28800     64800               
17        0         52.31562  4.74115   1         845       624       0         0         86400     28800     64800               
18        2         51.66974  5.49997   1         983       544       0         20014     86400     28800     64800               
19        2         51.86579  4.44188   0         923       0         528       0         82126     28800     61199               
20        0         52.54620  4.83162   1         913       462       0         0         86400     28800     64800               
21        0         52.36928  5.18823   1         936       637       0         0         86400     28800     64800               
22        2         51.44831  5.40831   0         792       0         191       0         73083     50399     61199               
23        2         51.40419  5.43887   1         977       144       0         20793     86400     28800     64800               
24        0         52.07067  5.58961   1         989       2205      0         0         86400     28800     64800               
25        1         52.37186  6.50266   1         789       963       0         0         86400     28800     64800               
26        2         52.35311  6.74004   1         667       221       0         0         86400     28800     64800               
27        2         51.28149  5.62970   1         861       628       0         0         86400     28800     64800               
28        2         52.22257  6.18216   1         841       69        0         0         86400     28800     64800               
29        0         51.81443  5.87994   1         967       228       0         0         86400     28800     64800               
30        1         52.50552  6.08155   1         697       318       0         9940      86400     28800     64800               
31        2         51.89324  4.30332   1         853       247       0         0         86400     28800     64800               
32        0         52.05114  4.28790   1         977       265       0         0         86400     28800     64800               
33        0         51.94691  5.52302   0         915       0         1317      0         65098     54000     61199               
34        0         52.27182  4.62085   1         745       966       0         0         86400     28800     64800               
35        0         53.08454  6.16112   1         990       324       0         0         86400     28800     64800               
36        2         51.52192  4.53683   0         773       0         77        0         63928     28800     57600               
37        1         52.99833  6.76745   1         763       88        0         0         86400     28800     64800               
38        0         52.02310  4.45998   1         753       99        0         15817     86400     28800     64800               
39        0         52.62944  4.75347   1         789       189       0         18340     86400     28800     64800               
40        2         51.40628  6.06663   1         854       2773      0         21326     86400     28800     64800               
41        0         52.88661  5.96710   1         899       948       0         0         86400     28800     64800               
42        0         52.58021  4.74396   0         1065      0         111       0         73519     30600     57600               
43        0         52.61817  4.72711   0         962       0         1794      0         63887     28800     61199               
44        0         52.28335  6.18696   1         973       5         0         0         86400     28800     64800               
45        0         52.40445  4.76244   1         969       112       0         15728     86400     28800     64800               
46        0         52.37131  6.59811   1         833       1193      0         0         86400     28800     64800               
47        0         52.42429  4.90231   1         784       184       0         0         86400     28800     64800               
48        0         52.40803  4.86100   1         663       125       0         0         86400     28800     64800               
49        0         52.39084  4.88411   1         925       2243      0         0         86400     28800     64800               
50        2         51.80716  4.53000   0         976       0         969       0         63753     28800     57600               
51        2         51.94159  4.55493   1         911       440       0         0         86400     28800     64800               
52        0         52.15992  5.95567   1         767       1867      0         0         86400     28800     43200               
53        0         52.30348  4.73280   0         917       0         226       0         65647     28800     61199               
54        0         52.40100  6.50681   1         757       4         0         0         86400     28800     64800               
55        0         52.22994  4.49990   1         787       231       0         0         86400     28800     64800               
56        1         53.15860  5.45267   1         863       49        0         0         86400     28800     64800               
57        2         52.29150  6.91090   0         955       0         95        0         86400     46800     57600               
58        2         51.30044  5.44319   0         1024      0         6         0         58592     28800     57600               
59        0         51.83861  4.75475   1         753       65        0         12390     86400     28800     64800               
60        0         51.87233  4.67839   1         858       335       0         3960      86400     28800     64800               
61        2         52.39466  5.76127   1         717       201       0         0         86400     28800     64800               
62        2         52.12118  4.29412   1         826       534       0         0         86400     37800     57600               
63        0         51.95292  4.43704   0         790       0         499       0         86400     28800     54000               
64        2         52.34731  6.50301   0         767       0         933       0         86400     46800     55799               
65        0         52.23947  6.85828   1         866       86        0         0         86400     28800     64800               
66        2         51.58594  5.50745   0         837       0         251       0         73730     28800     61199               
67        0         51.90585  4.56403   0         737       0         228       0         86400     36000     57600               
68        0         52.35860  4.59555   1         697       366       0         0         86400     28800     64800               
69        1         52.44340  6.59913   1         764       1723      0         0         86400     28800     64800               
70        0         51.84430  4.66448   1         709       689       0         0         86400     28800     64800               
71        1         51.98176  6.27932   1         873       64        0         0         86400     28800     64800               
72        0         51.27112  4.05415   1         873       40        0         0         86400     28800     64800               
73        2         51.73105  5.47881   0         878       0         55        0         57623     46800     59400               
74        2         51.46266  5.53964   0         949       0         260       0         86400     28800     59400               
75        2         51.62302  5.64830   1         754       250       0         19651     86400     28800     64800               
76        1         52.31257  4.63878   1         925       263       0         0         86400     28800     64800               
77        0         52.12856  4.46267   0         877       0         2510      0         86400     37800     57600               
78        0         51.96543  5.57669   0         694       0         228       0         67448     43200     57600               
79        2         51.60461  5.31828   1         918       733       0         0         86400     28800     64800               
80        2         51.48996  4.29855   1         947       49        0         9006      86400     28800     64800               
81        2         51.39053  6.18002   0         938       0         4         0         73086     28800     57600               
82        2         51.81423  4.63102   1         648       198       0         19691     86400     28800     64800               
83        0         53.36391  6.53087   0         872       0         549       0         86400     28800     61199               
84        2         51.55124  4.61294   1         885       129       0         0         86400     28800     64800               
85        2         51.97548  4.43469   1         960       98        0         0         86400     28800     64800               
86        2         51.48011  5.37560   0         659       0         413       0         63597     28800     54000               
87        2         51.54843  4.90530   1         867       1684      0         6174      86400     28800     64800               
88        2         51.39717  6.11144   0         736       0         562       0         65160     28800     57600               
89        2         51.79722  5.56401   1         686       118       0         0         86400     28800     64800               
90        1         52.65409  6.71724   0         925       0         79        0         57520     36000     61199               
91        0         53.14272  6.09779   1         857       152       0         0         86400     28800     64800               
92        2         51.35069  5.20218   1         828       390       0         12875     86400     28800     64800               
93        0         52.00381  4.98773   0         682       0         1510      0         66534     28800     57600               
94        2         51.36334  6.21016   1         988       272       0         0         86400     28800     64800               
95        0         52.06570  4.49695   0         840       0         318       0         66320     46800     61199               
96        0         52.03876  5.59181   0         743       0         64        0         75434     54900     59400               
97        0         52.62145  4.72904   0         968       0         745       0         74584     28800     61199               
98        2         51.63801  3.95241   1         870       1502      0         16872     86400     28800     36000               
99        0         52.24178  4.59412   1         654       258       0         0         86400     28800     64800               
100       0         52.01629  5.66253   0         976       0         54        0         63921     46800     61199               
101       0         52.05070  5.39640   1         691       483       0         0         86400     28800     64800               
102       2         51.68385  5.06527   1         884       173       0         10875     86400     28800     64800               
103       0         51.82919  5.73575   0         809       0         359       0         86400     28800     61199               
104       0         51.90618  4.36712   1         663       380       0         0         86400     28800     64800               
105       0         51.80579  4.15994   0         983       0         14        0         86400     28800     54000               
106       0         51.60392  4.95824   0         803       0         446       0         86400     28800     57600               
107       2         52.26337  4.72731   1         793       357       0         0         86400     28800     64800               
108       0         51.91204  4.56210   1         932       89        0         13682     86400     28800     64800               
109       0         52.36945  5.19091   0         819       0         166       0         74331     32400     57600               
110       1         53.21920  5.77348   1         884       1767      0         9601      86400     28800     64800               
111       0         52.18335  6.09848   1         909       1077      0         0         86400     28800     64800               
112       0         51.77828  5.78831   1         625       107       0         15813     86400     28800     64800               
113       0         52.62532  4.78047   1         958       1274      0         0         86400     28800     64800               
114       0         52.17610  5.41158   0         821       0         727       0         69362     28800     55799               
115       0         51.86011  4.42251   0         852       0         2779      0         71091     55799     59400               
116       2         51.79725  4.26391   1         829       215       0         6324      86400     28800     64800               
117       0         52.46232  4.65882   1         833       1567      0         0         86400     28800     64800               
118       0         52.18501  5.43608   0         881       0         90        0         86400     32400     61199               
119       1         52.80970  6.12156   1         905       1361      0         0         86400     28800     64800               
120       2         51.58613  4.51602   1         879       91        0         17163     86400     28800     64800               
121       0         52.04775  4.50849   1         756       1206      0         14668     86400     28800     64800               
122       2         51.28976  5.62336   0         710       0         1845      0         60990     28800     61199               
123       2         51.35659  5.18732   0         876       0         723       0         57585     28800     54000               
124       2         51.54076  4.59608   1         901       175       0         11791     86400     28800     64800               
125       0         52.32191  6.52988   1         753       163       0         0         86400     28800     64800               
126       1         53.08873  5.69614   0         1051      0         140       0         86400     28800     61199               
127       0         52.35271  4.95569   1         774       239       0         0         86400     28800     64800               
128       0         51.98603  5.50938   0         664       0         380       0         74883     54000     61199               
129       0         52.05137  5.65178   1         988       717       0         11572     86400     28800     64800               
130       2         51.68135  4.58129   1         947       595       0         0         86400     28800     64800               
131       1         52.56530  5.92013   1         669       76        0         0         86400     28800     64800               
132       0         52.31321  4.75678   1         1049      63        0         0         86400     28800     64800               
133       1         52.90392  5.99373   0         754       0         224       0         56466     36000     54000               
134       0         51.82926  4.66255   1         883       498       0         18550     86400     28800     64800               
135       2         51.98019  6.01052   0         851       0         1835      0         82498     28800     61199               
136       1         53.19209  6.61848   0         1069      0         210       0         58593     28800     59400               
137       2         52.23033  6.76471   1         655       420       0         0         86400     28800     64800               
138       2         51.86866  4.41291   1         638       579       0         0         86400     28800     64800               
139       2         51.49214  5.39620   0         1148      0         2184      0         86400     32400     57600               
140       2         51.97718  3.97828   1         804       107       0         0         86400     28800     64800               
141       0         52.65474  4.72688   1         942       157       0         17918     86400     28800     64800               
142       1         53.24217  6.62561   1         1075      111       0         0         86400     28800     64800               
143       0         51.85491  5.83072   1         709       1413      0         0         86400     28800     64800               
144       2         51.61475  5.71025   1         1109      139       0         0         86400     36000     64800               
145       0         53.01600  6.34558   1         757       508       0         0         86400     28800     64800               
146       0         52.03147  5.57713   0         625       0         68        0         63771     43200     57600               
147       2         51.51191  4.46014   0         1004      0         239       0         75543     28800     61199               
148       0         52.51414  6.09732   1         921       4         0         0         86400     28800     64800               
149       2         52.03333  5.65671   0         683       0         132       0         73619     28800     61199               
150       1         52.29003  6.75580   1         947       17        0         9568      86400     28800     64800               
151       0         51.97898  4.45170   1         613       375       0         0         86400     28800     64800               
152       2         51.43614  5.38196   0         759       0         727       0         65182     50399     61199               
153       0         52.40700  4.92223   1         834       372       0         0         86400     28800     64800               
154       0         52.23272  5.98363   0         946       0         917       0         61085     46800     55799               
155       2         51.67266  5.03003   1         857       113       0         0         86400     28800     64800               
156       0         52.02600  4.53685   1         652       140       0         18491     86400     28800     64800               
157       0         52.30582  5.07240   1         916       134       0         0         86400     28800     64800               
158       2         51.54801  5.64658   1         849       134       0         0         86400     28800     64800               
159       1         52.34948  6.91604   0         772       0         1197      0         52539     36000     50399               
160       1         52.29076  6.24329   1         963       260       0         0         86400     28800     64800               
161       2         51.52813  5.05632   0         875       0         1413      0         66225     28800     61199               
162       1         52.78965  7.00467   1         868       546       0         0         86400     28800     64800               
163       2         52.32832  4.73345   0         946       0         739       0         73931     28800     61199               
164       0         52.10807  4.62814   1         584       894       0         0         86400     28800     64800               
165       2         52.72286  5.72150   1         860       130       0         0         86400     28800     64800               
166       0         51.90592  6.15210   1         900       117       0         0         86400     28800     64800               
167       2         51.44792  5.35695   0         669       0         280       0         55768     28800     61199               
168       0         52.10526  4.84012   1         850       375       0         8077      86400     28800     64800               
169       0         51.39451  6.10149   1         963       397       0         0         86400     28800     64800               
170       0         52.37243  4.91604   1         790       170       0         0         86400     28800     64800               
171       2         51.57961  5.02048   1         640       390       0         0         86400     28800     64800               
172       0         52.05207  4.52957   1         777       619       0         15849     86400     28800     64800               
173       0         52.42549  4.89708   1         1107      2278      0         0         86400     28800     64800               
174       0         52.05882  5.11083   1         869       108       0         0         86400     36000     59400               
175       0         52.14238  6.06892   0         809       0         1205      0         86400     32400     57600               
176       2         51.60113  4.69106   0         733       0         1540      0         86400     43200     61199               
177       0         52.34088  5.16867   0         1005      0         127       0         58302     28800     59400               
178       1         53.10761  6.13425   0         1071      0         44        0         53307     36000     55799               
179       2         51.38695  5.39340   1         844       227       0         20804     86400     28800     64800               
180       0         51.99892  4.47789   1         906       995       0         8105      86400     28800     64800               
181       0         51.50654  4.25058   0         894       0         948       0         74480     28800     64800               
182       2         51.52722  6.01350   1         1155      135       0         0         86400     28800     57600               
183       0         52.69032  5.14846   1         759       975       0         0         86400     28800     64800               
184       1         52.50641  6.15231   1         799       523       0         0         86400     28800     64800               
185       2         52.01746  4.61067   0         813       0         705       0         75984     28800     61199               
186       0         51.61033  5.65875   1         1012      32        0         0         86400     28800     64800               
187       2         51.41523  5.56349   0         842       0         1865      0         59964     46800     57600               
188       0         51.82144  4.68558   1         561       92        0         18653     86400     28800     64800               
189       2         51.42335  5.44847   1         762       10        0         0         86400     28800     64800               
190       2         51.96407  6.00668   1         869       487       0         0         86400     28800     64800               
191       0         52.03358  4.46190   1         582       231       0         17789     86400     28800     64800               
192       0         52.04582  4.95700   0         937       0         1825      0         66622     28800     57600               
193       0         53.03835  5.79112   1         959       278       0         0         86400     28800     64800               
194       2         51.97877  6.02824   0         794       0         198       0         77764     44999     61199               
195       0         51.75009  4.67574   1         758       2482      0         0         86400     28800     64800               
196       1         51.99822  6.00920   1         686       349       0         0         86400     28800     64800               
197       2         52.16638  5.36743   1         783       96        0         0         86400     28800     64800               
198       2         51.41117  6.04084   1         829       384       0         0         86400     28800     32400               
199       0         52.52565  5.50019   0         786       0         116       0         76532     28800     64800               
200       1         52.45214  6.55866   1         763       222       0         22455     86400     28800     64800               
201       0         52.27313  6.92490   0         927       0         763       0         52672     28800     59400               
202       1         52.25144  6.69589   1         762       142       0         0         86400     28800     64800               
203       0         52.23964  5.46686   1         930       602       0         4270      86400     28800     64800               
204       2         51.52781  5.05139   0         753       0         124       0         63808     28800     61199               
205       0         52.40539  4.91118   1         876       62        0         0         86400     28800     64800               
206       2         51.35380  5.25589   1         623       250       0         22950     86400     28800     64800               
207       2         52.26484  6.94307   0         1003      0         227       0         74604     46800     57600               
208       2         51.44396  5.40600   1         904       108       0         11070     86400     28800     64800               
209       2         51.37782  5.28257   1         923       3         0         0         86400     28800     64800               
210       2         52.64535  6.13789   1         826       1473      0         0         86400     28800     64800               
211       0         52.22378  4.44637   1         952       208       0         0         86400     28800     64800               
212       0         52.34836  5.30693   0         968       0         924       0         47290     28800     55799               