NL_TU_0_R 2 6 13 207

[Vehicle Types] - ID_veh_type, fixed_cost, variable_cost, speed, capacity, alpha, beta, max_time, max_drive_time
0         20        1.5       70        3200      2240      2240      46800     32400     
1         20        2.25      50        13600     9520      9520      46800     32400       

[Number of Vehicle Types] - ID_veh_type, ID_depot, number_of_vehicles
0	0	4
0	1	2
0	2	5
1	0	10
1	1	4
1	2	6

[Scheduled Lines] - ID_from, ID_to, cost_per_req, capacity, dep_time, arr_time
0	1	0.01	3200	3600	10800
0	1	0.01	3200	59400	66600
0	2	0.023	3200	1800	7200
0	2	0.023	3200	68400	75600
1	0	0.01	3200	52200	57600
1	0	0.01	3200	82800	86400
1	2	0.016	3200	0	    9000
1	2	0.016	3200	57600	68400
2   0   0.023   3200   0       5400
2	0	0.023	3200	7200	11880
2	0	0.023	3200	71100	77400
2   1   0.016   3200   0       9000
2	1	0.016	3200	7200	16200

[Nodes/requests]: ID_node, ID_depot, lat, long, type, service_time, q_del, q_col, tw_depot_start, tw_depot_end, tw_cust_start, tw_cust_end, PC
0         0         52.00400  5.63427   -1        0         0         0         0         86400     0         86400
1         1         52.28116  6.90881   -1        0         0         0         0         86400     0         86400
2         2         51.53494  5.08382   -1        0         0         0         0         86400     0         86400
3         2         51.35783  5.41497   1         771       407       0         0         86400     28800     64800               
4         0         52.62680  4.81277   1         1014      37        0         6379      86400     28800     64800               
5         2         51.94211  6.58529   1         838       251       0         0         86400     28800     64800               
6         1         52.39702  7.00591   0         697       0         308       0         56710     28800     54000               
7         2         51.43849  5.44352   0         699       0         2658      0         86400     28800     61199               
8         0         51.92528  5.18906   1         918       120       0         0         86400     28800     64800               
9         0         52.08268  4.30298   1         672       30        0         14690     86400     28800     64800               
10        2         51.52461  5.01144   1         1010      129       0         16649     86400     28800     64800               
11        2         51.72171  5.57512   1         857       100       0         20927     86400     28800     64800               
12        0         52.29267  6.89261   0         657       0         242       0         74167     36000     54000               
13        0         51.84486  4.56447   0         561       0         422       0         64752     48600     57600               
14        2         51.47199  5.82331   1         745       109       0         10952     86400     28800     64800               
15        0         52.22686  4.86470   0         954       0         21        0         73985     28800     61199               
16        0         52.29109  4.89321   1         986       678       0         0         86400     28800     64800               
17        0         52.32579  4.80205   1         926       534       0         0         86400     28800     64800               
18        2         51.67096  4.55845   0         916       0         1082      0         86400     36000     54000               
19        1         52.53864  6.42969   1         832       418       0         0         86400     28800     64800               
20        2         51.58340  5.50294   1         847       76        0         0         86400     28800     64800               
21        2         52.35998  4.91515   1         780       74        0         0         86400     28800     64800               
22        0         52.65357  4.82591   0         695       0         324       0         70526     30600     57600               
23        1         51.98755  4.98904   1         457       1333      0         0         86400     28800     64800               
24        0         51.91694  4.61269   0         894       0         2022      0         57058     28800     55799               
25        2         51.57686  5.06299   1         739       421       0         0         86400     28800     61199               
26        2         51.69507  5.09747   0         649       0         339       0         86400     36000     61199               
27        1         51.98172  6.37410   1         766       1123      0         0         86400     28800     64800               
28        0         52.12300  5.29409   1         656       1548      0         12197     86400     28800     36000               
29        2         51.98292  4.97053   1         807       634       0         0         86400     28800     64800               
30        2         51.58377  4.76591   1         877       606       0         4414      86400     28800     64800               
31        1         53.43999  6.82384   1         590       383       0         0         86400     28800     64800               
32        0         52.38592  4.72337   1         815       95        0         12879     86400     28800     64800               
33        2         51.56076  4.47520   1         876       155       0         16561     86400     28800     64800               
34        0         52.05332  5.56161   0         600       0         2578      0         86400     28800     61199               
35        0         52.30472  6.93336   1         1107      340       0         0         86400     28800     64800               
36        1         52.52728  6.42377   1         830       104       0         10978     86400     28800     64800               
37        0         52.22923  4.87896   1         961       119       0         0         86400     28800     64800               
38        1         52.39063  6.49783   1         1156      108       0         22060     86400     28800     64800               
39        0         52.30923  6.90151   0         871       0         1490      0         86400     46800     57600               
40        2         51.41815  6.08900   0         770       0         905       0         77961     54000     59400               
41        2         51.81704  4.50997   1         915       74        0         10304     86400     28800     64800               
42        0         52.20209  6.80691   1         1040      2264      0         0         86400     36000     50399               
43        2         51.36840  6.12521   1         983       140       0         6122      86400     28800     64800               
44        2         52.24922  5.58850   1         871       311       0         0         86400     28800     64800               
45        2         51.42357  6.09790   0         944       0         202       0         86400     46800     59400               
46        2         51.99221  5.06402   1         865       248       0         5864      86400     28800     64800               
47        0         52.03614  5.49414   1         947       387       0         4677      86400     28800     64800               
48        0         52.17424  4.63177   1         821       524       0         6565      86400     28800     64800               
49        0         51.84552  4.60572   1         935       549       0         0         86400     28800     64800               
50        2         51.64933  4.82060   1         742       1544      0         8751      86400     28800     64800               
51        2         51.62404  5.04112   0         656       0         144       0         73610     28800     61199               
52        2         51.25135  5.59837   1         612       249       0         17964     86400     28800     64800               
53        2         51.71237  5.25091   1         959       433       0         18812     86400     28800     64800               
54        1         51.74060  6.01692   1         796       496       0         0         86400     28800     64800               
55        0         52.29978  6.25227   1         1092      2524      0         0         86400     28800     64800               
56        2         51.46373  5.58781   1         865       85        0         9830      86400     28800     64800               
57        0         52.75865  6.92458   0         815       0         2583      0         69572     54000     61199               
58        0         52.03916  5.06857   1         842       181       0         7900      86400     28800     64800               
59        0         52.01204  5.10994   0         560       0         723       0         86400     28800     59400               
60        0         52.28090  5.24390   1         774       81        0         0         86400     28800     64800               
61        0         52.05687  5.51696   1         673       529       0         15515     86400     28800     64800               
62        2         51.97707  4.57442   1         978       84        0         0         86400     28800     64800               
63        0         51.79207  4.61552   1         860       9         0         0         86400     28800     64800               
64        2         51.52299  3.61727   0         1070      0         59        0         67843     28800     59400               
65        2         51.90887  5.12485   1         713       606       0         0         86400     28800     64800               
66        2         51.59734  4.91393   0         830       0         184       0         60224     50399     57600               
67        2         51.61901  5.04748   0         823       0         1512      0         70991     46800     61199               
68        2         51.72042  5.51356   0         820       0         751       0         86400     36000     59400               
69        0         51.79710  4.81513   1         987       1553      0         14669     86400     28800     64800               
70        0         51.93880  4.22775   1         799       1209      0         13340     86400     28800     64800               
71        0         52.35094  4.90300   1         864       161       0         0         86400     28800     64800               
72        0         52.17270  5.45483   1         870       155       0         0         86400     28800     64800               
73        0         51.82747  5.66602   1         736       482       0         0         86400     28800     64800               
74        2         51.53763  4.22708   0         828       0         1411      0         86400     28800     46800               
75        0         52.25454  5.99797   1         865       331       0         16679     86400     28800     64800               
76        0         52.03936  4.67859   0         845       0         726       0         47084     28800     64800               
77        0         51.99610  6.59230   1         714       3         0         0         86400     28800     64800               
78        2         51.67473  5.42584   0         797       0         474       0         60609     39599     57600               
79        0         51.97792  5.62084   0         1159      0         2463      0         86400     32400     59400               
80        2         51.96483  5.34188   1         880       137       0         0         86400     28800     64800               
81        0         52.02841  4.44913   0         924       0         377       0         62306     30600     54000               
82        2         51.59247  4.78957   1         925       9         0         0         86400     28800     64800               
83        2         52.05711  4.90319   1         667       116       0         6884      86400     28800     64800               
84        0         52.27828  5.95733   1         750       259       0         0         86400     28800     64800               
85        2         52.36056  5.25039   1         770       474       0         0         86400     28800     64800               
86        0         51.91961  5.67484   0         738       0         41        0         68279     28800     57600               
87        2         51.47512  3.89688   0         1057      0         401       0         82695     32400     61199               
88        2         51.40606  5.40583   1         837       116       0         20699     86400     28800     64800               
89        2         52.05257  4.56893   0         1192      0         325       0         71269     44999     61199               
90        1         52.21826  6.84142   1         709       2064      0         0         86400     28800     64800               
91        2         51.46922  5.15350   1         557       17        0         6771      86400     28800     64800               
92        0         51.85775  4.65794   1         894       38        0         15623     86400     28800     64800               
93        0         51.84538  4.73876   1         711       374       0         0         86400     28800     64800               
94        1         52.77811  6.51185   0         686       0         300       0         56784     28800     64800               
95        2         51.58798  4.52479   1         992       168       0         14399     86400     28800     64800               
96        2         51.94290  5.43589   1         898       380       0         0         86400     28800     64800               
97        2         51.90107  4.45076   1         865       101       0         8256      86400     28800     64800               
98        2         51.53781  4.59647   0         862       0         426       0         86400     30600     59400               
99        2         51.58245  5.46260   1         808       698       0         0         86400     28800     64800               
100       0         52.39779  5.25914   1         813       382       0         0         86400     28800     64800               
101       2         51.47729  5.63943   0         854       0         186       0         86400     28800     57600               
102       1         52.36810  6.75653   1         961       78        0         0         86400     28800     64800               
103       2         51.21695  5.97282   1         876       699       0         0         86400     28800     64800               
104       0         51.99501  5.93913   1         842       1026      0         5285      86400     28800     64800               
105       2         51.56572  4.86327   0         930       0         163       0         86400     32400     57600               
106       2         51.90519  5.09694   0         783       0         391       0         86400     30600     59400               
107       2         51.56651  5.08188   0         652       0         661       0         72998     28800     57600               
108       0         53.26774  6.93764   1         971       128       0         0         86400     28800     64800               
109       0         52.37963  6.64662   0         979       0         715       0         74243     54000     61199               
110       2         52.64953  4.86188   1         792       285       0         0         86400     28800     64800               
111       0         51.89622  4.57407   1         783       2323      0         16687     86400     28800     64800               
112       0         52.09400  5.57916   1         757       80        0         0         86400     28800     64800               
113       0         52.01447  5.88233   0         856       0         1776      0         86400     28800     61199               
114       2         51.58041  5.33117   1         693       543       0         0         86400     28800     64800               
115       2         51.83625  4.09242   1         840       17        0         11090     86400     28800     64800               
116       2         51.77885  4.92747   1         791       1075      0         4396      86400     28800     64800               
117       2         51.42842  5.55910   1         735       2850      0         21009     86400     28800     64800               
118       2         51.41424  5.47536   1         720       859       0         0         86400     28800     64800               
119       1         52.66989  5.04571   1         925       280       0         0         86400     28800     64800               
120       2         51.85884  4.08754   1         926       484       0         0         86400     28800     64800               
121       1         52.03982  6.23308   1         801       173       0         0         86400     28800     64800               
122       2         51.50080  5.64347   1         750       161       0         9046      86400     28800     64800               
123       0         52.29712  4.80240   1         661       1017      0         0         86400     28800     64800               
124       0         52.21701  5.98588   1         820       320       0         0         86400     28800     64800               
125       0         51.78760  5.77196   1         803       237       0         0         86400     28800     64800               
126       2         51.50882  5.58631   0         847       0         1514      0         69614     28800     61199               
127       0         52.34721  4.96509   1         996       2256      0         19372     86400     28800     64800               
128       0         52.62585  6.22533   1         823       110       0         0         86400     28800     64800               
129       0         51.72077  5.03956   1         930       239       0         0         86400     28800     64800               
130       2         53.17370  6.72334   1         739       315       0         0         86400     28800     64800               
131       1         53.11580  5.69029   1         924       109       0         0         86400     28800     64800               
132       2         51.67855  5.39900   0         880       0         1670      0         77361     39599     57600               
133       0         51.99610  4.65413   0         898       0         598       0         60584     28800     64800               
134       0         51.45708  5.46461   0         1005      0         769       0         75125     50399     57600               
135       2         51.88159  4.40162   1         963       298       0         10018     86400     28800     64800               
136       2         51.84324  4.43764   1         912       1059      0         13877     86400     28800     64800               
137       1         51.59836  5.06513   1         757       1131      0         0         86400     30600     59400               
138       2         52.18496  5.49757   1         937       2748      0         0         86400     28800     64800               
139       2         51.40481  5.45532   1         908       341       0         0         86400     28800     64800               
140       0         52.36045  5.67822   1         819       885       0         0         86400     28800     64800               
141       2         51.44296  5.67566   0         823       0         3046      0         86400     39599     61199               
142       2         51.73888  5.05171   1         708       155       0         0         86400     28800     64800               
143       1         52.84584  5.71941   1         720       288       0         0         86400     28800     64800               
144       0         52.34235  5.19565   0         682       0         1909      0         75309     32400     61199               
145       2         51.58659  4.48511   1         683       88        0         9597      86400     28800     64800               
146       1         52.48439  6.12693   1         847       232       0         0         86400     28800     64800               
147       1         52.77564  6.95027   1         848       114       0         0         86400     28800     64800               
148       0         53.28684  5.76797   1         829       78        0         0         86400     28800     64800               
149       0         52.00753  5.62352   1         693       440       0         14718     86400     28800     64800               
150       2         51.88237  5.59912   0         869       0         352       0         86400     28800     59400               
151       0         52.06570  4.43042   0         1016      0         153       0         86400     30600     54000               
152       0         52.30022  4.90161   1         1002      717       0         0         86400     37800     64800               
153       0         53.25196  6.30534   1         1022      1031      0         0         86400     28800     64800               
154       0         53.30823  6.96422   1         611       236       0         0         86400     28800     64800               
155       0         52.11992  5.04845   1         974       225       0         12892     86400     28800     64800               
156       1         52.39825  6.57700   1         995       298       0         0         86400     28800     64800               
157       0         52.39490  4.73813   0         868       0         532       0         76699     28800     61199               
158       0         51.35855  5.43503   1         962       165       0         0         86400     28800     64800               
159       0         52.01975  4.96773   0         772       0         456       0         62773     28800     57600               
160       0         51.92518  4.81842   1         611       85        0         0         86400     28800     64800               
161       2         51.28113  6.10295   1         721       72        0         0         86400     28800     64800               
162       0         51.82561  5.22087   1         804       576       0         0         86400     28800     64800               
163       2         51.34756  5.25143   0         1068      0         153       0         86400     28800     54000               
164       0         52.77485  6.18310   1         645       179       0         0         86400     28800     64800               
165       2         51.92239  5.84666   0         771       0         484       0         86400     28800     61199               
166       0         52.39147  4.78025   1         869       134       0         0         86400     28800     64800               
167       0         52.24495  6.20925   1         962       89        0         0         86400     28800     64800               
168       0         53.19965  6.56182   0         746       0         1518      0         86400     54000     59400               
169       2         51.38223  6.15053   1         568       170       0         0         86400     28800     64800               
170       0         52.44356  4.82370   1         857       542       0         15291     86400     28800     64800               
171       1         51.97951  6.59163   1         1002      233       0         0         86400     28800     64800               
172       0         52.33251  5.28594   1         884       1435      0         0         86400     28800     64800               
173       2         51.73006  5.26946   1         751       248       0         21119     86400     28800     64800               
174       2         51.30603  5.71415   1         613       291       0         0         86400     28800     64800               
175       0         52.13028  5.00241   1         929       1457      0         16733     86400     28800     64800               
176       2         52.01513  4.31670   1         784       749       0         0         86400     28800     64800               
177       0         52.08571  6.07547   1         942       328       0         15317     86400     28800     64800               
178       2         51.67606  5.03822   0         678       0         304       0         64201     28800     61199               
179       0         52.15788  5.03387   1         925       2274      0         12262     86400     28800     43200               
180       0         51.82853  5.22375   0         673       0         148       0         71107     28800     57600               
181       1         52.48714  6.51500   0         649       0         1577      0         58326     28800     57600               
182       2         52.05381  4.54025   0         940       0         49        0         86400     30600     61199               
183       2         51.60675  4.74595   0         871       0         11        0         86400     46800     59400               
184       0         51.49366  6.03141   0         907       0         544       0         71366     28800     57600               
185       0         52.02245  5.58631   0         850       0         217       0         68853     28800     61199               
186       1         52.22927  6.81748   1         779       107       0         0         86400     28800     64800               
187       2         51.66202  5.95150   0         864       0         58        0         86400     36000     61199               
188       0         52.04458  5.62150   1         693       432       0         16108     86400     28800     64800               
189       0         52.05704  4.52422   0         733       0         48        0         77449     46800     61199               
190       0         51.99130  5.70025   1         886       279       0         5644      86400     28800     64800               
191       2         51.33800  5.29039   1         785       1129      0         0         86400     28800     59400               
192       0         52.70674  5.12915   1         896       548       0         6290      86400     28800     64800               
193       2         51.31693  5.37688   1         707       105       0         19603     86400     28800     64800               
194       0         51.80233  4.63668   0         977       0         222       0         71420     28800     61199               
195       1         52.79034  7.06927   1         1023      167       0         0         86400     28800     64800               
196       2         52.95404  5.91220   0         872       0         518       0         86400     28800     54000               
197       0         51.97278  4.23445   1         968       1053      0         15924     86400     28800     64800               
198       0         52.01945  4.37879   1         892       317       0         0         86400     28800     64800               
199       0         52.28821  6.93516   1         906       335       0         0         86400     28800     64800               
200       1         53.15765  5.62812   1         729       1054      0         0         86400     28800     64800               
201       0         52.07437  4.29199   1         888       257       0         0         86400     28800     64800               
202       0         52.37811  4.65199   1         834       19        0         18786     86400     28800     64800               
203       0         51.88493  5.81034   1         786       713       0         0         86400     28800     64800               
204       1         52.55870  5.88939   1         573       102       0         0         86400     28800     64800               
205       0         52.35331  5.25126   1         722       109       0         28677     86400     28800     64800               
206       2         51.58935  4.76931   0         770       0         52        0         86400     52200     55799               