NL_TH_1_R 2 6 13 209

[Vehicle Types] - ID_veh_type, fixed_cost, variable_cost, speed, capacity, alpha, beta, max_time, max_drive_time
0         20        1.5       70        3200      2240      2240      46800     32400     
1         20        2.25      50        13600     9520      9520      46800     32400       

[Number of Vehicle Types] - ID_veh_type, ID_depot, number_of_vehicles
0	0	4
0	1	2
0	2	5
1	0	10
1	1	4
1	2	6

[Scheduled Lines] - ID_from, ID_to, cost_per_req, capacity, dep_time, arr_time
0	1	0.01	3200	3600	10800
0	1	0.01	3200	59400	66600
0	2	0.023	3200	1800	7200
0	2	0.023	3200	68400	75600
1	0	0.01	3200	52200	57600
1	0	0.01	3200	82800	86400
1	2	0.016	3200	0	    9000
1	2	0.016	3200	57600	68400
2   0   0.023   3200   0       5400
2	0	0.023	3200	7200	11880
2	0	0.023	3200	71100	77400
2   1   0.016   3200   0       9000
2	1	0.016	3200	7200	16200

[Nodes/requests]: ID_node, ID_depot, lat, long, type, service_time, q_del, q_col, tw_depot_start, tw_depot_end, tw_cust_start, tw_cust_end, PC
0         0         52.02692  5.61537   -1        0         0         0         0         86400     0         86400
1         1         52.28372  6.92515   -1        0         0         0         0         86400     0         86400
2         2         51.52084  5.01631   -1        0         0         0         0         86400     0         86400
3         2         53.18591  6.89264   1         764       114       0         0         86400     28800     64800               
4         0         52.24946  5.22256   0         879       0         3         0         69927     28800     64800               
5         2         51.20587  5.96284   1         835       138       0         0         86400     36000     61199               
6         2         51.64055  4.87298   1         829       1305      0         0         86400     28800     64800               
7         2         51.56440  5.00884   1         695       156       0         23557     86400     28800     64800               
8         0         52.20184  5.95187   1         883       622       0         0         86400     28800     64800               
9         0         52.28571  4.74317   0         898       0         964       0         86400     28800     64800               
10        2         51.48997  3.65404   0         728       0         744       0         80636     28800     59400               
11        2         51.93224  4.75784   1         585       493       0         0         86400     28800     64800               
12        2         51.57255  4.62797   1         710       1788      0         0         86400     28800     64800               
13        2         51.87618  4.50423   1         918       428       0         16885     86400     28800     64800               
14        0         52.03871  4.54993   1         867       316       0         8076      86400     28800     64800               
15        0         52.62735  4.76400   0         689       0         206       0         72375     30600     55799               
16        0         52.21204  4.54038   0         832       0         58        0         81220     28800     61199               
17        0         52.06278  4.31378   1         801       259       0         0         86400     28800     61199               
18        2         52.95185  5.90223   1         942       2227      0         0         86400     28800     64800               
19        2         51.87219  4.29739   0         891       0         61        0         72724     36000     61199               
20        2         51.43382  5.37932   0         766       0         1267      0         58389     28800     61199               
21        0         52.03225  5.57615   0         893       0         116       0         70430     43200     57600               
22        2         51.40504  5.39597   1         873       2615      0         0         86400     28800     64800               
23        2         51.16629  5.99171   1         689       2193      0         7884      86400     28800     64800               
24        0         52.02386  5.21045   1         732       538       0         15813     86400     28800     64800               
25        0         52.78862  5.06211   0         827       0         133       0         71514     28800     61199               
26        0         52.29587  5.15350   1         935       344       0         15386     86400     28800     64800               
27        2         51.80878  4.93579   1         1150      716       0         0         86400     28800     64800               
28        2         51.33111  6.12056   0         679       0         1262      0         80403     32400     50399               
29        2         51.70242  5.02768   1         903       1454      0         0         86400     28800     39599               
30        2         51.40926  5.40075   0         628       0         755       0         59614     50399     61199               
31        2         52.34347  6.63060   1         969       50        0         0         86400     28800     64800               
32        0         52.08297  5.53065   1         761       543       0         0         86400     28800     64800               
33        0         52.70649  4.79400   1         778       203       0         12009     86400     28800     64800               
34        0         51.54470  5.99867   0         846       0         2906      0         77845     54000     64800               
35        2         51.45446  5.61740   1         763       100       0         23444     86400     28800     64800               
36        1         53.18316  6.58762   1         873       68        0         6932      86400     28800     64800               
37        1         52.89085  7.08280   1         819       202       0         7356      86400     28800     64800               
38        2         51.81050  4.95118   1         927       110       0         17952     86400     28800     64800               
39        2         52.23928  6.70039   1         761       81        0         0         86400     28800     64800               
40        2         51.49465  5.67130   1         799       911       0         0         86400     28800     64800               
41        2         51.96082  4.99361   1         711       25        0         0         86400     28800     64800               
42        1         52.70868  6.49005   1         588       402       0         6980      86400     28800     64800               
43        0         51.98245  5.55134   1         807       107       0         16452     86400     28800     64800               
44        0         52.11291  5.29165   0         951       0         177       0         68197     36000     59400               
45        2         51.46272  5.66444   0         968       0         349       0         76906     39599     61199               
46        0         51.94768  6.13092   1         843       704       0         44008     86400     28800     64800               
47        2         51.62236  5.54861   0         806       0         770       0         58739     28800     55799               
48        0         52.04191  4.56844   0         793       0         35        0         71898     30600     61199               
49        0         52.75007  5.20876   1         813       1268      0         18563     86400     28800     64800               
50        0         52.27929  4.73273   0         891       0         916       0         68634     28800     64800               
51        2         51.96486  6.29852   1         920       603       0         0         86400     28800     64800               
52        2         51.40496  6.02607   1         893       83        0         17138     86400     28800     64800               
53        0         52.03827  5.62284   0         737       0         497       0         86400     50399     57600               
54        0         51.57389  5.96378   0         1179      0         2212      0         81558     54000     64800               
55        2         51.88816  5.54441   1         1043      60        0         0         86400     28800     64800               
56        0         52.12932  5.60267   1         700       2293      0         0         86400     28800     64800               
57        1         52.83919  6.33369   1         972       98        0         7952      86400     28800     64800               
58        0         51.84136  4.50615   1         950       332       0         7144      86400     28800     64800               
59        0         52.03065  5.15816   1         914       514       0         8283      86400     28800     64800               
60        2         52.20516  6.95857   1         887       264       0         0         86400     28800     64800               
61        0         51.83276  5.01115   0         983       0         192       0         69875     28800     61199               
62        0         51.90090  5.20565   1         768       300       0         9183      86400     28800     64800               
63        2         51.84708  4.19773   1         640       714       0         20404     86400     28800     64800               
64        1         52.00651  6.61002   1         838       13        0         0         86400     28800     64800               
65        0         51.81685  4.81814   1         932       768       0         0         86400     28800     64800               
66        0         51.93559  6.03711   0         856       0         636       0         86400     36000     57600               
67        0         52.26269  4.64382   1         774       143       0         0         86400     28800     64800               
68        2         51.99030  5.08869   1         714       17        0         0         86400     28800     64800               
69        1         52.21923  6.19621   1         949       414       0         0         86400     28800     64800               
70        0         51.15955  6.09424   0         745       0         945       0         78432     50399     59400               
71        2         51.67096  4.85698   1         858       244       0         0         86400     28800     64800               
72        0         52.06243  4.41027   0         977       0         108       0         62727     28800     61199               
73        2         52.75415  6.48345   0         964       0         435       0         86400     28800     61199               
74        2         51.55667  5.07567   1         843       375       0         5700      86400     28800     64800               
75        0         52.03722  4.32036   1         819       72        0         12201     86400     28800     64800               
76        0         52.19141  5.42607   0         781       0         2306      0         61250     28800     57600               
77        0         52.25044  4.75654   1         688       2534      0         0         86400     28800     64800               
78        0         51.96756  5.96126   1         816       68        0         43619     86400     28800     64800               
79        0         51.86002  4.59056   1         899       74        0         9513      86400     28800     64800               
80        0         52.19904  6.01187   1         719       427       0         0         86400     28800     64800               
81        2         51.51262  6.08078   0         794       0         367       0         60063     28800     57600               
82        2         52.29841  4.80419   1         1039      2319      0         0         86400     28800     64800               
83        0         51.87982  4.53319   0         976       0         144       0         59454     28800     55799               
84        2         51.46285  5.69417   1         708       168       0         24535     86400     28800     64800               
85        2         52.59876  4.74811   1         828       2832      0         0         86400     28800     64800               
86        1         52.41992  5.61451   1         817       73        0         0         86400     28800     64800               
87        0         52.42590  5.25679   1         841       766       0         0         86400     28800     64800               
88        0         52.25301  5.47297   0         802       0         197       0         70761     28800     61199               
89        0         51.46191  5.39069   0         759       0         1135      0         86400     28800     57600               
90        2         51.27393  5.63037   0         758       0         56        0         65005     54000     61199               
91        2         51.81782  4.62453   1         893       27        0         0         86400     28800     64800               
92        2         53.08544  6.88469   0         793       0         336       0         72039     28800     61199               
93        1         52.03733  6.61939   1         754       227       0         0         86400     28800     64800               
94        0         52.48686  4.63305   1         629       1542      0         0         86400     28800     64800               
95        0         52.19400  4.45424   1         814       203       0         7339      86400     28800     64800               
96        1         52.30441  6.49292   1         811       91        0         0         86400     28800     64800               
97        0         51.95696  4.44938   1         841       333       0         0         86400     28800     64800               
98        2         51.53166  4.27543   1         855       41        0         21219     86400     28800     64800               
99        0         52.34808  4.68131   1         843       429       0         0         86400     28800     64800               
100       0         52.45443  4.74566   0         813       0         454       0         66087     28800     61199               
101       0         51.96047  5.97819   1         903       74        0         12557     86400     28800     64800               
102       2         51.47961  4.29528   1         790       122       0         0         86400     28800     64800               
103       2         51.27901  5.32485   1         821       41        0         0         86400     28800     64800               
104       2         51.40272  6.09016   1         706       46        0         23850     86400     28800     64800               
105       2         52.20105  4.43692   0         877       0         122       0         74570     28800     61199               
106       2         51.66491  4.83419   0         983       0         571       0         86400     32400     61199               
107       2         51.57338  4.28368   0         894       0         102       0         79687     46800     54000               
108       2         51.62195  4.78593   0         988       0         1492      0         86400     52200     55799               
109       0         51.83290  4.60186   1         876       240       0         7828      86400     28800     64800               
110       0         52.01519  5.31292   1         927       679       0         0         86400     28800     64800               
111       1         52.52750  6.04363   1         765       464       0         0         86400     28800     64800               
112       0         52.15302  4.38130   1         814       272       0         0         86400     28800     64800               
113       0         51.64352  4.54434   0         701       0         763       0         79276     50399     54000               
114       0         52.76837  4.83069   1         659       342       0         6103      86400     28800     64800               
115       1         53.09759  6.10428   1         815       111       0         0         86400     28800     64800               
116       2         51.48151  5.40228   1         960       175       0         13091     86400     28800     64800               
117       2         51.59129  5.02870   0         890       0         878       0         72199     28800     61199               
118       2         51.32805  6.14118   0         1048      0         758       0         68640     46800     57600               
119       0         52.00493  5.11393   0         821       0         1288      0         68233     28800     61199               
120       2         51.48284  4.03658   1         757       1448      0         18016     86400     28800     64800               
121       2         51.47320  5.75789   1         1022      69        0         21196     86400     28800     64800               
122       0         51.95019  4.60179   1         987       3213      0         13132     86400     28800     64800               
123       0         52.28536  4.71845   0         908       0         130       0         60108     28800     57600               
124       2         52.30757  4.91430   0         995       0         104       0         66188     32400     59400               
125       2         51.54000  4.45610   0         849       0         159       0         64828     28800     57600               
126       2         51.47710  5.70887   1         787       253       0         11925     86400     28800     64800               
127       0         52.33124  4.80559   1         633       64        0         14477     86400     28800     64800               
128       2         51.65435  5.11400   1         936       252       0         0         86400     28800     64800               
129       2         51.49492  5.15341   0         936       0         764       0         86400     28800     61199               
130       0         52.19586  6.03164   1         799       256       0         9793      86400     28800     64800               
131       1         51.97260  6.60853   1         955       175       0         0         86400     28800     64800               
132       0         52.24329  5.37632   1         872       294       0         8667      86400     28800     64800               
133       1         52.67331  6.17639   0         828       0         125       0         86400     36000     54000               
134       0         51.82498  5.01727   1         870       772       0         6380      86400     28800     64800               
135       0         51.89674  5.30059   0         625       0         117       0         86400     28800     57600               
136       2         51.32771  5.22903   1         764       11        0         4733      86400     28800     64800               
137       2         51.91043  4.38508   1         750       77        0         0         86400     28800     64800               
138       0         52.71765  4.79484   1         774       304       0         9292      86400     28800     64800               
139       2         52.29409  4.76482   1         800       99        0         0         86400     28800     64800               
140       2         51.59733  4.88733   0         699       0         292       0         57026     28800     61199               
141       2         52.27984  6.82468   1         771       269       0         0         86400     28800     64800               
142       2         52.64268  5.91158   1         1040      162       0         0         86400     28800     64800               
143       2         51.66924  4.53794   0         959       0         370       0         60766     50399     54000               
144       0         51.95949  4.84688   1         871       175       0         16440     86400     28800     64800               
145       2         51.49586  3.67376   1         766       775       0         0         86400     28800     64800               
146       2         51.75432  4.61839   1         902       169       0         0         86400     28800     64800               
147       1         53.04604  5.38276   1         818       84        0         22939     86400     28800     64800               
148       1         53.26246  6.17239   1         543       114       0         0         86400     28800     64800               
149       0         51.86324  4.59185   1         656       207       0         12949     86400     28800     64800               
150       2         51.85027  4.71557   1         703       440       0         0         86400     28800     64800               
151       2         51.46789  5.66775   0         759       0         331       0         86400     39599     61199               
152       2         52.18082  4.44926   1         843       225       0         0         86400     28800     64800               
153       0         52.16830  5.33037   1         781       100       0         16464     86400     28800     64800               
154       2         51.34129  5.28919   0         673       0         14        0         65749     28800     50399               
155       0         52.07965  4.50398   0         1007      0         959       0         68513     39599     61199               
156       0         52.32459  6.90464   0         810       0         206       0         70020     28800     64800               
157       0         52.08148  5.25681   1         649       126       0         0         86400     28800     64800               
158       0         52.47463  4.75132   1         927       163       0         13491     86400     28800     64800               
159       0         52.34505  4.59364   1         903       386       0         19920     86400     28800     64800               
160       0         52.25791  4.93563   0         856       0         20        0         75270     28800     61199               
161       2         51.86360  6.23763   1         894       727       0         0         86400     28800     64800               
162       0         52.04059  5.63802   1         735       97        0         15414     86400     28800     64800               
163       0         51.87087  4.52703   1         998       214       0         16031     86400     28800     64800               
164       0         52.15065  4.41840   1         1085      220       0         8755      86400     28800     64800               
165       1         52.47296  6.12243   1         829       118       0         0         86400     28800     64800               
166       0         52.71962  4.77777   1         688       785       0         0         86400     28800     64800               
167       0         52.05280  5.51482   1         829       769       0         38368     86400     28800     64800               
168       1         53.33383  5.79781   1         805       110       0         0         86400     28800     64800               
169       0         52.21451  6.02950   1         893       124       0         4744      86400     28800     64800               
170       2         51.91061  4.43261   1         829       2257      0         20830     86400     28800     64800               
171       2         51.61627  4.86630   0         1093      0         760       0         56897     28800     57600               
172       2         51.70230  5.03039   0         826       0         92        0         68815     54000     57600               
173       1         52.00816  4.44397   1         777       1411      0         0         86400     28800     64800               
174       0         51.97476  6.22778   1         812       335       0         0         86400     28800     64800               
175       2         51.61254  4.39447   0         1027      0         267       0         86400     28800     57600               
176       0         51.96402  4.44660   1         850       94        0         14226     86400     28800     64800               
177       0         52.29130  4.77331   0         753       0         863       0         79221     28800     64800               
178       0         52.62965  4.74184   0         874       0         611       0         67288     28800     61199               
179       0         51.79824  4.60379   1         807       327       0         0         86400     28800     64800               
180       2         51.68798  5.24344   1         841       82        0         23325     86400     28800     64800               
181       0         52.41356  4.73003   0         695       0         595       0         71871     28800     57600               
182       0         52.26841  4.61267   1         1145      928       0         0         86400     28800     54000               
183       0         53.16971  6.75442   1         823       2774      0         0         86400     28800     64800               
184       2         51.29809  5.62877   0         889       0         361       0         63852     54000     61199               
185       0         51.03213  5.78350   0         715       0         1496      0         86400     28800     57600               
186       0         52.04470  4.61059   0         617       0         2165      0         86400     46800     61199               
187       0         52.11862  5.02808   1         820       413       0         20065     86400     28800     64800               
188       2         51.90152  5.84468   1         682       48        0         0         86400     28800     64800               
189       0         52.38546  5.19122   0         881       0         959       0         58776     32400     57600               
190       2         52.21877  4.44489   1         701       2520      0         0         86400     28800     64800               
191       1         51.99199  6.29889   1         652       93        0         0         86400     28800     64800               
192       0         51.95397  4.59225   1         879       810       0         7742      86400     28800     64800               
193       2         51.96612  4.68274   1         1107      1414      0         0         86400     28800     64800               
194       2         52.13243  6.20784   1         763       2135      0         6674      86400     28800     64800               
195       1         52.30496  6.93230   0         1003      0         252       0         48296     36000     50399               
196       1         51.95916  6.60246   0         940       0         53        0         57685     28800     61199               
197       0         51.96703  5.06640   1         980       125       0         7227      86400     28800     64800               
198       2         51.51460  6.03540   1         821       102       0         0         86400     28800     64800               
199       2         51.45815  5.70966   1         764       86        0         0         86400     28800     64800               
200       2         51.46879  5.46517   0         795       0         773       0         64092     28800     61199               
201       0         51.95885  4.50153   1         525       721       0         14260     86400     39599     64800               
202       2         51.59778  4.71449   0         866       0         678       0         69575     30600     59400               
203       2         52.15760  6.19077   1         866       140       0         0         86400     28800     64800               
204       0         51.91546  6.16467   1         718       713       0         44799     86400     28800     64800               
205       1         52.49910  6.13515   1         757       622       0         0         86400     28800     64800               
206       2         51.47935  5.38243   1         717       470       0         13418     86400     28800     64800               
207       2         52.00811  5.58272   0         630       0         184       0         86400     28800     57600               
208       1         52.34624  4.75134   1         1006      1090      0         0         86400     28800     64800               