NL_WE_4_R 2 6 13 205

[Vehicle Types] - ID_veh_type, fixed_cost, variable_cost, speed, capacity, alpha, beta, max_time, max_drive_time
0         20        1.5       70        3200      2240      2240      46800     32400     
1         20        2.25      50        13600     9520      9520      46800     32400       

[Number of Vehicle Types] - ID_veh_type, ID_depot, number_of_vehicles
0	0	4
0	1	2
0	2	5
1	0	10
1	1	4
1	2	6

[Scheduled Lines] - ID_from, ID_to, cost_per_req, capacity, dep_time, arr_time
0	1	0.01	3200	3600	10800
0	1	0.01	3200	59400	66600
0	2	0.023	3200	1800	7200
0	2	0.023	3200	68400	75600
1	0	0.01	3200	52200	57600
1	0	0.01	3200	82800	86400
1	2	0.016	3200	0	    9000
1	2	0.016	3200	57600	68400
2   0   0.023   3200   0       5400
2	0	0.023	3200	7200	11880
2	0	0.023	3200	71100	77400
2   1   0.016   3200   0       9000
2	1	0.016	3200	7200	16200

[Nodes/requests]: ID_node, ID_depot, lat, long, type, service_time, q_del, q_col, tw_depot_start, tw_depot_end, tw_cust_start, tw_cust_end, PC
0         0         52.00198  5.61217   -1        0         0         0         0         86400     0         86400
1         1         52.26788  6.92009   -1        0         0         0         0         86400     0         86400
2         2         51.54187  5.06571   -1        0         0         0         0         86400     0         86400
3         2         51.88516  4.47033   1         781       160       0         25053     86400     28800     64800               
4         0         52.35527  4.84594   1         881       747       0         0         86400     28800     64800               
5         0         51.82932  4.97578   1         891       709       0         0         86400     28800     64800               
6         0         52.37043  4.90202   1         700       87        0         0         86400     28800     64800               
7         0         51.95163  6.27036   0         1014      0         676       0         74523     28800     61199               
8         0         51.14782  5.89317   0         962       0         535       0         86400     32400     57600               
9         2         51.49548  5.43434   1         817       69        0         25681     86400     28800     64800               
10        2         51.47992  5.42324   1         927       279       0         16961     86400     28800     64800               
11        0         52.27617  4.70163   1         769       665       0         18255     86400     28800     64800               
12        0         51.86527  4.30926   1         923       201       0         14692     86400     28800     64800               
13        0         52.53074  6.08968   1         729       60        0         0         86400     28800     64800               
14        0         51.72940  4.67157   1         632       308       0         15926     86400     28800     64800               
15        0         53.19379  6.62076   0         798       0         1344      0         86400     54000     59400               
16        0         52.04666  4.55439   1         916       155       0         12074     86400     28800     64800               
17        2         51.57365  4.97858   1         767       2739      0         0         86400     43200     61199               
18        2         51.58445  5.32248   1         897       1551      0         17469     86400     28800     64800               
19        2         51.37586  5.75070   0         765       0         881       0         76903     28800     57600               
20        0         52.43463  5.21229   0         776       0         121       0         70957     28800     57600               
21        2         51.69078  5.86679   1         1037      193       0         0         86400     28800     64800               
22        0         51.92414  6.46024   1         923       179       0         0         86400     28800     64800               
23        0         52.97915  6.96956   0         837       0         688       0         86400     28800     57600               
24        0         51.94534  4.98903   1         976       560       0         0         86400     28800     64800               
25        0         51.84786  4.98887   1         825       2347      0         0         86400     28800     64800               
26        2         51.44774  5.38131   0         1091      0         511       0         65382     28800     61199               
27        0         52.40089  4.63819   1         829       262       0         0         86400     28800     64800               
28        0         52.37401  4.65273   1         772       1646      0         18765     86400     28800     64800               
29        2         51.45775  5.56203   0         838       0         1846      0         86400     50399     57600               
30        2         52.27536  4.70188   0         771       0         242       0         86400     28800     61199               
31        0         51.94509  4.58165   0         972       0         99        0         77488     28800     61199               
32        2         52.13805  5.47848   1         659       9         0         0         86400     28800     64800               
33        2         51.85639  4.35642   1         939       417       0         27909     86400     28800     64800               
34        2         51.88026  4.46000   1         1001      398       0         27973     86400     28800     64800               
35        0         52.37381  5.51181   1         850       457       0         15278     86400     28800     64800               
36        2         52.22274  5.48764   0         650       0         1654      0         86400     28800     61199               
37        0         52.01517  4.40042   1         802       375       0         0         86400     28800     64800               
38        2         51.46603  5.42887   0         887       0         810       0         80072     28800     57600               
39        2         51.51747  5.97564   1         833       67        0         0         86400     28800     64800               
40        0         51.59340  4.69750   0         822       0         105       0         86400     36000     59400               
41        1         53.22676  6.57865   1         653       376       0         0         86400     28800     64800               
42        2         51.46775  5.46231   1         780       92        0         0         86400     28800     64800               
43        0         52.03759  4.50699   1         807       420       0         19883     86400     28800     64800               
44        0         52.22826  5.97783   1         726       529       0         18648     86400     28800     64800               
45        2         51.54722  5.04695   1         828       175       0         24584     86400     28800     64800               
46        0         52.06987  4.55361   1         1049      324       0         0         86400     28800     64800               
47        1         52.23947  6.94433   1         1043      123       0         0         86400     28800     64800               
48        2         51.59692  5.04091   0         909       0         119       0         86400     36000     61199               
49        0         52.09052  5.05609   0         936       0         767       0         60246     28800     54000               
50        2         51.55610  4.43961   1         901       15        0         18851     86400     28800     64800               
51        0         52.21585  4.71932   1         848       549       0         0         86400     28800     64800               
52        0         51.87198  4.24951   1         1016      471       0         0         86400     28800     64800               
53        1         52.47878  5.40855   0         823       0         77        0         86400     28800     61199               
54        0         51.84644  4.68566   0         776       0         378       0         78476     36000     57600               
55        1         51.40479  6.08965   1         734       277       0         0         86400     28800     64800               
56        2         51.42227  5.42437   1         789       1409      0         24602     86400     28800     64800               
57        2         51.41952  5.41405   0         803       0         140       0         69136     32400     57600               
58        0         52.23245  4.47673   1         951       231       0         0         86400     28800     64800               
59        0         52.37530  4.64383   1         792       750       0         12493     86400     28800     32400               
60        0         52.28944  4.97767   1         812       96        0         0         86400     28800     64800               
61        1         53.14532  6.58110   1         750       194       0         0         86400     28800     64800               
62        0         51.82522  5.73456   1         947       354       0         0         86400     28800     64800               
63        0         52.48584  6.12500   1         881       70        0         0         86400     28800     64800               
64        1         52.34623  6.26932   0         654       0         758       0         59154     36000     57600               
65        2         51.81134  4.41292   1         916       453       0         0         86400     28800     64800               
66        0         53.22551  6.62200   1         1001      56        0         0         86400     28800     64800               
67        0         51.43812  5.68394   1         873       1458      0         0         86400     28800     64800               
68        0         52.16117  5.30755   1         737       66        0         17729     86400     28800     64800               
69        0         52.15503  5.25551   1         788       192       0         6012      86400     28800     64800               
70        0         51.52975  5.46692   1         808       410       0         0         86400     28800     64800               
71        2         51.66167  5.34589   0         977       0         1274      0         86400     36000     61199               
72        2         51.45651  5.45352   1         841       380       0         0         86400     28800     64800               
73        0         51.78082  4.63050   1         876       53        0         0         86400     28800     64800               
74        0         51.94215  4.26157   1         780       507       0         0         86400     28800     64800               
75        2         51.65031  4.65311   1         807       356       0         26354     86400     28800     64800               
76        2         51.58086  5.18626   0         674       0         163       0         86400     30600     61199               
77        2         51.34789  3.83476   1         772       108       0         17906     86400     28800     64800               
78        2         52.58421  4.74981   1         581       1748      0         0         86400     28800     43200               
79        2         51.59830  4.85131   0         1046      0         374       0         86400     50399     61199               
80        2         52.28401  4.76739   1         706       94        0         0         86400     28800     64800               
81        0         53.31414  6.00138   1         823       309       0         0         86400     28800     64800               
82        2         53.25241  5.65935   0         1150      0         1484      0         86400     28800     57600               
83        0         52.32299  4.93544   0         824       0         1802      0         66870     28800     54000               
84        0         51.89462  4.40561   0         578       0         361       0         75055     39599     61199               
85        2         53.19348  5.97950   1         699       430       0         0         86400     28800     64800               
86        0         52.24997  5.35196   1         556       663       0         0         86400     28800     64800               
87        2         51.66107  5.67440   0         826       0         176       0         77745     28800     61199               
88        0         52.43352  6.59542   0         996       0         850       0         78099     28800     57600               
89        2         51.71020  5.05555   0         1085      0         1430      0         86400     36000     61199               
90        0         52.42989  5.48948   0         786       0         970       0         86400     28800     64800               
91        0         52.01089  5.61939   1         609       1417      0         0         86400     28800     64800               
92        2         51.42191  3.72387   1         740       707       0         0         86400     28800     64800               
93        0         51.81858  5.78819   1         1027      742       0         0         86400     28800     64800               
94        0         52.29029  5.10883   0         917       0         1164      0         86400     46800     57600               
95        2         51.67806  5.95219   1         999       3273      0         0         86400     28800     64800               
96        2         51.34800  3.48458   1         718       156       0         0         86400     28800     64800               
97        2         51.43486  5.39328   1         948       3         0         13983     86400     28800     64800               
98        0         52.06107  4.42836   0         817       0         4         0         74011     36000     50399               
99        2         51.68811  5.16986   1         905       243       0         0         86400     28800     64800               
100       2         51.61811  5.46714   1         740       437       0         17113     86400     28800     64800               
101       0         52.61650  4.80240   0         916       0         387       0         77586     28800     57600               
102       2         51.70154  4.60179   1         491       310       0         13297     86400     28800     64800               
103       2         51.74656  5.29803   0         880       0         324       0         76836     28800     61199               
104       2         51.63055  5.65913   0         898       0         299       0         86400     28800     57600               
105       1         53.16943  6.37303   1         808       223       0         0         86400     28800     64800               
106       1         53.21146  6.60541   0         925       0         3299      0         86400     54000     59400               
107       0         52.39886  4.79483   1         1116      702       0         0         86400     28800     64800               
108       0         52.72237  5.91641   1         771       900       0         0         86400     28800     64800               
109       1         52.07739  6.54945   1         851       266       0         0         86400     28800     64800               
110       2         51.58457  5.00404   1         826       131       0         0         86400     28800     64800               
111       0         51.82569  4.58205   1         900       219       0         0         86400     28800     64800               
112       0         51.90854  4.44854   1         687       1209      0         0         86400     28800     64800               
113       2         51.50086  5.40348   0         876       0         623       0         64257     28800     61199               
114       2         51.62632  5.00515   0         870       0         186       0         76497     54000     61199               
115       0         52.70708  4.84714   1         661       191       0         0         86400     28800     64800               
116       0         51.86508  5.65768   1         622       1452      0         0         86400     28800     64800               
117       2         51.37382  5.27921   0         1016      0         1454      0         86400     28800     43200               
118       2         51.57464  4.61319   1         877       453       0         24598     86400     28800     64800               
119       2         51.54093  4.07809   1         1100      704       0         0         86400     28800     64800               
120       0         52.03202  5.10994   1         931       177       0         0         86400     28800     64800               
121       0         53.14829  6.49881   1         1032      304       0         0         86400     28800     64800               
122       0         52.04728  5.09402   1         924       2810      0         0         86400     28800     64800               
123       0         51.44102  5.46469   0         709       0         289       0         74528     28800     61199               
124       1         52.16804  6.76840   1         795       493       0         10190     86400     28800     64800               
125       2         51.60577  5.25642   1         738       475       0         0         86400     28800     64800               
126       2         52.73865  6.47608   1         657       88        0         0         86400     28800     64800               
127       0         52.30765  4.85676   1         920       338       0         0         86400     28800     64800               
128       0         51.81516  5.77123   0         599       0         22        0         86400     28800     50399               
129       0         52.00538  5.64791   1         885       341       0         0         86400     28800     64800               
130       2         51.59983  5.52990   0         784       0         174       0         86400     28800     61199               
131       1         52.19431  6.85758   1         867       751       0         0         86400     28800     64800               
132       2         51.19202  6.04990   1         905       1065      0         0         86400     28800     64800               
133       2         51.62595  4.56317   0         941       0         714       0         70103     50399     54000               
134       0         51.83523  4.70134   0         646       0         1301      0         67627     28800     61199               
135       0         51.85688  5.33763   0         942       0         950       0         70302     28800     57600               
136       1         52.80888  6.48729   1         1054      220       0         0         86400     28800     64800               
137       0         52.44776  4.74011   1         909       645       0         0         86400     28800     64800               
138       1         53.09522  6.12896   1         645       253       0         0         86400     28800     64800               
139       0         52.21176  5.25321   1         764       176       0         14732     86400     28800     64800               
140       0         51.57540  4.99692   0         1096      0         1531      0         86400     46800     61199               
141       0         52.01193  5.58812   0         757       0         1786      0         54826     28800     59400               
142       0         51.82681  5.81960   1         899       109       0         0         86400     28800     64800               
143       2         51.67856  5.93516   1         936       84        0         24295     86400     28800     64800               
144       2         51.86105  5.84762   1         889       380       0         0         86400     28800     64800               
145       2         51.41015  5.38708   0         681       0         163       0         72532     32400     59400               
146       1         53.00954  5.91418   1         871       324       0         0         86400     28800     64800               
147       2         51.58975  5.22457   0         755       0         557       0         86400     32400     57600               
148       0         52.34369  5.00324   1         914       877       0         3776      86400     28800     64800               
149       0         51.91712  5.52355   1         830       113       0         0         86400     28800     64800               
150       0         51.84540  4.56718   1         728       75        0         6123      86400     28800     64800               
151       0         52.37384  4.91632   1         754       101       0         0         86400     28800     64800               
152       2         51.47880  5.95077   1         831       406       0         13720     86400     28800     64800               
153       1         52.32028  6.73033   0         721       0         390       0         58244     28800     64800               
154       2         51.76943  5.54266   1         886       197       0         26989     86400     28800     64800               
155       0         52.33115  5.05118   1         855       1442      0         0         86400     28800     64800               
156       0         52.06875  6.61488   1         808       724       0         0         86400     28800     64800               
157       0         52.15904  5.95726   1         779       154       0         16317     86400     28800     64800               
158       0         51.83213  5.74053   0         938       0         717       0         77679     43200     61199               
159       0         52.05333  4.39268   1         870       313       0         0         86400     28800     64800               
160       0         51.91627  5.76951   1         943       342       0         0         86400     28800     64800               
161       1         53.20908  6.62414   1         937       219       0         0         86400     28800     64800               
162       0         51.97389  5.55342   0         673       0         152       0         50570     28800     61199               
163       0         52.09731  5.06572   1         924       2399      0         12651     86400     28800     32400               
164       0         51.82583  4.99845   1         819       222       0         18159     86400     28800     64800               
165       0         52.01246  5.14723   0         690       0         846       0         62340     28800     55799               
166       0         52.24783  4.52969   1         605       350       0         0         86400     28800     64800               
167       0         51.49995  4.22791   0         976       0         640       0         80399     28800     64800               
168       2         51.70253  5.05646   0         761       0         284       0         76762     34199     61199               
169       0         51.49819  5.37526   0         732       0         358       0         76739     47520     64800               
170       1         51.33879  5.48470   1         714       707       0         0         86400     28800     43200               
171       0         52.35069  5.23061   1         760       1442      0         16039     86400     28800     64800               
172       2         53.20249  5.85505   1         1129      185       0         0         86400     28800     64800               
173       0         52.06856  5.13015   1         1009      137       0         0         86400     28800     64800               
174       0         52.08590  4.37912   1         938       32        0         0         86400     28800     64800               
175       2         51.53157  6.02925   1         1122      137       0         0         86400     28800     55799               
176       0         52.36253  4.78629   1         719       412       0         11136     86400     28800     64800               
177       2         51.47701  5.48226   1         703       649       0         26658     86400     28800     64800               
178       0         52.06362  4.46372   0         667       0         590       0         86400     37800     61199               
179       0         52.34492  5.64016   1         849       918       0         0         86400     28800     64800               
180       0         52.01480  4.40700   0         1077      0         231       0         66528     30600     59400               
181       0         52.34972  5.18321   0         745       0         135       0         59712     30600     57600               
182       2         51.84564  4.46014   0         785       0         206       0         86400     28800     54000               
183       0         52.24010  5.49747   0         643       0         2114      0         58658     28800     57600               
184       2         51.58698  5.15167   1         862       2556      0         0         86400     28800     64800               
185       2         51.50927  4.23841   1         802       49        0         0         86400     28800     64800               
186       2         52.24896  5.38387   1         869       81        0         0         86400     28800     64800               
187       2         51.70378  5.30416   1         1141      506       0         0         86400     28800     64800               
188       1         53.11289  6.09731   1         687       391       0         10095     86400     28800     64800               
189       2         51.79546  4.60398   0         842       0         76        0         86400     28800     63000               
190       1         52.38636  6.58996   1         814       496       0         0         86400     28800     64800               
191       2         51.51736  5.39440   1         961       401       0         0         86400     28800     64800               
192       0         52.18979  5.20461   1         1022      755       0         12555     86400     28800     64800               
193       2         51.37469  6.14452   0         898       0         941       0         69078     30600     61199               
194       0         52.10734  5.45971   0         660       0         1414      0         65748     28800     57600               
195       2         51.83645  5.02383   0         690       0         378       0         86400     28800     61199               
196       2         51.67014  4.71602   0         887       0         101       0         86400     39599     55799               
197       2         51.53626  5.49994   0         885       0         127       0         86400     30600     57600               
198       0         51.99711  4.58805   1         1016      311       0         0         86400     28800     64800               
199       2         51.56183  4.42798   1         747       884       0         25344     86400     28800     64800               
200       1         52.50072  6.48399   1         928       736       0         0         86400     28800     64800               
201       1         51.97509  6.33586   1         923       3         0         10230     86400     28800     64800               
202       0         52.72442  4.80888   1         901       139       0         0         86400     28800     64800               
203       2         51.37545  5.17061   1         810       571       0         0         86400     28800     64800               
204       0         52.06672  4.43242   1         858       187       0         11489     86400     28800     64800               