NL_WE_3_R 2 6 13 141

[Vehicle Types] - ID_veh_type, fixed_cost, variable_cost, speed, capacity, alpha, beta, max_time, max_drive_time
0         20        1.5       70        3200      2240      2240      46800     32400     
1         20        2.25      50        13600     9520      9520      46800     32400       

[Number of Vehicle Types] - ID_veh_type, ID_depot, number_of_vehicles
0	0	4
0	1	2
0	2	5
1	0	10
1	1	4
1	2	6

[Scheduled Lines] - ID_from, ID_to, cost_per_req, capacity, dep_time, arr_time
0	1	0.01	3200	3600	10800
0	1	0.01	3200	59400	66600
0	2	0.023	3200	1800	7200
0	2	0.023	3200	68400	75600
1	0	0.01	3200	52200	57600
1	0	0.01	3200	82800	86400
1	2	0.016	3200	0	    9000
1	2	0.016	3200	57600	68400
2   0   0.023   3200   0       5400
2	0	0.023	3200	7200	11880
2	0	0.023	3200	71100	77400
2   1   0.016   3200   0       9000
2	1	0.016	3200	7200	16200

[Nodes/requests]: ID_node, ID_depot, lat, long, type, service_time, q_del, q_col, tw_depot_start, tw_depot_end, tw_cust_start, tw_cust_end, PC
0         0         52.01695  5.60845   -1        0         0         0         0         86400     0         86400
1         1         52.27050  6.91232   -1        0         0         0         0         86400     0         86400
2         2         51.55373  5.00881   -1        0         0         0         0         86400     0         86400
3         2         51.68078  6.02141   0         818       0         2202      0         75373     28800     64800               
4         0         52.29552  6.88272   0         868       0         362       0         86400     54000     57600               
5         0         51.86346  4.61657   0         855       0         1151      0         57657     28800     57600               
6         0         52.09933  4.88450   1         822       134       0         0         86400     28800     64800               
7         0         52.49692  6.19513   0         1127      0         557       0         69876     28800     64800               
8         2         51.17415  5.93671   1         823       672       0         0         86400     28800     36000               
9         1         52.20938  6.88079   1         1041      474       0         10705     86400     28800     64800               
10        1         53.24028  6.84058   1         1008      248       0         0         86400     28800     64800               
11        2         51.45637  5.55460   0         766       0         876       0         72771     50399     57600               
12        0         51.91965  4.44355   1         985       143       0         0         86400     28800     61199               
13        0         51.86664  5.75667   0         884       0         1792      0         76110     43200     61199               
14        2         52.15773  5.28354   1         737       387       0         0         86400     28800     64800               
15        0         52.25939  4.56198   1         996       1154      0         0         86400     28800     64800               
16        2         51.87648  4.25727   1         941       51        0         0         86400     28800     52200               
17        0         51.82540  4.69923   1         917       152       0         15634     86400     28800     64800               
18        1         52.74307  6.92331   0         878       0         1147      0         86400     28800     52200               
19        2         52.20836  5.20037   1         1107      747       0         0         86400     28800     64800               
20        2         51.69761  4.13341   1         880       359       0         0         86400     28800     64800               
21        2         51.59025  5.65537   0         760       0         117       0         63996     36000     57600               
22        0         52.60362  4.75193   1         779       492       0         17749     86400     28800     64800               
23        0         52.42922  5.79722   1         884       117       0         13844     86400     28800     64800               
24        1         52.24011  6.85027   1         942       589       0         0         86400     28800     64800               
25        0         52.52444  6.16964   0         819       0         1124      0         71661     28800     64800               
26        2         51.34256  5.77137   1         549       108       0         20273     86400     28800     64800               
27        2         51.93336  6.39545   1         803       1693      0         0         86400     28800     64800               
28        0         52.40004  5.81977   1         879       102       0         14025     86400     28800     64800               
29        2         52.33856  4.79690   1         655       181       0         0         86400     28800     64800               
30        0         52.54122  6.14887   0         869       0         1495      0         69319     28800     64800               
31        0         51.79667  4.59072   0         967       0         100       0         77595     28800     61199               
32        0         52.38817  4.62934   1         747       112       0         0         86400     28800     32400               
33        2         51.50478  5.41239   0         957       0         558       0         66886     54000     61199               
34        0         52.43162  4.85353   1         855       337       0         0         86400     28800     64800               
35        1         51.98256  6.58766   1         823       102       0         0         86400     28800     64800               
36        0         51.84552  5.75375   0         948       0         1545      0         47142     28800     61199               
37        1         52.11868  6.20133   1         943       2258      0         0         86400     28800     64800               
38        0         52.03513  4.40761   1         876       159       0         0         86400     28800     64800               
39        0         52.03370  4.40085   0         680       0         410       0         58179     37800     61199               
40        2         52.06057  4.56184   1         1003      722       0         0         86400     28800     64800               
41        0         51.99569  4.63793   0         827       0         219       0         86400     28800     43200               
42        0         52.21167  5.40719   0         783       0         2712      0         65569     28800     61199               
43        0         51.83663  5.73928   1         908       2873      0         0         86400     28800     64800               
44        0         51.50289  4.33782   0         1089      0         2862      0         86400     28800     61199               
45        1         52.55003  5.54262   0         802       0         586       0         86400     28800     61199               
46        0         52.16840  4.52181   1         735       192       0         0         86400     28800     64800               
47        0         52.43536  5.42982   1         893       335       0         0         86400     28800     64800               
48        0         52.41298  4.75225   1         917       188       0         0         86400     28800     64800               
49        0         52.35620  5.27254   1         891       107       0         14369     86400     28800     64800               
50        2         51.68177  5.77509   0         845       0         1487      0         74262     28800     57600               
51        0         52.21831  6.87498   1         823       191       0         0         86400     28800     64800               
52        0         51.82260  4.76738   1         731       75        0         13115     86400     28800     64800               
53        2         51.58218  5.42376   1         780       441       0         0         86400     28800     64800               
54        1         53.24918  6.55108   1         865       405       0         10482     86400     28800     64800               
55        2         51.91370  4.43040   0         657       0         2083      0         64329     28800     61199               
56        0         51.86355  4.66195   1         736       198       0         13118     86400     28800     64800               
57        0         51.99342  5.86156   0         1114      0         129       0         86400     32400     54000               
58        0         52.19522  5.41838   1         861       320       0         0         86400     28800     64800               
59        0         52.26798  6.76789   0         925       0         270       0         75235     44999     57600               
60        0         51.92940  6.58798   1         710       143       0         0         86400     28800     64800               
61        0         52.08031  4.74824   0         891       0         251       0         58738     28800     61199               
62        2         51.45747  5.56524   0         672       0         367       0         64256     28800     57600               
63        2         51.89997  4.47008   1         1069      268       0         0         86400     28800     64800               
64        2         51.30686  5.97806   1         718       993       0         0         86400     28800     64800               
65        1         53.21231  6.61922   1         768       272       0         0         86400     28800     64800               
66        0         52.46514  5.26746   0         807       0         1322      0         86400     28800     61199               
67        0         52.30198  4.69206   1         695       720       0         0         86400     28800     64800               
68        0         52.69506  4.82916   1         878       30        0         0         86400     28800     64800               
69        0         52.99006  6.57477   0         877       0         717       0         69968     28800     64800               
70        0         51.97032  5.93676   1         935       72        0         15725     86400     28800     64800               
71        2         51.56340  4.46925   1         911       206       0         10777     86400     28800     64800               
72        0         52.16455  5.94938   1         919       2346      0         13949     86400     28800     64800               
73        0         51.81767  5.76898   1         787       100       0         15674     86400     28800     64800               
74        0         52.27139  4.80977   0         1022      0         467       0         68714     30600     59400               
75        0         52.65744  4.95273   1         679       223       0         13376     86400     28800     64800               
76        0         51.87787  4.56361   1         796       546       0         0         86400     28800     64800               
77        1         53.18017  6.51385   1         892       171       0         0         86400     28800     64800               
78        0         52.24953  4.43293   1         961       183       0         15704     86400     28800     64800               
79        2         51.92386  5.46418   1         916       194       0         0         86400     28800     64800               
80        2         51.57942  5.13190   1         821       354       0         19721     86400     28800     64800               
81        0         52.39136  4.77701   1         1016      2303      0         0         86400     28800     64800               
82        2         51.54488  4.47758   1         952       846       0         0         86400     28800     64800               
83        2         51.58825  4.07703   1         1059      103       0         20007     86400     28800     64800               
84        0         52.45910  5.68681   1         921       725       0         0         86400     28800     64800               
85        0         51.28514  5.93612   0         789       0         769       0         86400     28800     59400               
86        2         51.59538  4.75564   0         896       0         757       0         66671     28800     56400               
87        0         52.04215  4.70278   1         690       63        0         11917     86400     28800     64800               
88        2         52.11862  4.25280   0         819       0         1912      0         63548     28800     61199               
89        2         51.41912  6.05020   1         987       106       0         23329     86400     28800     64800               
90        2         51.62329  5.62720   1         1111      360       0         18829     86400     28800     64800               
91        0         52.41780  4.57909   1         809       121       0         18337     86400     28800     64800               
92        0         52.39004  5.85005   1         955       108       0         14155     86400     28800     64800               
93        0         51.98745  4.72156   1         852       13        0         12544     86400     28800     64800               
94        0         51.91013  4.57969   0         782       0         1624      0         66342     28800     57600               
95        0         52.06601  5.26145   1         850       79        0         0         86400     28800     64800               
96        0         52.05280  4.56265   1         713       619       0         0         86400     28800     64800               
97        0         51.66247  4.89280   0         969       0         74        0         86400     50399     61199               
98        0         52.62239  4.72811   1         783       310       0         0         86400     28800     64800               
99        0         52.63985  4.77252   1         756       101       0         13961     86400     28800     64800               
100       0         52.38322  5.25029   0         741       0         160       0         58126     28800     55799               
101       0         52.04333  4.94759   1         768       228       0         18728     86400     28800     64800               
102       0         52.28722  4.54785   0         574       0         186       0         68940     28800     57600               
103       0         51.86808  5.28150   1         934       228       0         18733     86400     28800     64800               
104       0         52.62063  4.70751   0         793       0         55        0         62871     28800     61199               
105       0         52.04945  4.88476   1         895       2306      0         0         86400     32400     57600               
106       0         52.60897  4.76683   1         941       765       0         17635     86400     28800     64800               
107       2         53.29315  6.61901   1         912       974       0         0         86400     28800     64800               
108       2         51.44875  5.39903   0         602       0         48        0         86400     32400     57600               
109       2         51.28549  5.75556   0         730       0         731       0         86400     32400     61199               
110       0         52.41853  4.78376   0         866       0         3267      0         86400     28800     57600               
111       2         51.42958  5.38347   0         795       0         1748      0         63870     28800     61199               
112       2         51.69979  5.66138   0         845       0         231       0         82395     28800     61199               
113       2         51.41705  5.56960   0         878       0         58        0         86400     50399     57600               
114       0         51.86402  4.63905   0         1005      0         835       0         64393     28800     57600               
115       2         51.32928  6.19803   1         718       10        0         0         86400     28800     64800               
116       2         51.15707  6.03530   0         836       0         216       0         73835     28800     64800               
117       1         52.04386  6.64480   1         793       227       0         10082     86400     28800     64800               
118       0         52.18018  4.72067   1         897       2         0         12930     86400     28800     64800               
119       2         51.78893  5.28765   0         779       0         203       0         74922     28800     57600               
120       0         52.34616  5.97885   0         1064      0         272       0         86400     39599     61199               
121       2         51.38010  5.40385   1         928       244       0         23869     86400     28800     64800               
122       2         51.57759  4.45760   0         825       0         218       0         86400     28800     57600               
123       0         52.37166  4.89762   1         926       31        0         12326     86400     28800     64800               
124       0         52.38388  4.72704   1         1003      230       0         18817     86400     28800     64800               
125       0         52.65995  4.72525   1         888       393       0         11269     86400     28800     64800               
126       0         52.32848  5.96170   0         672       0         156       0         69580     39599     61199               
127       1         52.33486  5.99542   1         779       164       0         10510     86400     28800     64800               
128       0         51.92540  5.22016   1         911       1146      0         0         86400     28800     64800               
129       2         51.28932  5.32307   1         887       473       0         0         86400     28800     64800               
130       2         51.31824  3.73101   0         832       0         111       0         86400     28800     61199               
131       0         51.63081  4.84997   0         734       0         771       0         77013     50399     61199               
132       2         52.16352  5.24147   1         813       925       0         0         86400     28800     64800               
133       0         51.99250  4.26189   1         641       136       0         12391     86400     28800     64800               
134       2         52.36660  5.19593   0         785       0         142       0         75255     32400     57600               
135       0         52.11952  5.53310   1         964       93        0         18334     86400     28800     64800               
136       2         51.54284  4.22360   1         750       140       0         19108     86400     28800     64800               
137       2         51.89779  4.38383   1         872       565       0         20460     86400     28800     64800               
138       0         52.37263  6.52421   0         764       0         285       0         71958     28800     50399               
139       2         51.57296  4.48186   1         1047      925       0         0         86400     28800     64800               
140       0         52.16685  5.20910   1         920       1531      0         13533     86400     28800     64800               