NL_WE_2_R 2 6 13 217

[Vehicle Types] - ID_veh_type, fixed_cost, variable_cost, speed, capacity, alpha, beta, max_time, max_drive_time
0         20        1.5       70        3200      2240      2240      46800     32400     
1         20        2.25      50        13600     9520      9520      46800     32400       

[Number of Vehicle Types] - ID_veh_type, ID_depot, number_of_vehicles
0	0	4
0	1	2
0	2	5
1	0	10
1	1	4
1	2	6

[Scheduled Lines] - ID_from, ID_to, cost_per_req, capacity, dep_time, arr_time
0	1	0.01	3200	3600	10800
0	1	0.01	3200	59400	66600
0	2	0.023	3200	1800	7200
0	2	0.023	3200	68400	75600
1	0	0.01	3200	52200	57600
1	0	0.01	3200	82800	86400
1	2	0.016	3200	0	    9000
1	2	0.016	3200	57600	68400
2   0   0.023   3200   0       5400
2	0	0.023	3200	7200	11880
2	0	0.023	3200	71100	77400
2   1   0.016   3200   0       9000
2	1	0.016	3200	7200	16200

[Nodes/requests]: ID_node, ID_depot, lat, long, type, service_time, q_del, q_col, tw_depot_start, tw_depot_end, tw_cust_start, tw_cust_end, PC
0         0         52.01981  5.63279   -1        0         0         0         0         86400     0         86400
1         1         52.26749  6.93692   -1        0         0         0         0         86400     0         86400
2         2         51.50405  5.04833   -1        0         0         0         0         86400     0         86400
3         0         52.10614  5.07412   0         791       0         319       0         64768     32400     54000               
4         0         51.94482  4.42292   1         580       157       0         16304     86400     28800     64800               
5         1         52.03291  6.61339   1         788       237       0         9734      86400     28800     64800               
6         0         52.02433  4.66518   0         729       0         1491      0         86400     28800     43200               
7         2         51.55621  4.75299   0         804       0         459       0         66603     32400     57600               
8         0         52.48043  5.50488   1         812       23        0         0         86400     28800     64800               
9         2         51.22453  5.97460   0         919       0         195       0         86400     28800     57600               
10        2         52.17388  5.12179   1         990       72        0         0         86400     28800     64800               
11        2         51.63553  4.70456   0         900       0         85        0         73190     46800     59400               
12        0         52.24470  6.91728   1         749       374       0         0         86400     28800     64800               
13        2         51.49198  4.22131   0         771       0         77        0         77184     28800     54000               
14        0         52.38008  4.71390   0         795       0         385       0         77294     36000     61199               
15        2         53.02264  7.14594   1         747       354       0         0         86400     28800     64800               
16        2         51.59384  5.06441   0         752       0         1934      0         86400     54000     57600               
17        2         51.57025  5.97345   0         876       0         258       0         86400     28800     57600               
18        2         51.59204  5.50183   0         861       0         283       0         86400     28800     57600               
19        2         51.48328  5.32280   1         671       1172      0         0         86400     28800     64800               
20        2         51.80454  4.61491   1         592       64        0         0         86400     28800     64800               
21        0         52.42073  4.75720   0         925       0         196       0         57659     36000     61199               
22        0         52.20196  4.61923   0         673       0         1144      0         86400     32400     57600               
23        1         52.52166  5.52014   0         795       0         200       0         57349     28800     61199               
24        0         52.28887  5.97714   0         771       0         180       0         75342     28800     57600               
25        2         51.58773  4.99858   1         971       581       0         10264     86400     28800     64800               
26        0         52.11666  5.30666   0         822       0         598       0         74920     39599     54000               
27        2         51.51237  4.51085   0         779       0         713       0         78372     28800     57600               
28        2         51.99577  4.31454   1         1112      105       0         0         86400     28800     64800               
29        0         51.93234  4.59254   1         840       240       0         0         86400     28800     64800               
30        0         52.04341  5.62876   1         825       114       0         19977     86400     28800     64800               
31        0         52.30365  6.52382   0         634       0         370       0         86400     28800     61199               
32        0         51.81161  4.66807   0         824       0         933       0         70800     28800     57600               
33        2         51.80935  4.48958   0         810       0         241       0         59386     32400     61199               
34        2         51.77863  4.59153   1         681       956       0         0         86400     28800     64800               
35        0         53.18924  6.74003   1         949       962       0         0         86400     28800     64800               
36        0         52.04599  4.53491   1         820       1240      0         0         86400     28800     64800               
37        2         51.19962  6.04679   0         931       0         748       0         75598     50399     59400               
38        2         51.33505  5.48020   0         920       0         136       0         86400     28800     57600               
39        1         51.94417  6.27853   1         895       373       0         0         86400     28800     64800               
40        2         52.19444  5.96861   1         788       354       0         0         86400     28800     64800               
41        0         52.36711  4.88975   1         1049      2078      0         0         86400     28800     64800               
42        0         52.05567  5.11977   1         833       1152      0         7756      86400     28800     64800               
43        0         52.35758  4.87859   1         901       410       0         0         86400     28800     64800               
44        2         51.81836  5.25572   1         860       143       0         0         86400     28800     64800               
45        1         52.24174  6.57601   1         825       190       0         21999     86400     28800     64800               
46        1         52.13473  6.73920   1         784       957       0         0         86400     28800     64800               
47        0         51.99240  4.49616   1         711       35        0         8783      86400     28800     64800               
48        2         51.53163  5.59453   0         1041      0         719       0         65610     28800     61199               
49        2         52.07264  4.30097   1         932       89        0         0         86400     28800     64800               
50        2         51.60539  5.53803   1         736       523       0         0         86400     35100     38700               
51        2         52.26473  6.88923   1         752       712       0         0         86400     28800     64800               
52        0         52.14870  5.57629   1         863       22        0         12736     86400     28800     64800               
53        2         52.73758  6.50225   1         1006      227       0         0         86400     28800     64800               
54        0         52.74808  6.50429   0         924       0         92        0         76210     28800     64800               
55        1         52.44398  6.06471   1         892       201       0         0         86400     28800     64800               
56        2         51.57298  4.61357   0         956       0         603       0         68066     46800     57600               
57        0         52.44096  4.83179   1         742       21        0         0         86400     28800     64800               
58        0         52.85675  5.73909   1         728       104       0         6856      86400     28800     64800               
59        2         52.38378  6.33298   1         925       82        0         0         86400     28800     64800               
60        1         52.30783  6.89061   1         1031      85        0         0         86400     28800     64800               
61        0         51.98948  4.55060   0         934       0         1265      0         86400     28800     57600               
62        2         51.39846  5.32916   1         860       57        0         10742     86400     28800     64800               
63        0         52.12360  5.10224   1         727       124       0         0         86400     28800     64800               
64        0         52.03179  4.48592   1         854       236       0         15174     86400     28800     64800               
65        0         52.05354  4.38702   1         755       590       0         20695     86400     28800     64800               
66        2         52.04852  4.56826   0         910       0         275       0         55749     41400     61199               
67        1         51.93985  6.47006   1         845       1489      0         0         86400     28800     64800               
68        2         51.59720  4.91873   0         739       0         351       0         86400     30600     59400               
69        0         52.26025  6.71321   0         616       0         880       0         65624     28800     57600               
70        2         51.90726  5.95956   1         633       125       0         0         86400     28800     64800               
71        2         51.58183  5.03265   0         874       0         2215      0         86400     32400     57600               
72        0         51.81982  4.97356   1         721       100       0         0         86400     28800     64800               
73        0         52.18671  5.34422   1         948       127       0         0         86400     28800     64800               
74        0         52.16480  5.60606   1         1044      200       0         0         86400     28800     64800               
75        1         52.52960  5.51715   1         845       775       0         0         86400     28800     64800               
76        1         53.19426  6.73101   1         552       752       0         0         86400     28800     64800               
77        2         51.82771  4.32688   1         909       42        0         0         86400     28800     64800               
78        1         52.94779  5.88220   1         929       38        0         9746      86400     28800     64800               
79        0         52.51271  6.04753   0         1060      0         491       0         68912     28800     57600               
80        1         52.33097  6.52173   1         760       187       0         0         86400     28800     64800               
81        0         52.51278  5.99989   1         788       61        0         0         86400     28800     64800               
82        0         51.84744  4.52595   1         649       92        0         0         86400     28800     64800               
83        0         52.60830  4.90527   1         690       386       0         0         86400     28800     64800               
84        2         51.57982  5.50048   1         967       1050      0         0         86400     28800     64800               
85        0         52.12616  5.07651   1         733       3026      0         0         86400     28800     64800               
86        0         51.82303  4.67991   0         901       0         769       0         75692     32400     61199               
87        0         52.32899  4.80644   1         955       2744      0         12219     86400     28800     64800               
88        0         52.07253  5.32565   1         891       1221      0         0         86400     28800     64800               
89        0         51.95385  4.22551   1         975       279       0         5870      86400     28800     64800               
90        2         51.33047  5.86477   0         1020      0         490       0         67949     43200     61199               
91        0         52.16315  5.36000   1         959       276       0         0         86400     28800     64800               
92        0         52.45582  5.49778   1         880       722       0         0         86400     28800     64800               
93        2         51.35490  6.16935   1         753       362       0         0         86400     28800     64800               
94        2         51.81413  4.24513   1         695       182       0         24791     86400     28800     64800               
95        0         52.72149  6.54730   0         795       0         222       0         86400     28800     64800               
96        0         52.07914  6.05722   1         817       1381      0         19798     86400     28800     64800               
97        0         51.98122  4.42482   1         1011      47        0         8574      86400     28800     64800               
98        2         51.82124  4.61280   1         585       132       0         20004     86400     28800     64800               
99        2         51.61150  4.68984   0         815       0         18        0         86400     46800     59400               
100       2         51.74726  4.55361   1         1059      130       0         0         86400     28800     64800               
101       0         51.83051  4.97814   0         915       0         429       0         86400     28800     57600               
102       0         51.87507  4.60943   1         902       251       0         11856     86400     28800     64800               
103       0         51.80398  4.66757   1         917       232       0         0         86400     28800     64800               
104       2         51.32853  3.88039   1         970       108       0         24034     86400     28800     64800               
105       0         51.87216  5.72339   1         825       1240      0         0         86400     28800     64800               
106       2         51.45341  5.39782   0         621       0         65        0         86400     28800     57600               
107       2         51.71937  4.90130   1         805       337       0         19365     86400     28800     64800               
108       1         52.27762  6.64862   1         497       2380      0         0         86400     28800     64800               
109       0         52.32286  6.93258   1         925       739       0         0         86400     28800     64800               
110       1         53.17957  6.58043   1         628       725       0         9750      86400     28800     64800               
111       2         52.34283  5.14752   1         776       942       0         0         86400     28800     64800               
112       0         51.87770  5.35192   1         1035      82        0         8345      86400     28800     64800               
113       0         51.91227  4.37394   1         738       55        0         16215     86400     28800     64800               
114       2         51.61500  4.75783   0         882       0         349       0         86400     53400     55799               
115       2         51.87735  4.58161   1         806       356       0         0         86400     28800     64800               
116       2         51.19643  6.06635   0         872       0         173       0         86400     28800     61199               
117       1         52.56473  6.15757   1         858       91        0         9646      86400     28800     64800               
118       2         51.67462  4.86673   1         822       29        0         0         86400     28800     64800               
119       0         51.96918  5.24232   1         739       68        0         0         86400     28800     64800               
120       2         51.44863  5.68541   1         768       366       0         23540     86400     28800     64800               
121       0         51.86125  5.28917   0         816       0         638       0         66405     30600     59400               
122       0         52.11894  6.50832   1         804       97        0         0         86400     28800     64800               
123       0         52.21180  4.52409   0         907       0         491       0         86400     28800     59400               
124       0         51.56943  5.64547   1         924       117       0         0         86400     28800     64800               
125       2         51.83276  4.41311   1         622       518       0         17084     86400     28800     64800               
126       0         53.14813  6.10920   0         812       0         701       0         86400     39599     55799               
127       0         53.23742  6.61323   1         649       2320      0         0         86400     28800     64800               
128       0         51.92774  6.12270   1         722       1100      0         17134     86400     28800     64800               
129       2         51.86670  4.28250   1         912       848       0         0         86400     28800     64800               
130       1         52.13542  6.38925   1         891       297       0         0         86400     28800     64800               
131       2         51.80394  4.63767   1         1008      387       0         0         86400     28800     64800               
132       0         51.68768  5.37123   0         752       0         340       0         74474     32400     61199               
133       2         51.16205  5.84582   0         827       0         1813      0         68557     46800     57600               
134       0         52.22102  4.87534   1         763       120       0         0         86400     28800     64800               
135       0         51.49570  5.43570   0         938       0         1510      0         64025     53040     64800               
136       0         52.52381  6.15590   1         687       318       0         0         86400     28800     64800               
137       0         52.10737  5.02793   1         864       899       0         12756     86400     28800     64800               
138       0         51.90327  5.40950   1         849       159       0         12872     86400     28800     64800               
139       0         52.01494  6.14979   1         976       825       0         15207     86400     28800     64800               
140       0         51.46570  5.63085   0         892       0         71        0         65373     28800     64800               
141       0         52.29822  6.94742   0         841       0         456       0         68504     46800     57600               
142       2         51.84718  5.77562   1         902       23        0         0         86400     28800     64800               
143       2         52.03293  4.29128   1         734       119       0         0         86400     28800     64800               
144       0         52.00363  4.25224   1         707       514       0         0         86400     28800     64800               
145       0         52.06487  5.58818   0         663       0         199       0         86400     37800     59400               
146       0         52.31034  6.90181   0         863       0         100       0         75723     30600     57600               
147       0         52.51977  4.70170   1         775       571       0         18899     86400     28800     64800               
148       2         51.48102  3.85738   1         758       195       0         0         86400     28800     64800               
149       0         52.07361  5.13624   1         1016      2118      0         12038     86400     28800     64800               
150       1         52.88445  6.17845   1         1072      107       0         9757      86400     28800     64800               
151       0         51.98076  4.98175   0         827       0         345       0         58053     28800     57600               
152       0         52.34432  5.13920   1         803       451       0         14828     86400     28800     64800               
153       0         52.01329  4.71329   0         751       0         364       0         86400     39599     61199               
154       2         51.48985  4.24016   0         876       0         177       0         73326     28800     57600               
155       0         51.86822  5.19980   1         1042      1050      0         0         86400     28800     64800               
156       0         52.24481  5.99715   1         851       757       0         0         86400     28800     64800               
157       0         51.99705  5.54825   1         891       231       0         0         86400     28800     64800               
158       2         52.57672  4.73862   1         997       537       0         0         86400     28800     64800               
159       2         51.49790  5.48002   0         1121      0         114       0         86400     30600     57600               
160       2         51.89403  4.25787   1         687       321       0         4584      86400     28800     64800               
161       2         51.42957  6.14472   1         951       371       0         11975     86400     28800     64800               
162       0         51.95008  6.28039   1         650       395       0         0         86400     28800     64800               
163       1         52.69163  5.74270   1         973       312       0         0         86400     28800     64800               
164       1         53.23471  5.78107   1         635       907       0         0         86400     28800     64800               
165       2         51.29114  6.05669   1         792       140       0         23381     86400     28800     64800               
166       2         51.60433  3.68418   1         797       27        0         0         86400     28800     64800               
167       2         51.40111  5.44880   1         928       404       0         0         86400     28800     64800               
168       2         51.41882  5.68411   1         750       430       0         23764     86400     28800     64800               
169       0         52.20218  6.90494   1         834       32        0         0         86400     28800     64800               
170       1         52.07180  6.57840   1         721       973       0         0         86400     28800     64800               
171       0         52.15568  5.75019   1         822       610       0         0         86400     28800     64800               
172       1         52.22337  6.82946   1         992       645       0         0         86400     28800     64800               
173       0         52.27995  4.72694   0         912       0         211       0         86400     28800     61199               
174       0         53.17150  6.02624   1         905       43        0         0         86400     28800     64800               
175       2         51.62013  5.52584   1         889       194       0         23748     86400     28800     64800               
176       0         51.55513  5.14906   1         743       111       0         0         86400     28800     64800               
177       1         52.07527  6.66069   1         723       638       0         0         86400     28800     64800               
178       2         51.59013  4.72000   1         866       158       0         19659     86400     28800     64800               
179       2         51.33891  3.81307   0         927       0         57        0         86400     36000     61199               
180       2         51.30889  6.06887   1         642       989       0         24815     86400     28800     64800               
181       2         51.36370  5.32281   1         836       354       0         0         86400     28800     64800               
182       2         51.94631  4.49594   1         704       364       0         0         86400     28800     64800               
183       2         51.49863  5.40832   0         838       0         136       0         74397     28800     57600               
184       0         52.19202  6.81056   1         670       386       0         0         86400     28800     64800               
185       2         51.36985  5.34617   1         805       572       0         0         86400     28800     64800               
186       2         51.79118  5.84865   1         985       520       0         20661     86400     28800     64800               
187       0         52.86981  4.73840   1         910       91        0         14835     86400     28800     64800               
188       0         52.19191  5.39423   1         889       120       0         0         86400     28800     64800               
189       2         51.78682  5.63421   1         674       519       0         9672      86400     28800     64800               
190       2         52.20919  4.46853   1         896       282       0         0         86400     28800     64800               
191       2         52.13330  4.66046   0         957       0         882       0         81204     28800     57600               
192       1         52.77740  6.15146   1         1065      275       0         23550     86400     28800     64800               
193       2         51.27427  6.04862   0         841       0         1637      0         66021     28800     50399               
194       0         51.96216  4.45270   1         795       27        0         0         86400     28800     64800               
195       0         52.30573  5.03434   0         853       0         67        0         75087     28800     55799               
196       2         53.00353  6.86756   1         710       42        0         0         86400     28800     64800               
197       0         51.81307  5.25750   1         665       150       0         6576      86400     28800     64800               
198       0         51.48672  5.40454   0         823       0         766       0         86400     53040     64800               
199       1         51.98172  6.29813   0         846       0         17        0         86400     28800     61199               
200       1         53.21664  6.14621   1         770       470       0         0         86400     28800     64800               
201       1         52.97808  6.57179   0         960       0         717       0         59174     28800     64800               
202       0         52.51077  4.83642   0         684       0         1429      0         66639     30600     57600               
203       0         52.32253  5.61557   1         872       2         0         0         86400     28800     64800               
204       2         51.85085  4.78444   1         753       294       0         0         86400     28800     64800               
205       1         53.18497  6.73643   1         939       651       0         8992      86400     28800     64800               
206       0         51.93786  6.01081   0         640       0         668       0         58382     28800     57600               
207       0         52.23846  4.66031   1         918       158       0         0         86400     28800     64800               
208       0         52.07337  5.54360   1         905       349       0         14885     86400     28800     64800               
209       2         51.59298  5.48892   1         797       513       0         0         86400     28800     64800               
210       0         52.07586  4.89143   1         962       170       0         8428      86400     28800     64800               
211       2         51.41754  5.44282   0         969       0         1427      0         73146     28800     61199               
212       0         51.89954  4.49678   1         769       972       0         0         86400     43200     64800               
213       2         51.36807  5.19939   1         735       185       0         7149      86400     28800     64800               
214       2         51.44988  5.39444   0         780       0         909       0         73809     28800     57600               
215       2         51.45392  5.38889   0         861       0         235       0         66296     30600     64800               
216       1         52.55375  6.18505   1         898       578       0         9475      86400     28800     64800               