NL_WE_0_R 2 6 13 207

[Vehicle Types] - ID_veh_type, fixed_cost, variable_cost, speed, capacity, alpha, beta, max_time, max_drive_time
0         20        1.5       70        3200      2240      2240      46800     32400     
1         20        2.25      50        13600     9520      9520      46800     32400       

[Number of Vehicle Types] - ID_veh_type, ID_depot, number_of_vehicles
0	0	4
0	1	2
0	2	5
1	0	10
1	1	4
1	2	6

[Scheduled Lines] - ID_from, ID_to, cost_per_req, capacity, dep_time, arr_time
0	1	0.01	3200	3600	10800
0	1	0.01	3200	59400	66600
0	2	0.023	3200	1800	7200
0	2	0.023	3200	68400	75600
1	0	0.01	3200	52200	57600
1	0	0.01	3200	82800	86400
1	2	0.016	3200	0	    9000
1	2	0.016	3200	57600	68400
2   0   0.023   3200   0       5400
2	0	0.023	3200	7200	11880
2	0	0.023	3200	71100	77400
2   1   0.016   3200   0       9000
2	1	0.016	3200	7200	16200

[Nodes/requests]: ID_node, ID_depot, lat, long, type, service_time, q_del, q_col, tw_depot_start, tw_depot_end, tw_cust_start, tw_cust_end, PC
0         0         52.02517  5.62337   -1        0         0         0         0         86400     0         86400
1         1         52.27658  6.95641   -1        0         0         0         0         86400     0         86400
2         2         51.53379  5.06393   -1        0         0         0         0         86400     0         86400
3         0         51.88975  5.61270   1         1001      336       0         0         86400     28800     64800               
4         0         52.18822  5.48721   1         752       285       0         0         86400     28800     64800               
5         1         53.06148  5.50479   1         669       70        0         8405      86400     28800     64800               
6         0         52.15220  4.67177   1         636       140       0         0         86400     28800     64800               
7         2         51.93016  6.31330   1         863       250       0         0         86400     28800     64800               
8         0         52.53055  4.76245   0         1045      0         50        0         86400     28800     57600               
9         0         53.18027  6.66250   1         1056      424       0         0         86400     28800     64800               
10        2         51.49298  5.40308   1         865       207       0         0         86400     28800     64800               
11        0         51.95434  4.43057   0         884       0         2017      0         53281     28800     57600               
12        0         52.07375  4.87378   1         851       199       0         0         86400     28800     64800               
13        0         53.21148  6.18389   1         713       277       0         0         86400     28800     64800               
14        0         52.04442  5.61129   0         724       0         743       0         67222     34199     59400               
15        0         51.83089  5.73025   0         984       0         3332      0         86400     36000     57600               
16        0         52.39760  5.17987   1         861       1566      0         15841     86400     28800     64800               
17        0         52.97444  5.68020   1         902       1409      0         0         86400     28800     64800               
18        0         52.32977  4.65407   1         903       106       0         15723     86400     28800     64800               
19        2         51.93600  4.39059   0         786       0         2736      0         80485     30600     59400               
20        2         52.26071  4.79353   1         963       620       0         0         86400     28800     64800               
21        0         52.06698  5.10412   1         900       764       0         10299     86400     28800     64800               
22        0         52.43048  4.67158   0         992       0         682       0         59908     30600     59400               
23        0         51.03077  5.82037   0         671       0         190       0         71877     28800     57600               
24        2         51.72781  4.87272   1         784       1290      0         0         86400     28800     64800               
25        0         52.04693  4.61392   0         921       0         954       0         68824     46800     61199               
26        2         51.44141  6.14642   1         784       251       0         0         86400     28800     64800               
27        2         51.45156  5.37413   1         795       154       0         0         86400     28800     64800               
28        2         51.62965  3.67847   1         846       132       0         19174     86400     28800     64800               
29        2         51.36075  5.21084   1         867       369       0         0         86400     28800     64800               
30        0         52.03481  5.63176   0         886       0         769       0         70715     39599     61199               
31        0         52.92178  5.95427   1         961       750       0         0         86400     28800     64800               
32        0         52.03126  4.38284   0         822       0         1096      0         74258     28800     61199               
33        0         52.24635  6.13063   0         1033      0         393       0         86400     32400     61199               
34        0         52.33477  6.46808   1         773       1009      0         0         86400     28800     64800               
35        2         52.34713  4.59059   1         708       961       0         9921      86400     28800     64800               
36        2         51.76677  4.18356   0         644       0         3083      0         68064     30600     57600               
37        1         52.52940  6.17242   0         693       0         2116      0         86400     28800     54000               
38        2         51.40067  5.40942   1         703       283       0         9684      86400     28800     64800               
39        0         51.81492  4.56206   0         921       0         383       0         70875     32400     54000               
40        0         52.12676  5.28721   1         643       1816      0         0         86400     28800     64800               
41        0         52.19952  6.37113   1         732       50        0         0         86400     28800     64800               
42        0         52.22735  6.82883   1         811       738       0         0         86400     28800     64800               
43        0         52.25810  6.16033   1         886       191       0         0         86400     28800     64800               
44        1         52.72260  6.18056   1         1012      104       0         0         86400     28800     64800               
45        0         51.84468  5.74153   1         922       344       0         0         86400     28800     64800               
46        2         52.72923  5.23244   1         735       358       0         6591      86400     28800     64800               
47        2         51.70872  5.62097   1         681       108       0         0         86400     28800     64800               
48        0         52.60753  6.49851   0         730       0         225       0         86400     28800     61199               
49        0         52.32906  4.94554   0         750       0         753       0         86400     28800     54000               
50        0         52.49667  5.00963   1         1009      23        0         0         86400     28800     64800               
51        2         51.56947  4.43566   1         692       520       0         16864     86400     28800     64800               
52        0         52.23916  5.30821   1         775       617       0         0         86400     28800     64800               
53        0         52.03751  5.08524   1         646       138       0         0         86400     28800     64800               
54        2         51.74978  5.26823   1         829       1966      0         0         86400     28800     64800               
55        0         53.08408  6.15794   0         923       0         863       0         86400     28800     61199               
56        0         52.03953  4.51385   1         748       652       0         0         86400     28800     64800               
57        0         52.29436  6.89277   1         891       344       0         0         86400     28800     64800               
58        1         52.30088  6.91183   1         787       39        0         21849     86400     28800     64800               
59        2         51.50457  4.47327   1         993       328       0         0         86400     28800     64800               
60        2         51.28424  5.62337   1         869       1017      0         11312     86400     28800     64800               
61        0         52.39853  4.76962   1         665       787       0         0         86400     28800     64800               
62        2         51.34265  3.38585   0         697       0         1747      0         67024     28800     57600               
63        2         51.75769  4.45319   1         902       250       0         24673     86400     28800     64800               
64        0         51.87286  4.97839   1         798       59        0         0         86400     28800     64800               
65        0         52.22960  5.97006   1         880       1232      0         0         86400     28800     64800               
66        0         51.99884  4.71044   0         799       0         1034      0         67561     39599     61199               
67        0         52.44658  4.85593   1         701       340       0         0         86400     28800     64800               
68        0         52.73091  5.77986   1         655       343       0         0         86400     28800     64800               
69        0         52.28871  4.80183   0         677       0         1442      0         51529     39599     61199               
70        1         53.10630  6.90491   1         865       732       0         0         86400     28800     64800               
71        0         51.97683  5.50546   0         769       0         72        0         76038     28800     55799               
72        0         51.82885  4.91779   0         808       0         76        0         73919     28800     59400               
73        0         51.90884  4.30103   1         856       79        0         0         86400     28800     64800               
74        0         51.87364  4.80777   1         928       674       0         4732      86400     28800     64800               
75        2         51.36080  5.28978   1         691       100       0         24946     86400     28800     64800               
76        0         52.72449  6.85336   0         1135      0         1370      0         71315     46800     57600               
77        2         51.94200  4.29662   1         1003      1941      0         9420      86400     28800     64800               
78        2         51.21778  5.70024   1         943       3025      0         0         86400     28800     32400               
79        0         51.55387  4.49551   1         1156      759       0         0         86400     28800     64800               
80        0         51.95052  4.47876   1         892       56        0         14823     86400     28800     64800               
81        2         52.60444  4.78989   0         736       0         94        0         86400     28800     54000               
82        0         51.88800  5.84500   0         854       0         1621      0         74738     34199     57600               
83        0         52.83769  5.02693   0         696       0         378       0         70226     32400     61199               
84        1         53.22001  5.82549   1         952       318       0         0         86400     28800     64800               
85        1         52.19935  6.80079   0         575       0         657       0         55197     28800     54000               
86        1         52.64929  6.71777   0         866       0         93        0         55173     44999     61199               
87        0         52.16927  5.36581   1         837       77        0         0         86400     28800     64800               
88        0         52.31771  4.94836   1         969       10        0         0         86400     28800     64800               
89        1         52.53708  5.90715   1         993       248       0         0         86400     28800     64800               
90        1         52.97942  6.54385   0         917       0         1092      0         86400     28800     64800               
91        2         51.96835  4.58572   1         794       372       0         9749      86400     28800     64800               
92        2         51.52382  3.90811   1         774       35        0         0         86400     28800     64800               
93        0         52.32640  4.61772   1         758       271       0         0         86400     28800     64800               
94        0         52.32535  4.74144   1         752       58        0         11900     86400     28800     64800               
95        0         52.22156  4.66419   1         980       1607      0         0         86400     28800     64800               
96        2         51.47181  4.44520   1         780       933       0         0         86400     28800     64800               
97        0         52.21974  5.38584   1         963       370       0         14604     86400     28800     64800               
98        0         52.09305  4.86962   1         927       92        0         18038     86400     28800     64800               
99        1         52.67541  5.95142   1         611       65        0         0         86400     28800     64800               
100       2         52.00701  4.47136   0         721       0         342       0         71929     32400     61199               
101       0         52.13227  5.27628   1         718       466       0         0         86400     28800     64800               
102       0         52.28091  4.85301   0         773       0         1768      0         86400     34199     59400               
103       2         51.19739  5.98096   1         898       269       0         0         86400     28800     64800               
104       2         51.45049  4.04777   1         725       70        0         5936      86400     28800     64800               
105       1         51.90786  6.34011   1         983       185       0         0         86400     28800     64800               
106       2         51.47507  5.69996   1         897       112       0         0         86400     28800     64800               
107       2         51.93579  5.86361   0         1177      0         1958      0         75711     28800     61199               
108       2         52.73069  6.58356   1         720       499       0         0         86400     28800     64800               
109       0         52.26454  6.61386   0         870       0         751       0         78357     50399     57600               
110       0         53.22361  6.61832   1         863       222       0         0         86400     28800     64800               
111       0         52.63261  6.21594   1         857       45        0         0         86400     28800     64800               
112       1         51.87842  6.26850   1         984       121       0         8881      86400     28800     64800               
113       2         52.39210  4.65477   1         839       412       0         0         86400     28800     64800               
114       0         52.27072  6.00750   1         880       339       0         0         86400     28800     64800               
115       2         51.50323  5.16519   1         1036      31        0         5423      86400     28800     64800               
116       0         51.96497  4.36944   1         712       276       0         0         86400     28800     64800               
117       2         51.42016  3.79784   0         996       0         190       0         86400     32400     61199               
118       0         52.16798  5.99865   1         721       834       0         3926      86400     28800     64800               
119       2         52.59914  4.78425   0         750       0         92        0         70126     28800     61199               
120       2         51.43800  5.58367   1         946       91        0         22838     86400     28800     64800               
121       2         52.04256  4.51844   0         643       0         261       0         63721     28800     61199               
122       1         53.19249  6.75588   1         1115      142       0         8840      86400     28800     64800               
123       0         51.87415  4.33354   1         745       115       0         13652     86400     28800     64800               
124       2         51.34199  5.93765   1         803       1286      0         0         86400     28800     64800               
125       2         51.70340  5.27132   1         1166      3298      0         0         86400     28800     64800               
126       2         51.54914  4.61664   0         854       0         848       0         55754     30600     59400               
127       2         51.44257  5.52066   1         939       85        0         17212     86400     28800     64800               
128       0         52.61683  4.74701   0         635       0         3031      0         70600     34199     55799               
129       2         51.21340  5.63633   1         825       99        0         0         86400     28800     64800               
130       0         53.27835  5.66582   1         943       1034      0         0         86400     28800     64800               
131       0         52.35371  4.77179   1         825       1767      0         10507     86400     28800     64800               
132       0         51.92553  6.23488   1         771       667       0         0         86400     28800     64800               
133       0         52.16083  4.50298   0         995       0         762       0         67017     43200     59400               
134       0         52.03582  4.13392   1         942       28        0         0         86400     28800     64800               
135       2         51.60157  4.98098   1         933       1435      0         0         86400     28800     64800               
136       0         52.74307  4.87223   1         567       97        0         5214      86400     28800     64800               
137       2         52.37968  4.75472   1         760       364       0         0         86400     28800     64800               
138       0         52.07812  5.07471   1         760       198       0         0         86400     28800     64800               
139       0         52.01624  4.49229   0         839       0         189       0         68431     28800     64800               
140       0         53.22862  6.56773   1         826       451       0         0         86400     28800     64800               
141       0         51.81019  5.20887   1         819       335       0         0         86400     28800     64800               
142       2         51.72312  4.88726   1         775       1468      0         0         86400     28800     64800               
143       0         51.81969  5.28351   0         689       0         146       0         71058     28800     57600               
144       2         52.24599  5.96917   0         894       0         45        0         86400     46800     55799               
145       2         51.56316  4.48887   1         989       971       0         23503     86400     28800     64800               
146       0         52.30734  4.77583   0         775       0         712       0         75006     39599     61199               
147       2         51.44506  6.12958   1         707       36        0         9384      86400     28800     64800               
148       2         51.15911  5.84720   0         954       0         358       0         76496     28800     59400               
149       2         51.45452  5.65257   1         926       1684      0         11021     86400     28800     64800               
150       2         51.59042  4.59807   0         944       0         257       0         59495     32400     55799               
151       0         52.63490  4.75022   0         968       0         3261      0         57095     28800     61199               
152       2         52.51444  4.76481   0         899       0         340       0         74295     30600     57600               
153       2         51.51597  5.42314   0         1072      0         462       0         78352     32400     54000               
154       0         52.05549  5.12382   1         995       346       0         0         86400     28800     36000               
155       0         53.04622  4.88220   1         705       80        0         0         86400     28800     64800               
156       2         52.37589  4.67727   1         744       1020      0         0         86400     28800     64800               
157       0         52.14864  4.37534   1         950       117       0         5223      86400     28800     64800               
158       1         52.98706  5.59705   1         789       564       0         0         86400     28800     64800               
159       0         51.28205  5.73799   0         821       0         1505      0         74648     28800     57600               
160       2         51.92871  4.03892   1         1051      95        0         20156     86400     28800     64800               
161       2         51.39880  5.35337   1         939       98        0         11079     86400     28800     64800               
162       2         53.13664  6.16176   1         966       1107      0         0         86400     28800     64800               
163       0         51.91730  5.74916   0         794       0         296       0         76741     28800     57600               
164       2         51.81153  4.99699   1         760       588       0         0         86400     28800     64800               
165       0         52.48492  6.14684   1         967       657       0         0         86400     28800     64800               
166       0         52.60470  4.73465   0         611       0         239       0         86400     34199     55799               
167       1         53.19476  6.72075   1         762       246       0         0         86400     28800     64800               
168       0         52.39522  4.84983   1         681       97        0         0         86400     28800     64800               
169       2         51.39361  5.20005   1         934       212       0         6277      86400     28800     64800               
170       1         51.88563  6.33689   0         791       0         50        0         86400     28800     61199               
171       0         52.28034  6.02682   0         720       0         76        0         66064     46800     55799               
172       2         51.45361  5.41881   1         883       129       0         0         86400     28800     64800               
173       2         51.52428  3.83223   1         761       1001      0         10494     86400     28800     64800               
174       2         51.49634  3.84272   1         951       488       0         0         86400     28800     64800               
175       1         52.06997  6.62226   0         828       0         127       0         59361     28800     61199               
176       0         51.95537  4.86011   0         817       0         254       0         66646     28800     57600               
177       2         51.54071  5.95807   0         922       0         362       0         65814     28800     59400               
178       0         52.03971  5.62605   0         1051      0         708       0         74734     39599     61199               
179       0         51.87399  5.88489   1         1084      244       0         0         86400     28800     64800               
180       2         51.44182  5.39602   1         941       687       0         0         86400     28800     38700               
181       2         52.03028  5.14141   0         638       0         714       0         86400     32400     43200               
182       2         52.45397  4.61702   0         669       0         300       0         72611     28800     57600               
183       1         52.59922  6.08778   0         713       0         364       0         86400     28800     61199               
184       1         52.29898  6.94064   1         922       162       0         21903     86400     28800     64800               
185       0         52.37891  4.93885   1         664       298       0         0         86400     28800     64800               
186       0         51.95220  4.44587   1         933       491       0         0         86400     28800     64800               
187       2         52.15543  6.71093   1         733       1706      0         0         86400     28800     64800               
188       0         52.31693  4.78218   0         883       0         737       0         70869     39599     61199               
189       0         52.32282  6.91361   1         878       375       0         0         86400     28800     64800               
190       2         51.95710  4.41245   1         806       578       0         10519     86400     28800     64800               
191       2         52.29732  6.91176   0         595       0         1922      0         86400     32400     59400               
192       2         51.76882  4.65033   1         899       1781      0         0         86400     28800     64800               
193       1         53.19185  6.11783   1         688       834       0         0         86400     28800     64800               
194       2         51.89358  4.43628   1         752       241       0         12041     86400     28800     64800               
195       1         51.92317  6.59321   0         501       0         38        0         60413     28800     57600               
196       0         51.86431  4.63279   1         744       1717      0         15810     86400     28800     64800               
197       2         51.77878  4.56902   1         915       293       0         19180     86400     28800     64800               
198       0         51.80870  5.26520   1         822       521       0         0         86400     28800     64800               
199       0         51.89227  4.65154   0         754       0         1513      0         86400     28800     57600               
200       2         51.27225  4.03231   1         772       79        0         10221     86400     28800     64800               
201       2         51.84205  4.51752   0         1118      0         2503      0         75630     28800     54000               
202       0         51.90507  5.45306   1         779       1633      0         3925      86400     28800     64800               
203       2         51.83241  4.34706   1         714       1053      0         10733     86400     28800     64800               
204       2         51.29616  3.50118   1         772       114       0         10558     86400     28800     64800               
205       0         52.00743  4.30817   1         853       56        0         11964     86400     28800     64800               
206       2         52.33909  4.75034   1         640       762       0         9333      86400     28800     64800               