NL_WE_1_R 2 6 13 226

[Vehicle Types] - ID_veh_type, fixed_cost, variable_cost, speed, capacity, alpha, beta, max_time, max_drive_time
0         20        1.5       70        3200      2240      2240      46800     32400     
1         20        2.25      50        13600     9520      9520      46800     32400       

[Number of Vehicle Types] - ID_veh_type, ID_depot, number_of_vehicles
0	0	4
0	1	2
0	2	5
1	0	10
1	1	4
1	2	6

[Scheduled Lines] - ID_from, ID_to, cost_per_req, capacity, dep_time, arr_time
0	1	0.01	3200	3600	10800
0	1	0.01	3200	59400	66600
0	2	0.023	3200	1800	7200
0	2	0.023	3200	68400	75600
1	0	0.01	3200	52200	57600
1	0	0.01	3200	82800	86400
1	2	0.016	3200	0	    9000
1	2	0.016	3200	57600	68400
2   0   0.023   3200   0       5400
2	0	0.023	3200	7200	11880
2	0	0.023	3200	71100	77400
2   1   0.016   3200   0       9000
2	1	0.016	3200	7200	16200

[Nodes/requests]: ID_node, ID_depot, lat, long, type, service_time, q_del, q_col, tw_depot_start, tw_depot_end, tw_cust_start, tw_cust_end, PC
0         0         52.04649  5.61146   -1        0         0         0         0         86400     0         86400
1         1         52.26133  6.92322   -1        0         0         0         0         86400     0         86400
2         2         51.53679  5.05176   -1        0         0         0         0         86400     0         86400
3         2         51.43716  5.41121   1         842       1152      0         0         86400     28800     64800               
4         2         51.27435  5.56155   1         662       434       0         25907     86400     28800     64800               
5         2         52.48034  4.58389   0         1027      0         144       0         86400     32400     59400               
6         2         51.31240  6.08328   1         744       23        0         0         86400     28800     64800               
7         0         52.29850  4.65480   0         553       0         130       0         73599     30600     61199               
8         0         52.21267  5.37097   1         837       62        0         16744     86400     28800     64800               
9         2         51.57087  5.09433   0         901       0         1412      0         86400     28800     61199               
10        2         51.68065  5.06927   0         989       0         1190      0         64465     28800     57600               
11        2         51.70267  5.08957   1         787       2277      0         12774     86400     28800     64800               
12        0         51.99998  4.44845   1         762       231       0         17433     86400     28800     64800               
13        2         51.56587  4.56542   1         727       639       0         12410     86400     28800     64800               
14        2         51.59512  5.06612   0         831       0         1509      0         63670     46800     57600               
15        2         51.40506  5.55161   0         777       0         555       0         77734     50399     57600               
16        0         52.32407  4.75969   1         973       2762      0         11715     86400     28800     64800               
17        0         52.52601  4.78631   1         769       280       0         0         86400     28800     64800               
18        2         51.86345  4.53805   0         741       0         909       0         86400     28800     55799               
19        2         51.66362  5.45167   1         848       131       0         13077     86400     28800     64800               
20        0         52.16533  4.41021   1         754       191       0         19444     86400     28800     64800               
21        0         52.21149  5.94232   0         860       0         95        0         86400     28800     64800               
22        0         52.70263  6.53794   1         792       41        0         0         86400     28800     64800               
23        2         51.89658  4.43396   1         802       638       0         25505     86400     28800     64800               
24        0         52.05151  4.46392   1         950       306       0         6341      86400     28800     64800               
25        2         51.40269  6.14868   1         887       2250      0         11648     86400     28800     64800               
26        2         51.40471  5.44111   1         973       2825      0         0         86400     28800     64800               
27        0         51.92767  4.39270   0         1002      0         1135      0         86400     28800     61199               
28        0         51.07539  5.80998   0         883       0         434       0         86400     28800     61199               
29        2         51.98622  6.27581   1         734       199       0         0         86400     28800     64800               
30        0         51.66684  5.65804   1         780       1769      0         0         86400     28800     64800               
31        0         51.84339  4.65216   1         770       852       0         0         86400     28800     64800               
32        0         52.17028  5.34638   0         907       0         1206      0         56996     30600     59400               
33        1         52.25095  6.81308   1         936       90        0         0         86400     28800     64800               
34        2         52.18569  4.88466   0         842       0         1683      0         86400     32400     61199               
35        0         52.05145  5.59839   0         714       0         689       0         86400     32400     57600               
36        1         52.78107  6.93808   0         1020      0         163       0         59246     28800     61199               
37        2         51.96609  4.23000   0         1122      0         98        0         86400     28800     57600               
38        2         51.63297  5.31416   1         893       96        0         0         86400     28800     61199               
39        0         51.49463  4.26831   0         874       0         1246      0         52611     28800     55799               
40        1         52.37581  6.06881   0         1091      0         2072      0         51189     28800     57600               
41        0         52.00379  4.56466   0         982       0         70        0         77631     30600     61199               
42        0         52.49819  6.05836   1         824       208       0         0         86400     28800     64800               
43        2         51.53188  4.55931   0         825       0         621       0         68499     28800     54000               
44        1         53.29144  6.92686   1         738       68        0         0         86400     28800     64800               
45        0         52.05962  5.22702   1         897       214       0         0         86400     28800     64800               
46        2         51.68577  5.02451   1         850       104       0         20365     86400     28800     64800               
47        0         51.90011  5.85279   0         736       0         644       0         67812     39599     57600               
48        2         51.49279  6.01211   1         791       54        0         0         86400     28800     64800               
49        0         52.02555  5.63975   0         813       0         232       0         74409     54900     59400               
50        2         51.61039  5.51654   1         982       918       0         0         86400     28800     64800               
51        2         51.69130  4.87225   1         761       356       0         0         86400     28800     64800               
52        2         51.54417  5.59870   1         910       475       0         14051     86400     28800     64800               
53        2         51.52990  4.18781   0         872       0         766       0         78275     28800     46800               
54        0         52.07676  4.29248   1         845       329       0         20035     86400     28800     64800               
55        0         52.14426  5.28663   1         1129      709       0         9272      86400     28800     36000               
56        2         51.55686  5.02810   1         1099      229       0         21051     86400     28800     64800               
57        0         51.87960  5.88918   0         754       0         247       0         63897     39599     57600               
58        0         51.91915  4.42180   1         930       421       0         0         86400     28800     64800               
59        0         52.68853  5.08271   1         840       68        0         8044      86400     28800     64800               
60        0         52.74247  6.51044   0         667       0         444       0         86400     28800     64800               
61        2         51.62110  5.48172   1         916       44        0         11212     86400     28800     64800               
62        2         51.23448  5.68023   1         663       497       0         13827     86400     28800     64800               
63        0         52.43592  6.21855   1         795       338       0         0         86400     28800     64800               
64        2         51.85802  4.63710   1         983       439       0         0         86400     28800     64800               
65        2         51.49488  5.49632   1         814       94        0         0         86400     28800     64800               
66        2         51.64505  4.92978   1         745       154       0         24978     86400     28800     64800               
67        0         52.46359  5.48088   0         908       0         705       0         75824     28800     57600               
68        0         52.03558  5.59963   0         963       0         302       0         86400     50399     57600               
69        0         52.07255  4.51566   1         812       268       0         18938     86400     28800     64800               
70        0         51.84289  5.91219   1         971       51        0         4379      86400     28800     64800               
71        0         51.91690  4.95795   0         928       0         44        0         77611     28800     57600               
72        2         52.40099  6.62803   1         671       719       0         0         86400     28800     64800               
73        0         51.81232  4.68035   1         1004      345       0         19233     86400     28800     64800               
74        2         51.48202  3.70938   1         837       715       0         9132      86400     28800     64800               
75        0         52.43400  5.25955   1         863       39        0         19777     86400     28800     64800               
76        2         51.83282  5.95619   1         596       208       0         0         86400     28800     64800               
77        0         52.04935  5.10943   1         889       119       0         19351     86400     28800     64800               
78        1         52.53459  6.08528   1         881       1081      0         23347     86400     28800     64800               
79        2         51.55597  4.49600   1         823       675       0         10426     86400     28800     64800               
80        0         52.33637  5.64137   1         612       69        0         0         86400     28800     64800               
81        1         52.41008  6.12577   1         944       320       0         12003     86400     28800     64800               
82        0         51.99593  5.63124   1         803       419       0         19305     86400     28800     64800               
83        0         52.00756  5.52550   1         846       878       0         0         86400     28800     64800               
84        2         51.56361  5.13404   1         715       3032      0         0         86400     28800     64800               
85        0         52.01702  5.11223   1         867       113       0         0         86400     28800     64800               
86        0         52.76404  4.83040   1         885       105       0         16462     86400     28800     64800               
87        0         52.18429  4.50869   1         926       1913      0         0         86400     28800     64800               
88        0         52.42353  4.75917   0         817       0         2082      0         86400     32400     61199               
89        0         52.31441  6.90379   1         864       1809      0         0         86400     28800     43200               
90        0         51.55760  4.60620   0         842       0         56        0         86400     32400     56700               
91        1         53.19532  6.66550   1         880       515       0         10528     86400     28800     64800               
92        2         51.64552  3.91020   0         683       0         58        0         63763     28800     57659               
93        1         52.77350  6.92664   0         737       0         279       0         59925     28800     61199               
94        0         52.00657  5.59894   1         974       135       0         0         86400     28800     64800               
95        0         52.03710  4.33595   1         951       1134      0         0         86400     28800     64800               
96        1         52.79472  6.87206   1         743       1985      0         0         86400     28800     64800               
97        0         52.20274  6.02525   1         723       758       0         6358      86400     28800     64800               
98        1         52.76820  6.51113   1         843       190       0         0         86400     28800     64800               
99        0         51.79346  5.76819   1         889       442       0         0         86400     28800     64800               
100       2         52.10024  6.06895   1         964       746       0         0         86400     28800     64800               
101       0         52.38366  4.86048   1         857       1063      0         0         86400     28800     64800               
102       0         51.89212  4.51630   1         930       999       0         0         86400     28800     64800               
103       1         52.36373  7.03623   0         714       0         318       0         40573     28800     54000               
104       2         52.01737  5.60908   0         1079      0         93        0         81091     28800     61199               
105       2         51.39002  5.40593   1         818       66        0         25185     86400     28800     64800               
106       2         52.35232  4.79403   0         884       0         293       0         72868     32400     61199               
107       2         51.62736  5.03665   0         747       0         215       0         86400     32400     57600               
108       2         51.12586  6.00644   0         865       0         1426      0         72661     50399     59400               
109       2         52.50881  6.04296   1         668       83        0         0         86400     28800     64800               
110       2         51.67762  4.99514   0         866       0         325       0         65990     28800     57600               
111       2         51.64945  4.87828   0         903       0         369       0         82496     28800     61199               
112       0         52.06849  5.22263   1         790       167       0         4488      86400     28800     64800               
113       0         51.99245  6.10163   0         713       0         2816      0         86400     28800     64800               
114       0         51.89710  5.87088   1         729       99        0         0         86400     28800     61199               
115       0         52.20017  4.91234   0         766       0         1137      0         86400     32400     61199               
116       2         52.62902  4.72018   1         613       76        0         0         86400     28800     64800               
117       2         51.99134  6.00689   1         917       713       0         0         86400     28800     50399               
118       0         51.88192  5.30893   1         650       90        0         0         86400     28800     64800               
119       2         52.59456  5.88677   0         715       0         569       0         86400     30600     59400               
120       0         51.89316  4.33596   0         909       0         1931      0         67112     28800     52200               
121       1         52.32269  6.76856   1         732       2         0         11081     86400     28800     64800               
122       0         52.25830  4.68058   0         887       0         118       0         75272     30600     61199               
123       2         51.52514  5.42757   0         645       0         2536      0         86400     55799     59400               
124       2         52.98374  6.99190   1         878       969       0         0         86400     28800     64800               
125       0         52.02080  5.13616   1         830       2233      0         0         86400     28800     64800               
126       0         51.89310  5.41320   1         943       102       0         0         86400     28800     64800               
127       2         53.14914  6.73083   0         771       0         570       0         74608     32400     57600               
128       0         52.33832  5.22327   1         679       106       0         16518     86400     28800     64800               
129       2         51.68151  4.82494   0         610       0         140       0         86400     50399     61199               
130       2         51.69661  5.04410   1         730       995       0         0         86400     28800     64800               
131       1         53.22161  6.59883   1         853       331       0         0         86400     28800     64800               
132       1         52.55004  5.83743   1         745       369       0         23064     86400     28800     64800               
133       2         51.70668  4.84326   1         628       184       0         0         86400     28800     64800               
134       0         52.22192  6.86661   0         773       0         216       0         74417     28800     59400               
135       2         51.48745  4.23763   0         731       0         3233      0         86400     28800     54000               
136       0         52.20385  6.93790   1         716       153       0         0         86400     28800     64800               
137       0         52.09692  5.10449   1         937       107       0         16510     86400     28800     64800               
138       0         52.03811  4.93657   1         941       87        0         16284     86400     28800     64800               
139       2         51.41985  5.70716   1         1089      326       0         23809     86400     28800     64800               
140       1         53.25873  5.64515   0         750       0         1759      0         86400     28800     57600               
141       0         52.22957  6.49249   1         896       988       0         0         86400     28800     64800               
142       2         51.43129  5.73891   1         1030      305       0         21861     86400     28800     64800               
143       1         52.37574  6.60400   0         906       0         763       0         53840     36000     61199               
144       0         52.72360  4.82959   1         717       101       0         19246     86400     28800     64800               
145       1         52.29456  6.76998   1         739       130       0         11848     86400     28800     64800               
146       2         51.44716  5.80750   1         734       43        0         27009     86400     28800     64800               
147       0         51.55493  5.07425   1         937       514       0         0         86400     28800     64800               
148       2         51.60424  4.88682   1         834       623       0         0         86400     28800     64800               
149       0         51.97820  5.26126   0         1068      0         1664      0         64574     32400     54000               
150       2         51.35575  5.28453   1         693       38        0         21145     86400     28800     64800               
151       0         52.50692  4.76953   1         926       433       0         0         86400     28800     64800               
152       0         52.74353  4.92783   1         945       914       0         0         86400     28800     64800               
153       2         53.14958  6.25345   0         791       0         123       0         74836     46800     61199               
154       2         51.65006  5.51489   1         918       686       0         26498     86400     28800     64800               
155       0         51.89835  6.22448   1         727       424       0         0         86400     28800     64800               
156       0         52.08096  4.26881   1         807       155       0         0         86400     28800     61199               
157       2         51.69187  5.49591   1         568       10        0         13858     86400     28800     64800               
158       2         52.89723  5.98632   0         948       0         735       0         86400     28800     61199               
159       0         52.00898  4.55708   0         862       0         372       0         64084     30600     61199               
160       0         51.91750  4.40571   1         664       1758      0         7371      86400     28800     64800               
161       1         52.76922  6.49344   0         982       0         170       0         59753     28800     64800               
162       2         51.60088  5.49165   1         713       78        0         12405     86400     28800     64800               
163       0         52.38198  4.74002   1         772       93        0         15967     86400     28800     64800               
164       2         51.63350  5.60729   1         736       361       0         17220     86400     28800     64800               
165       0         51.85311  4.45622   1         506       53        0         16041     86400     28800     64800               
166       1         53.27671  6.57728   1         849       291       0         0         86400     28800     64800               
167       1         52.25481  4.68580   1         866       1091      0         0         86400     28800     64800               
168       0         51.98626  5.64814   1         776       936       0         0         86400     28800     64800               
169       0         52.26588  6.57671   0         992       0         1665      0         75876     36000     57600               
170       0         52.39178  5.62103   1         585       843       0         0         86400     28800     64800               
171       0         52.36284  4.87078   1         945       734       0         11779     86400     28800     64800               
172       2         51.52956  4.49754   1         891       408       0         0         86400     28800     64800               
173       0         52.61608  4.77014   0         906       0         1132      0         75722     28800     54000               
174       2         51.92975  4.40540   1         744       81        0         0         86400     28800     64800               
175       2         51.46991  5.40768   0         903       0         77        0         86400     32400     57600               
176       0         51.98547  6.10977   1         912       98        0         5916      86400     28800     64800               
177       2         51.58373  4.84820   1         792       2336      0         27838     86400     28800     64800               
178       2         52.03198  5.13999   1         758       151       0         0         86400     28800     64800               
179       0         51.90238  4.53402   1         835       216       0         0         86400     28800     64800               
180       2         51.41583  5.38256   1         763       24        0         20502     86400     28800     64800               
181       2         52.47906  4.54359   1         943       248       0         0         86400     28800     64800               
182       0         51.83004  5.81424   1         762       250       0         7050      86400     28800     64800               
183       1         52.19895  6.39341   1         559       672       0         0         86400     28800     64800               
184       2         51.37021  5.26584   1         773       348       0         0         86400     28800     64800               
185       2         51.63772  4.76397   0         597       0         776       0         82347     52200     55799               
186       2         51.98673  5.93410   1         699       140       0         0         86400     28800     64800               
187       2         51.90961  4.31981   1         738       339       0         0         86400     28800     64800               
188       2         52.44524  5.99502   0         879       0         470       0         86400     28800     57600               
189       0         52.36542  5.22869   0         996       0         1547      0         56909     32400     55799               
190       0         51.93276  6.25624   1         895       216       0         0         86400     28800     64800               
191       2         51.43853  5.40197   0         825       0         642       0         86400     32400     61199               
192       2         51.63389  4.90457   0         1089      0         2224      0         86400     28800     61199               
193       0         51.85960  4.54759   1         846       430       0         7728      86400     28800     64800               
194       0         52.23777  5.45090   0         878       0         97        0         65211     32400     57600               
195       0         51.97730  5.75417   1         801       45        0         0         86400     28800     64800               
196       2         51.84227  5.76949   1         851       93        0         0         86400     28800     64800               
197       2         51.58971  4.72929   0         819       0         592       0         86400     54000     63000               
198       2         51.44460  5.37510   1         476       1278      0         0         86400     28800     64800               
199       0         51.88191  6.06310   0         1028      0         848       0         86400     28800     61199               
200       2         51.43059  5.65927   1         764       713       0         21843     86400     28800     64800               
201       2         51.66106  4.70216   0         812       0         303       0         63814     28800     57600               
202       0         51.95706  5.67301   1         793       147       0         0         86400     28800     64800               
203       1         51.93426  6.44441   0         888       0         163       0         59827     28800     54000               
204       2         51.65326  5.96637   0         982       0         620       0         76683     32400     57600               
205       0         52.68545  6.12714   1         849       182       0         0         86400     28800     64800               
206       2         51.80683  4.85808   1         1012      74        0         0         86400     28800     64800               
207       0         52.36521  5.27462   1         875       103       0         16524     86400     28800     64800               
208       2         52.23213  5.15667   1         808       1610      0         0         86400     28800     64800               
209       0         52.32664  4.67165   1         782       132       0         14847     86400     28800     64800               
210       2         51.71432  5.49400   0         957       0         40        0         82598     46800     59400               
211       2         51.52186  4.48008   0         810       0         791       0         86400     28800     61199               
212       0         51.87337  5.76977   1         801       684       0         0         86400     28800     64800               
213       0         52.73967  4.95884   1         884       328       0         20050     86400     28800     64800               
214       2         51.78328  5.49469   1         990       67        0         25222     86400     28800     64800               
215       0         52.19946  6.03668   1         958       600       0         6043      86400     28800     64800               
216       0         51.99367  4.49792   0         822       0         222       0         86400     32400     61199               
217       0         52.21031  5.41498   1         893       382       0         0         86400     28800     64800               
218       2         52.03851  5.13471   1         917       746       0         0         86400     28800     64800               
219       2         51.38745  5.16807   0         700       0         192       0         76749     28800     57600               
220       2         51.73072  4.48250   1         880       291       0         0         86400     28800     64800               
221       0         52.40639  6.64161   0         1016      0         280       0         82190     43200     61199               
222       2         51.28460  6.17660   1         886       2185      0         21216     86400     28800     64800               
223       0         52.18123  4.65892   1         909       125       0         0         86400     28800     64800               
224       1         53.05221  5.51799   1         774       2151      0         0         86400     28800     64800               
225       2         51.33107  3.71288   0         719       0         156       0         66837     28800     61199               