P_10_1 2 4 8 12

[Vehicle Types] - ID_veh_type, fixed_cost, variable_cost, Speed, Capacity, alpha, beta, max_time, max_drive_time
0	0	1.5	80	3200	2400	2800	54000	22000
1	0	2.2	50	7000	6000	6200	54000	32400

[Number of Vehicle Types] - ID_veh_type, ID_depot, number_of_vehicles
0	0	2
1	0	2
0	1	2
1	1	2

[Scheduled Lines] - ID_from, ID_to, cost_per_req, capacity, dep_time, arr_time
0	1	0.1	8000	4386	6334
0	1	0.1	8000	24681	26629
0	1	0.1	8000	54527	56475
0	1	0.1	8000	75274	77222
1	0	0.1	8000	4386	6334
1	0	0.1	8000	24681	26629
1	0	0.1	8000	54527	56475
1	0	0.1	8000	75274	77222

[Nodes/requests]: ID_node, ID_depot, lat, long, type, service_time, q_del, q_col, tw_depot_start, tw_depot_end, tw_cust_start, tw_cust_end
0         0         51.32705  5.75062   -1         0         0         0         0         86400     0         86400
1         1         51.84712  6.72025   -1         0         0         0         0         86400     0         86400
2         1         51.87167  6.56256   1         657       469       0         14707     86400     35500     42700     
3         1         51.72198  6.47854   1         739       531       0         20762     86400     32657     39857     
4         0         51.39612  6.36364   1         1111      216       0         9045      86400     28800     64800     
5         1         51.91362  6.62925   1         890       550       0         26890     86400     41576     48776     
6         1         52.07106  6.22889   1         761       436       0         0         86400     28800     64800     
7         0         51.88708  5.90862   0         956       0         551       0         80197     28800     64800     
8         1         51.79105  6.49324   1         802       497       0         26645     86400     31008     41045     
9         1         51.67320  6.73796   0         904       0         262       0         86400     28800     64800     
10        1         51.14861  6.39231   0         1047      0         262       0         75728     51751     58951     
11        0         51.52971  6.41178   1         944       367       0         5954      86400     28800     64800     
