P_100_0 2 4 8 102 

[Vehicle Types] - ID_veh_type, fixed_cost, variable_cost, Speed, Capacity, alpha, beta, max_time, max_drive_time
0	0	1.5	80	3200	2400	2800	54000	22000
1	0	2.2	50	7000	6000	6200	54000	32400

[Number of Vehicle Types] - ID_veh_type, ID_depot, number_of_vehicles
0	0	9
1	0	9
0	1	9
1	1	9

[Scheduled Lines] - ID_from, ID_to, cost_per_req, capacity, dep_time, arr_time
0	1	0.1	8000	4386	6334
0	1	0.1	8000	24681	26629
0	1	0.1	8000	54527	56475
0	1	0.1	8000	75274	77222
1	0	0.1	8000	4386	6334
1	0	0.1	8000	24681	26629
1	0	0.1	8000	54527	56475
1	0	0.1	8000	75274	77222

[Nodes/requests]: ID_node, ID_depot, lat, long, type, service_time, q_del, q_col, tw_depot_start, tw_depot_end, tw_cust_start, tw_cust_end
0         0         51.35273  6.00126   -1         0         0         0         0         86400     0         86400
1         1         52.09594  6.45304   -1         0         0         0         0         86400     0         86400
2         1         51.95257  6.65487   1         937       294       0         12192     86400     53275     60475     
3         0         51.72051  6.62373   1         763       364       0         18475     86400     32908     40108     
4         1         51.89170  6.71962   0         1160      0         378       0         77021     45354     52554     
5         0         51.53304  6.02227   1         1114      577       0         28076     86400     52377     59577     
6         0         51.46110  6.72847   1         1157      137       0         5847      86400     28800     64800     
7         0         52.22770  6.33447   1         992       210       0         0         86400     45745     52945     
8         0         51.33108  5.81400   1         1149      293       0         22356     86400     28800     64800     
9         1         51.73539  6.66439   1         925       498       0         7909      86400     28800     64800     
10        1         51.08878  6.68557   0         701       0         333       0         64151     55426     62626     
11        0         51.49696  6.54877   0         671       0         115       0         62116     28800     64800     
12        0         51.58440  6.61282   1         857       242       0         0         86400     32255     39455     
13        0         51.01749  6.05023   0         998       0         165       0         86400     37416     44616     
14        0         51.84490  6.53058   1         825       305       0         10916     86400     28800     64800     
15        1         52.12982  6.38767   1         782       232       0         21502     86400     28800     64800     
16        1         51.55187  6.62208   0         1009      0         333       0         76407     54102     61302     
17        1         51.51141  6.66132   1         907       245       0         0         86400     28800     64800     
18        0         51.87400  6.62185   0         1014      0         538       0         86400     28800     64800     
19        0         51.69347  6.73232   0         1175      0         585       0         74174     28800     64800     
20        0         51.50945  6.12790   0         780       0         479       0         77897     53198     60398     
21        0         51.93065  5.89249   0         1112      0         526       0         76005     28800     64800     
22        0         51.18408  6.42177   1         766       305       0         31733     86400     39003     46203     
23        0         51.41897  6.32907   0         741       0         590       0         67433     37726     44926     
24        1         51.47485  6.34937   0         743       0         306       0         79322     39172     46372     
25        0         51.17025  6.68100   1         997       424       0         32171     86400     39646     46846     
26        1         51.89112  6.29926   1         1128      192       0         2178      86400     50288     57488     
27        1         52.00099  6.35892   0         1105      0         105       0         70069     33768     40968     
28        0         51.69696  5.91060   1         829       60        0         2612      86400     42166     49366     
29        1         51.86462  6.53036   1         882       384       0         18349     86400     28800     64800     
30        1         51.27785  6.30662   1         851       518       0         3608      86400     28800     64800     
31        0         51.54428  6.27479   1         1059      526       0         25565     86400     28800     64800     
32        0         51.66679  6.36202   1         665       391       0         0         86400     28800     64800     
33        0         51.71103  5.87868   0         785       0         79        0         82162     28800     64800     
34        1         51.75043  6.06172   1         693       223       0         21543     86400     28800     64800     
35        0         51.43545  5.97713   1         1046      490       0         0         86400     34106     41306     
36        1         51.81984  6.02905   0         749       0         314       0         63808     28800     64800     
37        1         52.09530  6.18005   1         756       459       0         20473     86400     28800     64800     
38        0         51.05484  6.07229   1         787       419       0         13475     86400     28800     64800     
39        1         52.06697  6.28530   0         1194      0         326       0         76860     28800     64800     
40        1         51.23588  6.11062   1         972       526       0         953       86400     53585     60785     
41        0         51.81100  5.96221   0         914       0         291       0         72681     28800     64800     
42        0         51.49058  6.31977   0         941       0         114       0         86400     28800     64800     
43        0         51.38595  6.73318   1         1090      77        0         996       86400     28800     64800     
44        1         51.92575  6.53776   0         1033      0         286       0         76471     28800     64800     
45        1         51.75058  6.48360   1         1085      563       0         11175     86400     28800     64800     
46        1         51.56553  6.53149   1         871       255       0         2177      86400     28800     64800     
47        1         51.73296  6.58302   0         1082      0         210       0         74786     43408     50608     
48        0         51.93760  6.11393   0         968       0         82        0         85752     28800     64800     
49        0         51.11922  5.97464   1         921       118       0         24074     86400     45752     52952     
50        1         52.17267  6.22077   0         1050      0         306       0         86400     36822     44022     
51        1         51.94535  6.09596   1         1033      416       0         11423     86400     28800     64800     
52        0         51.91076  6.14015   1         688       198       0         211       86400     43990     51190     
53        1         51.47890  6.72682   1         1082      600       0         0         86400     38496     45696     
54        1         51.78103  6.34372   1         1088      558       0         19797     86400     28800     64800     
55        0         51.15959  6.01599   0         988       0         392       0         86400     44671     51871     
56        0         51.31519  6.61913   1         644       326       0         28954     86400     29847     43354     
57        1         51.87717  6.11391   0         669       0         111       0         79486     42504     49704     
58        0         51.70246  6.16945   1         604       141       0         0         86400     41130     48330     
59        0         51.80743  6.41456   1         893       140       0         4385      86400     38385     45585     
60        1         51.32742  6.66063   0         821       0         507       0         67852     48980     56180     
61        1         51.80269  6.27143   1         1064      300       0         31617     86400     28800     64800     
62        1         52.14958  6.54102   0         940       0         165       0         72223     56170     63370     
63        0         51.46214  6.51250   1         715       522       0         346       86400     28800     64800     
64        0         51.08687  6.14033   0         662       0         104       0         69796     28800     64800     
65        0         51.34631  6.68400   1         844       287       0         21079     86400     57088     64288     
66        1         52.03353  6.19082   1         753       410       0         0         86400     28800     64800     
67        0         51.89380  6.14294   0         646       0         493       0         63042     39662     46862     
68        1         51.93779  6.66335   1         904       185       0         0         86400     28800     64800     
69        0         51.28158  6.30251   0         775       0         71        0         73248     28800     64800     
70        1         51.98716  5.94950   0         1048      0         537       0         86400     28800     64800     
71        0         51.56217  6.29310   0         833       0         254       0         79834     45546     52746     
72        1         51.95144  6.23336   1         906       239       0         24526     86400     28800     64800     
73        1         51.07439  6.72857   1         661       194       0         5513      86400     28800     64800     
74        0         51.42471  6.62459   1         860       577       0         0         86400     55789     62989     
75        0         51.90098  5.80341   1         1023      440       0         208       86400     28800     64800     
76        0         51.52248  5.85442   0         676       0         383       0         80030     28800     64800     
77        1         52.17391  6.74418   1         936       68        0         16185     86400     35578     42778     
78        1         51.82534  6.49929   0         1145      0         541       0         86400     28800     64800     
79        0         51.74452  6.30382   1         1037      273       0         19358     86400     28800     64800     
80        0         51.56238  6.20789   0         856       0         360       0         70493     28800     64800     
81        0         51.71334  6.65083   1         980       224       0         0         86400     28800     64800     
82        0         51.85331  5.98590   1         846       449       0         11080     86400     29522     36722     
83        1         52.04431  6.09267   0         677       0         214       0         67746     28800     64800     
84        0         51.02388  6.30603   1         717       396       0         0         86400     28800     64800     
85        0         51.08255  6.37649   0         758       0         194       0         77627     44589     51789     
86        1         51.80705  6.74811   0         751       0         545       0         86400     28800     64800     
87        1         51.84069  6.19266   1         1096      412       0         25088     86400     38032     45232     
88        1         52.21931  6.38231   1         868       565       0         13998     86400     50104     57304     
89        1         52.10545  6.38413   1         1066      104       0         9693      86400     35376     42576     
90        0         51.84513  6.39505   0         929       0         198       0         75232     28800     64800     
91        1         51.97628  6.02475   0         622       0         549       0         86400     28800     64800     
92        1         51.97740  6.48216   1         766       375       0         16323     86400     28800     64800     
93        1         52.23260  5.93084   0         1006      0         318       0         77984     41992     49192     
94        1         52.10781  6.55618   0         639       0         373       0         64046     29875     37075     
95        0         51.39886  5.96125   0         1154      0         349       0         67473     28800     64800     
96        1         51.73882  6.61072   0         948       0         485       0         85170     36812     44012     
97        0         51.55213  5.82304   0         1003      0         286       0         72252     28800     64800     
98        0         51.34616  6.09413   1         978       196       0         2374      86400     43018     50218     
99        1         51.69121  6.54055   0         602       0         166       0         79220     55395     62595     
100       0         51.42368  6.67037   1         774       306       0         41        86400     28800     64800     
101       1         51.90844  5.95090   0         1107      0         500       0         75465     28800     64800     
