P_100_1 2 4 8 102 

[Vehicle Types] - ID_veh_type, fixed_cost, variable_cost, Speed, Capacity, alpha, beta, max_time, max_drive_time
0	0	1.5	80	3200	2400	2800	54000	22000
1	0	2.2	50	7000	6000	6200	54000	32400

[Number of Vehicle Types] - ID_veh_type, ID_depot, number_of_vehicles
0	0	9
1	0	9
0	1	9
1	1	9

[Scheduled Lines] - ID_from, ID_to, cost_per_req, capacity, dep_time, arr_time
0	1	0.1	8000	4386	6334
0	1	0.1	8000	24681	26629
0	1	0.1	8000	54527	56475
0	1	0.1	8000	75274	77222
1	0	0.1	8000	4386	6334
1	0	0.1	8000	24681	26629
1	0	0.1	8000	54527	56475
1	0	0.1	8000	75274	77222

[Nodes/requests]: ID_node, ID_depot, lat, long, type, service_time, q_del, q_col, tw_depot_start, tw_depot_end, tw_cust_start, tw_cust_end
0         0         51.37756  6.17704   -1         0         0         0         0         86400     0         86400
1         1         52.03070  6.38774   -1         0         0         0         0         86400     0         86400
2         0         51.05437  6.02928   1         637       385       0         1976      86400     56270     63470     
3         0         51.39922  6.20195   1         722       426       0         0         86400     28800     64800     
4         1         52.18515  5.76416   0         1145      0         436       0         86400     38282     45482     
5         0         52.08647  5.87340   0         749       0         409       0         85151     28800     64800     
6         0         51.50815  5.75393   0         939       0         182       0         76022     38190     45390     
7         0         51.47077  6.01408   1         696       82        0         16826     86400     28800     64800     
8         1         52.20554  5.98330   1         835       518       0         19000     86400     28800     64800     
9         0         52.16491  6.65321   0         994       0         248       0         86400     32194     39394     
10        1         51.36573  6.38213   0         1172      0         394       0         86400     28800     64800     
11        1         51.22823  6.69212   1         834       599       0         10127     86400     52740     59940     
12        1         52.14197  6.44535   0         780       0         315       0         86400     28800     64800     
13        0         51.35007  5.99455   1         724       418       0         0         86400     52098     59298     
14        1         51.50659  6.71944   1         725       274       0         31192     86400     28800     64800     
15        1         52.20513  5.90642   0         1147      0         227       0         75699     28800     64800     
16        0         51.05444  6.20502   0         730       0         77        0         78422     44340     51540     
17        1         52.24421  6.19120   0         991       0         132       0         86400     51008     58208     
18        0         52.16079  5.92601   0         802       0         276       0         68881     49617     56817     
19        1         51.42908  5.89928   1         967       444       0         25490     86400     47319     54519     
20        0         51.27594  5.99600   1         1000      197       0         22995     86400     28800     64800     
21        1         51.36490  6.74348   0         938       0         468       0         76153     47830     55030     
22        0         51.70718  5.83440   1         877       470       0         12487     86400     30760     37960     
23        1         51.53829  6.72823   1         1052      551       0         28227     86400     47493     54693     
24        1         51.87371  6.29493   0         985       0         362       0         69230     28800     64800     
25        1         51.99174  6.35065   0         772       0         340       0         63480     44757     51957     
26        0         51.20092  6.16499   0         1187      0         195       0         64422     28800     64800     
27        0         52.06992  6.01110   1         669       506       0         10794     86400     51527     58727     
28        0         51.23663  6.64495   0         957       0         593       0         86400     28800     64800     
29        1         52.02719  5.75276   1         1157      493       0         30429     86400     28800     64800     
30        1         51.97898  6.04258   0         1020      0         262       0         86400     28800     64800     
31        0         51.27414  6.14721   0         939       0         325       0         70638     43533     50733     
32        0         51.65592  5.83824   1         1084      225       0         7046      86400     46655     53855     
33        0         51.65841  6.73965   0         1095      0         483       0         86161     39192     46392     
34        0         51.47575  6.73169   0         878       0         202       0         82633     33607     40807     
35        1         52.10346  6.65124   0         927       0         60        0         79823     38893     46093     
36        1         52.13108  6.00553   1         1029      371       0         0         86400     47402     54602     
37        1         51.83641  6.49102   0         826       0         469       0         69494     28800     64800     
38        0         51.35106  5.84373   1         663       351       0         0         86400     28800     64800     
39        0         51.67727  6.59207   1         1098      109       0         20482     86400     54923     62123     
40        0         52.06497  5.80178   0         1042      0         173       0         83964     28800     64800     
41        0         51.68695  6.30200   1         789       169       0         8653      86400     33830     41030     
42        0         51.36718  6.25197   1         1080      452       0         29765     86400     48761     55961     
43        1         51.66990  5.85578   0         780       0         448       0         80683     31187     38387     
44        1         51.67973  6.74939   1         793       199       0         8225      86400     28800     64800     
45        0         51.25025  6.50195   1         1108      362       0         22310     86400     28800     64800     
46        1         51.22455  6.64756   1         966       566       0         12870     86400     28800     64800     
47        1         52.05773  6.07654   1         1039      270       0         9293      86400     28800     64800     
48        0         51.03886  6.33206   1         772       231       0         13779     86400     43035     50235     
49        0         51.12879  6.61780   1         926       224       0         14435     86400     28800     64800     
50        1         51.97220  6.46400   0         987       0         214       0         72773     28800     64800     
51        1         52.24935  6.39455   1         711       463       0         0         86400     42804     50004     
52        1         51.01958  5.97438   0         1104      0         505       0         63808     28800     64800     
53        1         51.70082  6.73437   0         923       0         136       0         86400     28800     64800     
54        0         51.40006  6.22791   0         617       0         300       0         83709     28800     64800     
55        0         51.14907  5.75794   1         872       164       0         20921     86400     52080     59280     
56        0         51.20721  6.61400   0         1200      0         131       0         65316     44497     51697     
57        1         52.14365  5.99689   1         1090      357       0         15857     86400     32632     39832     
58        1         51.37343  6.72475   0         1189      0         465       0         67894     28800     64800     
59        1         51.01907  6.16455   0         791       0         485       0         78080     28800     64800     
60        1         52.18280  5.92149   0         719       0         214       0         86400     28800     64800     
61        0         51.98567  6.71415   0         631       0         569       0         77151     54818     62018     
62        1         51.46805  6.36896   0         1042      0         403       0         79421     54194     61394     
63        1         51.27647  5.78758   0         1149      0         211       0         61890     28800     64800     
64        1         52.12836  6.49148   1         1103      375       0         4784      86400     30388     37588     
65        0         51.79228  5.91248   1         627       195       0         15211     86400     28800     64800     
66        0         51.65079  5.75309   1         796       460       0         0         86400     28800     64800     
67        1         52.11649  6.12425   0         697       0         248       0         86400     28800     64800     
68        1         52.07557  6.50085   0         1067      0         178       0         67274     28800     64800     
69        0         51.60359  6.30017   0         1019      0         413       0         62989     43565     50765     
70        1         51.13354  6.53461   1         793       285       0         0         86400     37729     44929     
71        0         51.08101  6.13666   1         793       460       0         0         86400     28800     64800     
72        1         51.93633  5.90778   0         1007      0         398       0         78885     28800     64800     
73        0         51.38872  6.15091   0         1107      0         189       0         83175     28800     64800     
74        0         51.68892  6.19845   0         734       0         462       0         86400     40183     47383     
75        0         51.28713  6.31498   0         635       0         425       0         78626     46310     53510     
76        0         51.27049  6.70115   0         684       0         463       0         86400     28800     64800     
77        1         52.01987  6.53347   0         616       0         83        0         72827     28800     64800     
78        1         52.07162  5.94680   0         719       0         113       0         67372     56063     63263     
79        0         51.85867  6.50663   0         746       0         569       0         79634     50020     57220     
80        1         51.32609  6.45919   0         839       0         541       0         67912     28800     64800     
81        0         51.12345  6.36062   1         603       287       0         0         86400     40837     48037     
82        0         51.02560  5.92987   1         1151      226       0         13180     86400     48994     56194     
83        0         51.29993  6.37142   0         1003      0         134       0         86400     38539     45739     
84        1         51.72999  6.63115   1         1137      486       0         9735      86400     37541     44741     
85        1         51.78367  5.79078   1         699       516       0         15931     86400     31485     38685     
86        1         52.19951  5.89629   0         1132      0         582       0         73544     56900     64100     
87        0         51.26064  6.17882   0         988       0         111       0         85294     28800     64800     
88        0         51.86947  6.06606   1         761       354       0         19837     86400     28800     64800     
89        1         52.21125  6.50814   1         973       284       0         3688      86400     28800     64800     
90        1         51.85004  5.76875   0         1171      0         435       0         79776     28800     64800     
91        1         51.84990  6.58872   1         855       394       0         21218     86400     54891     62091     
92        1         51.20886  6.59735   1         943       386       0         25648     86400     28800     64800     
93        1         51.63845  6.63018   0         1041      0         427       0         86400     28800     64800     
94        1         51.64807  6.52558   0         619       0         55        0         67440     28800     64800     
95        1         51.51496  6.19469   0         908       0         88        0         64409     28800     64800     
96        0         51.33174  5.92320   1         781       571       0         0         86400     28800     64800     
97        1         51.86824  6.21246   0         1078      0         434       0         82751     50338     57538     
98        1         51.96165  6.55167   0         1022      0         535       0         82004     28800     64800     
99        0         51.52075  5.97740   0         661       0         571       0         64125     49539     56739     
100       0         51.22641  6.29821   1         952       152       0         17531     86400     55925     63125     
101       1         51.74270  6.25952   0         668       0         556       0         86400     35033     42233     
