P_10_0 2 4 8 12

[Vehicle Types] - ID_veh_type, fixed_cost, variable_cost, Speed, Capacity, alpha, beta, max_time, max_drive_time
0	0	1.5	80	3200	2400	2800	54000	22000
1	0	2.2	50	7000	6000	6200	54000	32400

[Number of Vehicle Types] - ID_veh_type, ID_depot, number_of_vehicles
0	0	2
1	0	2
0	1	2
1	1	2

[Scheduled Lines] - ID_from, ID_to, cost_per_req, capacity, dep_time, arr_time
0	1	0.1	8000	4386	6334
0	1	0.1	8000	24681	26629
0	1	0.1	8000	54527	56475
0	1	0.1	8000	75274	77222
1	0	0.1	8000	4386	6334
1	0	0.1	8000	24681	26629
1	0	0.1	8000	54527	56475
1	0	0.1	8000	75274	77222

[Nodes/requests]: ID_node, ID_depot, lat, long, type, service_time, q_del, q_col, tw_depot_start, tw_depot_end, tw_cust_start, tw_cust_end
0         0         51.09814  6.22566   -1         0         0         0         0         86400     0         86400
1         1         51.90308  6.59982   -1         0         0         0         0         86400     0         86400
2         0         51.42980  6.37039   1         708       485       0         30342     86400     28800     64800     
3         0         51.25700  6.21355   0         782       0         177       0         86400     28800     64800     
4         1         51.83840  6.28367   0         1056      0         436       0         63394     28800     64800     
5         1         51.98699  6.62158   0         918       0         250       0         79591     28800     64800     
6         0         51.95918  5.95545   1         666       355       0         29207     86400     41231     48431     
7         0         51.11319  6.60831   1         1046      103       0         26680     86400     28800     64800     
8         1         51.70143  6.44823   1         640       171       0         30280     86400     28800     64800     
9         0         51.27329  6.46633   1         637       66        0         6107      86400     32707     39907     
10        0         51.27703  6.44945   0         905       0         504       0         63973     28800     64800     
11        0         51.55503  6.40927   0         1181      0         186       0         73158     28800     64800     
