P_100_2 2 4 8 102 

[Vehicle Types] - ID_veh_type, fixed_cost, variable_cost, Speed, Capacity, alpha, beta, max_time, max_drive_time
0	0	1.5	80	3200	2400	2800	54000	22000
1	0	2.2	50	7000	6000	6200	54000	32400

[Number of Vehicle Types] - ID_veh_type, ID_depot, number_of_vehicles
0	0	9
1	0	9
0	1	9
1	1	9

[Scheduled Lines] - ID_from, ID_to, cost_per_req, capacity, dep_time, arr_time
0	1	0.1	8000	4386	6334
0	1	0.1	8000	24681	26629
0	1	0.1	8000	54527	56475
0	1	0.1	8000	75274	77222
1	0	0.1	8000	4386	6334
1	0	0.1	8000	24681	26629
1	0	0.1	8000	54527	56475
1	0	0.1	8000	75274	77222

[Nodes/requests]: ID_node, ID_depot, lat, long, type, service_time, q_del, q_col, tw_depot_start, tw_depot_end, tw_cust_start, tw_cust_end
0         0         51.27571  6.02426   -1         0         0         0         0         86400     0         86400
1         1         51.93364  6.27801   -1         0         0         0         0         86400     0         86400
2         1         52.03405  6.61921   0         1035      0         273       0         64120     28800     64800     
3         1         51.97018  6.40403   1         1159      453       0         0         86400     30154     37354     
4         0         51.13927  6.56814   1         1067      98        0         24362     86400     28800     64800     
5         0         51.06369  6.02992   0         1074      0         62        0         84237     45235     52435     
6         1         52.24270  6.08126   0         875       0         534       0         77125     28800     64800     
7         0         51.86708  6.49220   0         703       0         204       0         67761     28800     64800     
8         0         51.76923  6.15512   0         753       0         313       0         86400     28800     64800     
9         1         52.13028  6.66281   1         724       329       0         8872      86400     56274     63474     
10        1         52.04657  6.52069   0         978       0         498       0         76726     31355     38555     
11        1         51.34272  6.73106   0         716       0         480       0         86400     28800     64800     
12        1         51.99777  6.67839   1         654       208       0         3177      86400     28800     64800     
13        1         52.09276  6.26069   0         815       0         76        0         86400     52136     59336     
14        1         52.17580  5.89016   0         1046      0         246       0         64977     32459     39659     
15        1         51.63209  6.36264   0         999       0         327       0         64063     37128     44328     
16        1         51.76233  5.75177   1         749       547       0         20359     86400     28800     64800     
17        1         51.42246  6.72700   1         724       187       0         10577     86400     28800     64800     
18        0         51.18192  6.61686   0         1188      0         543       0         73595     28800     64800     
19        1         52.21518  6.41358   0         731       0         219       0         83290     28800     64800     
20        1         51.88540  6.41675   1         867       594       0         12616     86400     47592     54792     
21        1         51.97384  6.70517   0         972       0         188       0         74926     28800     64800     
22        0         51.15232  6.18059   0         975       0         233       0         63084     28800     64800     
23        1         51.67085  6.43113   0         1070      0         454       0         78818     54680     61880     
24        0         51.41616  6.06875   1         1008      228       0         16931     86400     28800     64800     
25        0         51.55683  6.36774   1         1137      398       0         22151     86400     28800     64800     
26        0         51.65552  6.69621   0         743       0         553       0         63514     45273     52473     
27        0         51.58686  6.49345   0         983       0         79        0         78661     28800     64800     
28        0         51.06980  5.78050   0         885       0         108       0         63178     28800     64800     
29        1         51.80648  6.41528   0         1114      0         295       0         86400     34027     41227     
30        0         51.03979  6.06195   1         1150      336       0         18567     86400     43184     50384     
31        0         51.08420  6.21313   1         1106      582       0         3848      86400     41488     48688     
32        1         51.66123  6.17337   0         691       0         556       0         86400     28800     64800     
33        1         51.74348  5.78939   1         1088      231       0         0         86400     28800     64800     
34        0         51.29021  6.25265   0         702       0         182       0         79674     28800     64800     
35        0         51.19087  6.10485   0         708       0         592       0         86400     48915     56115     
36        0         51.59300  5.75729   0         618       0         190       0         68420     28800     64800     
37        1         51.59592  6.65469   1         707       183       0         22409     86400     56464     63664     
38        1         51.61022  6.52643   1         628       560       0         15367     86400     28800     64800     
39        0         51.71479  6.45747   1         945       96        0         804       86400     28800     64800     
40        0         51.79556  6.40084   0         1129      0         201       0         81274     28800     64800     
41        0         52.21048  5.92398   1         711       559       0         15686     86400     28800     64800     
42        0         51.57126  6.46559   1         1021      56        0         10964     86400     28800     64800     
43        0         51.29374  6.12536   0         1198      0         252       0         84230     37384     44584     
44        0         51.12779  6.57577   1         809       110       0         25831     86400     28800     64800     
45        1         51.95332  6.61226   0         793       0         224       0         72455     41991     49191     
46        0         51.55803  5.83270   1         1051      205       0         0         86400     48985     56185     
47        0         51.20094  5.95331   0         1136      0         247       0         82878     31417     38617     
48        1         51.43866  5.95532   1         1060      268       0         5795      86400     28800     64800     
49        1         51.95937  6.70085   0         1199      0         348       0         63678     43732     50932     
50        1         51.87525  6.40775   0         863       0         157       0         62226     28800     64800     
51        0         51.06354  5.95004   0         743       0         282       0         67763     28800     64800     
52        1         51.26061  6.70093   0         939       0         284       0         74669     28800     64800     
53        1         51.96488  6.30377   1         1169      518       0         7457      86400     49074     56274     
54        0         51.14689  6.59246   1         807       484       0         0         86400     28800     64800     
55        0         51.11991  5.85845   1         970       235       0         0         86400     28800     64800     
56        0         51.79831  6.42597   1         847       427       0         24497     86400     28800     64800     
57        1         51.93367  6.34795   1         997       587       0         21588     86400     28800     64800     
58        0         51.27288  6.29590   1         1045      409       0         8366      86400     49906     57106     
59        0         51.59729  6.21831   1         1084      581       0         0         86400     46718     53918     
60        0         51.44637  6.73244   1         787       491       0         22048     86400     28800     64800     
61        1         51.10859  6.17359   0         725       0         333       0         65847     28800     64800     
62        0         51.05654  6.29569   0         1176      0         543       0         86400     28800     64800     
63        0         51.04529  5.80187   0         783       0         255       0         74862     28800     64800     
64        1         51.88384  6.23266   1         958       572       0         24616     86400     28800     64800     
65        1         51.10183  6.13654   1         1161      166       0         32383     86400     28800     64800     
66        0         51.28068  6.02762   1         907       272       0         18236     86400     45255     52455     
67        1         51.74267  6.35916   0         748       0         125       0         83135     36758     43958     
68        1         51.58528  5.81787   1         631       231       0         14945     86400     48423     55623     
69        0         51.32125  6.00847   0         921       0         298       0         77253     28800     64800     
70        0         51.08422  5.97633   0         893       0         216       0         69204     28800     64800     
71        0         51.74021  6.70391   1         687       180       0         2247      86400     42018     49218     
72        0         51.10415  6.09285   0         977       0         585       0         63396     28800     64800     
73        1         51.95198  6.18967   0         615       0         158       0         76593     28800     64800     
74        0         51.73338  6.61675   0         710       0         417       0         74235     28800     64800     
75        1         51.92032  6.72838   1         678       524       0         0         86400     28800     64800     
76        0         51.02185  5.91704   1         928       543       0         22791     86400     28800     64800     
77        0         51.07140  6.29888   0         718       0         150       0         84726     28800     64800     
78        1         51.91029  6.16495   1         663       287       0         24576     86400     28800     64800     
79        1         51.40908  6.73172   0         1120      0         523       0         73899     36193     43393     
80        0         51.11851  6.23210   1         660       561       0         11040     86400     28800     64800     
81        0         51.18779  6.63881   0         603       0         555       0         64074     28800     64800     
82        0         51.34086  5.80842   0         1111      0         473       0         64881     38250     45450     
83        0         51.17642  6.34543   0         613       0         206       0         63957     28800     64800     
84        1         52.13009  6.46473   0         685       0         333       0         82122     47902     55102     
85        1         51.80793  6.19630   0         703       0         202       0         65763     28800     64800     
86        1         51.56841  5.81715   1         781       412       0         0         86400     28800     64800     
87        1         51.79715  6.07619   1         1147      181       0         21988     86400     28800     64800     
88        0         51.34477  5.82630   1         1028      326       0         10441     86400     28800     64800     
89        1         52.21077  6.05394   0         834       0         399       0         86400     38997     46197     
90        0         51.60022  5.92373   1         858       405       0         0         86400     37574     44774     
91        0         51.00795  6.16733   1         969       432       0         0         86400     28800     64800     
92        0         51.26222  6.10226   1         779       471       0         6999      86400     28800     64800     
93        1         51.56481  6.47618   1         849       444       0         4738      86400     51436     58636     
94        1         52.01517  5.80371   1         696       273       0         2768      86400     53686     60886     
95        0         51.04371  5.84241   0         1134      0         156       0         86400     45336     52536     
96        1         51.85433  6.72493   1         890       318       0         0         86400     35611     42811     
97        0         51.28037  5.82471   1         621       574       0         0         86400     28800     64800     
98        0         51.68411  6.63819   1         1182      422       0         18008     86400     34748     41948     
99        0         51.35113  6.19518   1         756       400       0         0         86400     44957     52157     
100       0         51.49064  6.71588   1         773       403       0         0         86400     43377     50577     
101       1         51.78287  6.65291   0         1027      0         168       0         61378     36099     43299     
