P_10_2 2 4 8 12

[Vehicle Types] - ID_veh_type, fixed_cost, variable_cost, Speed, Capacity, alpha, beta, max_time, max_drive_time
0	0	1.5	80	3200	2400	2800	54000	22000
1	0	2.2	50	7000	6000	6200	54000	32400

[Number of Vehicle Types] - ID_veh_type, ID_depot, number_of_vehicles
0	0	2
1	0	2
0	1	2
1	1	2

[Scheduled Lines] - ID_from, ID_to, cost_per_req, capacity, dep_time, arr_time
0	1	0.1	8000	4386	6334
0	1	0.1	8000	24681	26629
0	1	0.1	8000	54527	56475
0	1	0.1	8000	75274	77222
1	0	0.1	8000	4386	6334
1	0	0.1	8000	24681	26629
1	0	0.1	8000	54527	56475
1	0	0.1	8000	75274	77222

[Nodes/requests]: ID_node, ID_depot, lat, long, type, service_time, q_del, q_col, tw_depot_start, tw_depot_end, tw_cust_start, tw_cust_end
0         0         51.18827  5.91339   -1         0         0         0         0         86400     0         86400
1         1         52.15882  6.60068   -1         0         0         0         0         86400     0         86400
2         1         51.65684  6.27222   1         939       474       0         31375     86400     42288     49488     
3         1         51.90733  6.12886   0         1117      0         511       0         68844     28800     64800     
4         0         51.43000  6.51535   1         826       88        0         30910     86400     42462     49662     
5         1         51.46667  6.66531   1         1104      356       0         20889     86400     28800     64800     
6         1         51.63521  6.17226   1         830       327       0         26453     86400     38254     45454     
7         0         51.63583  6.12516   1         829       233       0         21730     86400     28800     64800     
8         0         51.10970  5.75112   1         1177      370       0         9509      86400     31665     38865     
9         1         51.88140  5.87489   1         897       408       0         0         86400     33233     40433     
10        0         51.55666  6.10169   0         1100      0         85        0         62054     28800     64800     
11        1         52.19869  5.81950   1         1193      93        0         31969     86400     28800     64800     
