P_125_0 2 4 8 127 

[Vehicle Types] - ID_veh_type, fixed_cost, variable_cost, Speed, Capacity, alpha, beta, max_time, max_drive_time
0	0	1.5	80	3200	2400	2800	54000	22000
1	0	2.2	50	7000	6000	6200	54000	32400

[Number of Vehicle Types] - ID_veh_type, ID_depot, number_of_vehicles
0	0	11
1	0	11
0	1	11
1	1	11

[Scheduled Lines] - ID_from, ID_to, cost_per_req, capacity, dep_time, arr_time
0	1	0.1	8000	4386	6334
0	1	0.1	8000	24681	26629
0	1	0.1	8000	54527	56475
0	1	0.1	8000	75274	77222
1	0	0.1	8000	4386	6334
1	0	0.1	8000	24681	26629
1	0	0.1	8000	54527	56475
1	0	0.1	8000	75274	77222

[Nodes/requests]: ID_node, ID_depot, lat, long, type, service_time, q_del, q_col, tw_depot_start, tw_depot_end, tw_cust_start, tw_cust_end
0         0         51.61586  6.15016   -1         0         0         0         0         86400     0         86400
1         1         51.89137  6.67068   -1         0         0         0         0         86400     0         86400
2         0         52.15465  5.93644   0         991       0         460       0         74800     28800     64800     
3         0         51.34093  6.29918   1         1126      316       0         0         86400     39870     47070     
4         0         51.55592  6.27820   0         1056      0         144       0         86400     54252     61452     
5         1         51.13152  5.88955   1         1092      314       0         5180      86400     35639     42839     
6         0         51.77995  6.10359   0         1174      0         568       0         78697     28800     64800     
7         1         51.95169  6.05795   0         859       0         511       0         86400     34512     41712     
8         0         51.94994  5.98667   0         838       0         74        0         86400     34494     41694     
9         0         51.42295  6.19965   1         949       77        0         21661     86400     28800     64800     
10        1         51.01673  6.66438   0         804       0         544       0         73178     29358     36558     
11        0         51.05671  5.97418   0         1050      0         109       0         82803     39766     46966     
12        0         52.04418  6.10940   1         820       110       0         24628     86400     28800     64800     
13        0         52.14399  6.61431   1         722       101       0         0         86400     30767     37967     
14        1         51.44625  5.89481   0         745       0         240       0         61726     50412     57612     
15        1         51.08142  6.24427   1         645       200       0         0         86400     28800     64800     
16        1         51.25967  6.66917   0         1100      0         516       0         79001     45730     52930     
17        0         51.47688  6.31417   0         1079      0         445       0         65361     28800     64800     
18        1         51.03892  6.51239   1         791       102       0         3154      86400     28800     64800     
19        0         51.95212  6.08405   1         1118      522       0         0         86400     31865     39065     
20        0         51.98138  6.38807   1         735       323       0         0         86400     55176     62376     
21        0         51.41581  6.08543   0         1031      0         592       0         74134     28800     64800     
22        1         51.59307  6.65762   1         676       509       0         0         86400     38187     45387     
23        0         51.12801  6.44531   0         627       0         455       0         82778     40800     48000     
24        0         51.89033  5.84994   1         894       501       0         5268      86400     31719     38919     
25        1         52.10486  6.24859   1         1081      203       0         24514     86400     45983     53183     
26        0         51.49553  6.25885   0         1002      0         198       0         86400     28800     64800     
27        0         51.59676  6.70577   0         1122      0         547       0         86400     28800     64800     
28        1         52.13854  6.36564   0         1160      0         133       0         86400     28800     64800     
29        1         51.45423  5.81163   1         968       428       0         1809      86400     30334     37534     
30        0         51.32079  6.08682   1         776       290       0         19066     86400     28800     64800     
31        0         51.32257  5.77172   1         627       474       0         20891     86400     51257     58457     
32        0         51.46143  5.77034   0         941       0         241       0         62183     53789     60989     
33        0         51.25749  5.85039   1         884       394       0         29586     86400     28800     64800     
34        0         51.60363  5.97108   1         1071      558       0         28461     86400     28800     64800     
35        1         52.12605  5.78551   0         1140      0         277       0         64551     33152     40352     
36        0         51.63862  6.56416   0         1016      0         423       0         66302     54668     61868     
37        1         51.24602  6.42787   0         666       0         592       0         64009     28800     64800     
38        0         52.23123  5.77070   0         913       0         529       0         80573     28800     64800     
39        1         51.13422  6.39920   1         682       518       0         10891     86400     46219     53419     
40        1         51.89405  6.56072   1         877       575       0         331       86400     40193     47393     
41        1         51.18053  6.10040   0         1197      0         224       0         83914     49567     56767     
42        1         51.79233  6.65395   1         1179      562       0         4539      86400     28800     64800     
43        1         51.96707  6.56754   1         1082      483       0         14391     86400     28800     64800     
44        1         51.21377  6.74310   1         645       199       0         0         86400     28800     64800     
45        0         51.48444  6.55474   1         1041      51        0         18884     86400     28800     64800     
46        1         51.92517  6.48689   1         1148      113       0         7681      86400     32840     40040     
47        0         51.97813  6.13300   0         621       0         583       0         61630     28800     64800     
48        0         51.64124  5.84919   0         1004      0         259       0         65446     29602     36802     
49        0         52.10452  6.68910   0         1104      0         130       0         86400     28800     64800     
50        0         51.44371  6.66124   1         831       421       0         24036     86400     40181     47381     
51        0         51.10102  5.85287   0         618       0         293       0         76005     56569     63769     
52        1         51.84700  6.63817   1         1123      406       0         23002     86400     43524     50724     
53        1         52.11368  6.67417   0         664       0         88        0         64533     36405     43605     
54        1         52.06430  6.57487   1         880       476       0         26040     86400     53702     60902     
55        0         52.23914  6.13329   0         727       0         168       0         75994     44067     51267     
56        0         51.74620  6.57050   0         927       0         64        0         73119     51226     58426     
57        1         51.81629  5.79273   1         1198      453       0         6062      86400     45124     52324     
58        1         51.40155  6.68558   1         1015      251       0         28705     86400     38494     45694     
59        0         51.01712  6.26157   1         727       392       0         0         86400     53368     60568     
60        0         51.37228  6.13224   0         941       0         129       0         70276     28800     64800     
61        0         51.33771  6.07928   0         697       0         394       0         86400     42757     49957     
62        0         51.24017  6.18414   1         701       181       0         15042     86400     28800     64800     
63        1         52.18150  6.36153   0         875       0         211       0         75977     44370     51570     
64        1         51.93617  6.57107   0         875       0         568       0         64428     28800     64800     
65        0         51.46215  5.98784   0         877       0         251       0         86400     57105     64305     
66        0         52.06118  5.92845   1         1032      113       0         0         86400     33804     41004     
67        1         52.20057  6.24134   1         988       195       0         2075      86400     54034     61234     
68        0         51.83770  6.23470   1         971       316       0         0         86400     45925     53125     
69        0         51.09024  6.46617   0         670       0         515       0         64230     28800     64800     
70        0         51.23019  5.92057   1         1037      454       0         23935     86400     35993     43193     
71        0         51.28798  6.46989   0         704       0         493       0         75666     38493     45693     
72        1         51.83574  5.75382   1         1191      50        0         29511     86400     50246     57446     
73        0         51.63119  6.54399   1         1138      451       0         0         86400     43022     50222     
74        1         51.25944  6.68730   0         843       0         245       0         69417     51944     59144     
75        1         51.01459  6.57494   0         988       0         319       0         74765     28800     64800     
76        0         51.30586  6.64471   0         933       0         556       0         86210     35287     42487     
77        1         51.22646  6.43681   0         1193      0         100       0         71482     41051     48251     
78        1         51.87253  5.84247   0         854       0         101       0         73079     56126     63326     
79        1         51.62706  5.88540   1         779       235       0         23421     86400     28800     64800     
80        0         51.50132  5.93258   0         798       0         543       0         86400     28800     64800     
81        1         52.13601  6.50549   1         1107      443       0         59        86400     57213     64413     
82        0         51.58763  5.93803   1         983       349       0         0         86400     28800     64800     
83        1         51.28867  6.55971   1         628       362       0         13938     86400     54779     61979     
84        1         51.76226  6.01098   1         1026      364       0         31554     86400     28800     64800     
85        1         51.45621  6.42258   1         1028      159       0         25467     86400     31542     39867     
86        0         52.00000  6.00988   1         1159      207       0         2581      86400     57163     64363     
87        1         51.92084  6.42790   1         1193      548       0         14950     86400     36306     43506     
88        0         52.21790  6.35186   1         1181      259       0         31506     86400     40805     48005     
89        0         51.83239  6.05196   1         875       152       0         14515     86400     28800     64800     
90        1         52.11699  6.31615   0         1176      0         531       0         61548     28800     64800     
91        1         52.08141  6.14047   0         709       0         147       0         71892     28800     64800     
92        0         51.19695  6.17823   1         935       179       0         7600      86400     37069     44269     
93        1         51.86952  5.85283   1         1062      350       0         4646      86400     50494     57694     
94        0         51.57734  5.80133   0         745       0         119       0         78843     28800     64800     
95        0         51.08360  6.55754   0         649       0         96        0         69071     42106     49306     
96        1         51.94394  6.53054   1         777       51        0         20686     86400     37312     44512     
97        0         51.19970  6.74260   1         1122      523       0         0         86400     39155     46355     
98        0         51.60467  6.03911   1         626       89        0         17199     86400     28800     64800     
99        0         52.22508  5.92770   0         1019      0         457       0         86400     47124     54324     
100       1         51.00237  6.10559   1         1148      219       0         32228     86400     28800     64800     
101       1         51.29673  6.24116   0         883       0         217       0         86400     31536     38736     
102       0         51.26222  6.72862   0         761       0         261       0         75634     50283     57483     
103       0         52.09993  6.03868   1         855       326       0         144       86400     28800     64800     
104       0         51.64035  6.27296   0         1110      0         346       0         79037     49548     56748     
105       0         51.50981  6.14535   1         1169      182       0         8466      86400     39724     46924     
106       0         51.90711  5.82129   0         1167      0         417       0         68032     28800     64800     
107       0         51.04111  6.71105   1         1116      322       0         0         86400     39471     46671     
108       1         51.98683  6.12867   0         1156      0         586       0         86400     36125     43325     
109       0         51.17354  6.19560   1         1016      333       0         22134     86400     28800     64800     
110       1         52.09429  6.42054   0         1103      0         282       0         69006     42106     49306     
111       0         51.81357  6.02664   1         1060      389       0         0         86400     28800     64800     
112       1         52.20202  6.01603   1         856       445       0         14603     86400     28800     64800     
113       1         51.70244  6.36343   1         1189      106       0         21270     86400     28800     64800     
114       1         52.02523  6.51797   1         878       176       0         18654     86400     57257     64457     
115       1         51.89657  6.57941   1         1145      226       0         21863     86400     46974     54174     
116       0         51.37590  6.23174   0         1049      0         531       0         86400     28800     64800     
117       0         52.11742  6.16501   0         999       0         447       0         75529     28800     64800     
118       0         51.71775  6.24829   1         943       540       0         0         86400     28800     64800     
119       0         51.65899  6.01882   1         642       282       0         25486     86400     28800     64800     
120       0         51.02410  5.75641   0         855       0         373       0         77665     33449     40649     
121       0         51.95087  5.80434   1         963       141       0         30067     86400     28800     64800     
122       0         51.68917  6.03751   1         1191      209       0         8658      86400     28800     64800     
123       0         51.04951  6.38215   0         650       0         456       0         86400     28800     64800     
124       0         51.66904  6.00722   1         1130      78        0         31436     86400     50995     58195     
125       1         51.39440  5.80215   0         607       0         143       0         69351     48714     55914     
126       0         51.27866  6.32298   1         914       279       0         15615     86400     55304     62504     
