P_125_2 2 4 8 127 

[Vehicle Types] - ID_veh_type, fixed_cost, variable_cost, Speed, Capacity, alpha, beta, max_time, max_drive_time
0	0	1.5	80	3200	2400	2800	54000	22000
1	0	2.2	50	7000	6000	6200	54000	32400

[Number of Vehicle Types] - ID_veh_type, ID_depot, number_of_vehicles
0	0	11
1	0	11
0	1	11
1	1	11

[Scheduled Lines] - ID_from, ID_to, cost_per_req, capacity, dep_time, arr_time
0	1	0.1	8000	4386	6334
0	1	0.1	8000	24681	26629
0	1	0.1	8000	54527	56475
0	1	0.1	8000	75274	77222
1	0	0.1	8000	4386	6334
1	0	0.1	8000	24681	26629
1	0	0.1	8000	54527	56475
1	0	0.1	8000	75274	77222

[Nodes/requests]: ID_node, ID_depot, lat, long, type, service_time, q_del, q_col, tw_depot_start, tw_depot_end, tw_cust_start, tw_cust_end
0         0         51.00864  6.03662   -1         0         0         0         0         86400     0         86400
1         1         51.66689  6.39871   -1         0         0         0         0         86400     0         86400
2         1         52.15773  6.50441   1         953       50        0         0         86400     31675     38875     
3         1         51.35228  6.56893   0         834       0         149       0         79741     28800     64800     
4         1         51.83099  6.62678   1         682       479       0         11841     86400     28800     64800     
5         0         51.55973  6.25362   0         779       0         378       0         86400     46034     53234     
6         1         52.07544  6.47659   1         858       556       0         0         86400     28800     64800     
7         0         51.41956  6.41100   1         698       84        0         0         86400     41885     49085     
8         1         51.36829  6.52447   1         1068      279       0         11665     86400     45518     52718     
9         0         52.11293  6.31569   1         897       162       0         8553      86400     43909     51109     
10        0         51.37646  6.68593   1         1028      313       0         14830     86400     28800     64800     
11        1         52.23514  6.66809   1         969       448       0         0         86400     38929     46129     
12        1         52.17092  6.10240   0         1167      0         285       0         64730     28800     64800     
13        1         51.66779  6.14915   1         845       209       0         0         86400     36007     43207     
14        0         52.20624  6.12423   0         783       0         481       0         66720     46080     53280     
15        1         51.61769  6.13226   1         615       506       0         20922     86400     34722     41922     
16        1         52.17595  6.65269   0         647       0         208       0         86400     28800     64800     
17        1         51.77833  5.76022   1         982       155       0         20155     86400     45170     52370     
18        0         51.35625  6.04365   1         898       592       0         0         86400     46761     53961     
19        1         51.35573  6.65339   0         694       0         595       0         69218     28800     64800     
20        0         51.24434  6.73014   0         953       0         184       0         86400     28800     64800     
21        1         51.14508  6.57234   0         768       0         595       0         86087     29176     36376     
22        0         51.80983  6.67986   1         602       268       0         12177     86400     28800     64800     
23        1         51.79795  6.60499   0         1176      0         345       0         77998     28800     64800     
24        1         52.01961  6.54406   1         890       365       0         0         86400     41165     48365     
25        0         51.13862  6.53349   0         848       0         383       0         86400     28800     64800     
26        0         51.70381  5.84190   1         942       259       0         9672      86400     28800     64800     
27        0         52.03086  6.10495   0         1059      0         262       0         72672     47334     54534     
28        0         51.12722  6.49984   1         819       388       0         14840     86400     28800     64800     
29        1         51.87779  5.76037   1         1118      369       0         0         86400     28800     64800     
30        1         51.95135  6.01678   0         1162      0         430       0         86400     28800     64800     
31        1         51.30500  6.18186   0         1136      0         271       0         69324     38235     45435     
32        1         51.65789  6.06844   0         1000      0         295       0         86400     53659     60859     
33        0         51.77172  5.99151   0         646       0         445       0         86400     28800     64800     
34        1         51.54491  6.27027   0         1080      0         312       0         80494     28800     64800     
35        1         52.24196  6.16102   0         861       0         448       0         86400     28800     64800     
36        0         52.24736  6.08139   1         846       317       0         6731      86400     28800     64800     
37        1         51.92885  6.18323   1         877       584       0         29782     86400     51170     58370     
38        1         52.00105  5.85936   0         822       0         304       0         62996     28800     64800     
39        0         51.84653  5.85654   0         743       0         508       0         66164     43644     50844     
40        1         52.05160  5.82650   0         756       0         389       0         86400     28800     64800     
41        0         51.72079  6.74989   0         808       0         69        0         85885     38503     45703     
42        1         52.05410  6.38169   1         1110      542       0         0         86400     28800     64800     
43        1         51.03414  5.81643   1         1071      242       0         30827     86400     28800     64800     
44        1         51.40024  6.62363   1         1080      226       0         30116     86400     37414     44614     
45        1         52.05618  6.48008   0         1192      0         458       0         82807     28800     64800     
46        1         51.45343  6.27296   1         1156      298       0         8461      86400     28800     64800     
47        1         51.16764  6.50611   0         815       0         280       0         82466     31944     39144     
48        1         51.98796  6.32969   1         1106      74        0         27866     86400     55768     62968     
49        1         51.40484  6.72539   0         895       0         317       0         86400     34703     41903     
50        1         51.60343  6.61928   0         1071      0         201       0         63436     42456     49656     
51        0         51.31600  6.19952   0         1129      0         267       0         67017     28800     64800     
52        1         51.61091  6.47894   1         1183      69        0         0         86400     41847     49047     
53        1         51.28394  6.71635   1         1067      576       0         15235     86400     28800     64800     
54        1         51.96527  6.48537   1         675       293       0         14564     86400     41504     48704     
55        1         51.16920  6.42980   0         1049      0         583       0         65669     28800     64800     
56        0         51.04210  6.44879   0         884       0         133       0         86400     28800     64800     
57        0         51.37859  6.15772   1         666       472       0         0         86400     35027     42227     
58        1         51.84747  5.75032   0         772       0         339       0         71498     28800     64800     
59        0         51.23748  6.46935   1         832       165       0         11951     86400     28800     64800     
60        0         51.42237  6.59479   0         696       0         573       0         78294     28800     64800     
61        1         51.49761  6.13428   1         1073      142       0         0         86400     34732     41932     
62        0         51.28481  5.91180   0         1037      0         264       0         76893     28800     64800     
63        0         51.02300  6.48546   0         1044      0         363       0         86400     28800     64800     
64        1         51.67107  6.40719   1         875       356       0         720       86400     44412     51612     
65        1         51.45112  6.28444   0         1188      0         239       0         86400     28800     64800     
66        1         52.22262  6.69633   0         933       0         580       0         83276     28800     64800     
67        0         51.57948  5.86862   0         904       0         110       0         77975     28800     64800     
68        1         51.60260  6.15911   0         1068      0         552       0         86400     51192     58392     
69        1         51.82099  6.00462   0         1131      0         577       0         69427     28800     64800     
70        0         51.33057  6.59248   1         1171      172       0         20813     86400     53820     61020     
71        0         51.26301  6.74676   1         773       299       0         28187     86400     53704     60904     
72        0         51.83258  6.71515   1         1002      423       0         10888     86400     34780     41980     
73        1         51.99332  6.60307   0         1189      0         515       0         61285     30840     38040     
74        1         51.77035  5.84738   1         1176      593       0         0         86400     28800     64800     
75        0         52.10591  5.94534   0         990       0         285       0         74767     28800     64800     
76        1         51.86948  6.70306   1         1074      81        0         0         86400     28800     64800     
77        1         51.52194  6.11120   0         1026      0         589       0         84511     31174     38374     
78        1         52.05204  6.31210   0         1093      0         551       0         65079     28800     64800     
79        1         52.18544  6.51511   1         886       567       0         31095     86400     31264     45495     
80        1         51.16863  6.46021   0         1174      0         225       0         71845     28800     64800     
81        1         52.12865  6.26805   0         1095      0         344       0         86400     29326     36526     
82        1         51.38171  5.80562   0         1123      0         275       0         86400     28800     64800     
83        1         51.88007  6.13277   0         815       0         146       0         83177     28800     64800     
84        1         51.43931  6.20824   1         945       337       0         30273     86400     28800     64800     
85        0         52.24903  6.68993   1         880       236       0         28958     86400     28800     64800     
86        1         51.22650  6.09765   1         1080      433       0         15785     86400     28800     64800     
87        1         51.97863  6.61247   1         870       535       0         0         86400     44349     51549     
88        0         51.05687  6.38430   1         842       314       0         0         86400     53531     60731     
89        0         52.18816  6.71239   0         1018      0         391       0         62559     28800     64800     
90        1         51.90069  6.18681   1         639       281       0         16314     86400     28800     64800     
91        1         51.86144  6.50678   1         657       512       0         0         86400     41080     48280     
92        0         51.44101  6.24260   1         830       415       0         12966     86400     28800     64800     
93        0         51.18119  5.99820   1         779       425       0         27254     86400     28800     64800     
94        1         51.73359  6.15153   0         617       0         119       0         73288     30452     37652     
95        1         51.30674  5.84689   1         600       552       0         21312     86400     57264     64464     
96        0         52.16379  6.62988   0         1104      0         573       0         64578     51757     58957     
97        1         52.24061  6.57055   0         949       0         547       0         71051     28800     64800     
98        0         52.07937  6.73316   0         681       0         417       0         65130     28800     64800     
99        1         51.94342  6.66300   1         854       68        0         13472     86400     56989     64189     
100       1         51.82587  6.25906   1         959       561       0         12665     86400     51440     58640     
101       1         52.04278  6.34338   0         1120      0         122       0         86400     39832     47032     
102       0         51.99482  6.46861   1         1114      119       0         7464      86400     28800     64800     
103       0         51.91198  6.41447   1         1196      124       0         10668     86400     28800     64800     
104       0         51.00752  5.98624   1         1158      329       0         2512      86400     31009     38209     
105       1         51.49964  5.86740   0         765       0         450       0         75765     50268     57468     
106       1         51.77515  6.50429   1         1105      57        0         29525     86400     49443     56643     
107       0         51.50994  6.52863   0         966       0         269       0         74620     53540     60740     
108       0         51.44850  5.96319   0         770       0         536       0         86400     50257     57457     
109       0         51.84098  5.97802   1         1101      411       0         30409     86400     28800     64800     
110       1         52.18996  6.23527   0         617       0         509       0         70040     45061     52261     
111       1         51.77079  6.72895   0         734       0         321       0         86400     54516     61716     
112       1         51.94791  5.95812   1         1009      366       0         18004     86400     56225     63425     
113       0         51.11145  6.31326   1         933       475       0         9496      86400     52141     59341     
114       1         51.91132  5.86097   1         1076      451       0         0         86400     28800     64800     
115       1         51.49305  6.30624   1         941       139       0         14488     86400     28800     64800     
116       1         51.59478  6.46496   0         896       0         288       0         70288     36527     43727     
117       0         51.98451  6.02587   1         778       255       0         21162     86400     32772     39972     
118       1         52.07028  5.82267   0         986       0         411       0         80325     28800     64800     
119       0         51.40052  5.91795   0         1189      0         183       0         84633     40795     47995     
120       1         51.60084  6.40866   1         913       197       0         18656     86400     56978     64178     
121       1         51.32468  6.28036   1         670       567       0         32038     86400     28800     64800     
122       1         51.96649  6.47856   1         624       55        0         25430     86400     28800     64800     
123       0         51.09033  6.35593   0         708       0         503       0         86400     44470     51670     
124       1         51.06866  6.16627   0         1087      0         183       0         85172     55944     63144     
125       1         51.63764  6.05128   1         734       138       0         22701     86400     28800     64800     
126       1         51.38544  6.56707   0         871       0         107       0         76435     33582     40782     
