P_125_1 2 4 8 127 

[Vehicle Types] - ID_veh_type, fixed_cost, variable_cost, Speed, Capacity, alpha, beta, max_time, max_drive_time
0	0	1.5	80	3200	2400	2800	54000	22000
1	0	2.2	50	7000	6000	6200	54000	32400

[Number of Vehicle Types] - ID_veh_type, ID_depot, number_of_vehicles
0	0	11
1	0	11
0	1	11
1	1	11

[Scheduled Lines] - ID_from, ID_to, cost_per_req, capacity, dep_time, arr_time
0	1	0.1	8000	4386	6334
0	1	0.1	8000	24681	26629
0	1	0.1	8000	54527	56475
0	1	0.1	8000	75274	77222
1	0	0.1	8000	4386	6334
1	0	0.1	8000	24681	26629
1	0	0.1	8000	54527	56475
1	0	0.1	8000	75274	77222

[Nodes/requests]: ID_node, ID_depot, lat, long, type, service_time, q_del, q_col, tw_depot_start, tw_depot_end, tw_cust_start, tw_cust_end
0         0         51.14585  5.81817   -1         0         0         0         0         86400     0         86400
1         1         52.04596  6.35197   -1         0         0         0         0         86400     0         86400
2         0         51.85497  6.25962   1         937       80        0         0         86400     41080     48280     
3         1         51.88463  6.44736   0         928       0         172       0         86400     28800     64800     
4         0         51.65182  5.78370   1         665       580       0         14649     86400     28800     64800     
5         0         51.33863  6.05249   0         1071      0         330       0         86400     37281     44481     
6         0         51.37975  6.37362   1         600       430       0         18961     86400     28800     64800     
7         1         51.39259  6.31210   0         1104      0         484       0         65728     31681     38881     
8         0         51.86461  6.06258   1         1051      427       0         16167     86400     28800     64800     
9         1         51.65117  5.98450   1         655       116       0         16435     86400     28800     64800     
10        0         51.78607  5.93011   1         948       70        0         0         86400     28800     64800     
11        0         51.21054  6.20703   1         1065      316       0         15445     86400     42739     49939     
12        1         52.24610  6.70103   0         1011      0         192       0         68867     28800     64800     
13        1         52.21082  6.09051   0         717       0         351       0         72045     28800     64800     
14        1         51.78906  6.24468   0         719       0         408       0         81483     28800     64800     
15        0         51.22680  6.69416   0         935       0         470       0         61695     48575     55775     
16        1         51.63080  6.68323   1         856       301       0         26378     86400     47995     55195     
17        1         51.94350  6.71267   1         744       57        0         26787     86400     49213     56413     
18        1         52.14080  6.08839   1         1087      243       0         9112      86400     45256     52456     
19        0         52.16641  6.38327   1         1154      512       0         25766     86400     41385     48585     
20        1         51.24244  6.30273   0         1053      0         270       0         77833     40324     47524     
21        0         51.38294  6.65307   1         1016      592       0         24687     86400     42723     49923     
22        0         51.11244  6.61261   0         939       0         301       0         86400     33933     41133     
23        0         51.64727  6.22904   1         628       168       0         30065     86400     28800     64800     
24        0         51.42966  6.23612   1         906       79        0         10896     86400     51665     58865     
25        1         51.35302  6.29301   0         861       0         565       0         84873     28800     64800     
26        0         51.13035  5.92400   1         659       67        0         13397     86400     28800     64800     
27        1         51.61581  6.25975   1         1184      380       0         20312     86400     28800     64800     
28        1         52.09976  5.83001   1         893       514       0         10399     86400     28800     64800     
29        1         51.77652  6.74496   0         957       0         329       0         86400     32815     40015     
30        1         51.77849  6.23959   1         1051      75        0         25915     86400     28800     64800     
31        0         51.91135  5.75586   0         1170      0         297       0         83291     44750     51950     
32        0         51.67258  6.21670   1         965       322       0         9370      86400     55285     62485     
33        0         51.13621  6.23329   1         781       596       0         6754      86400     42056     49256     
34        0         51.87310  6.64360   0         1115      0         262       0         84613     55754     62954     
35        1         51.29026  6.27608   0         1066      0         121       0         77714     46254     53454     
36        0         51.26233  6.61193   0         839       0         74        0         64864     28800     64800     
37        0         51.34719  5.93521   0         1087      0         240       0         86400     28800     64800     
38        0         51.06039  6.49792   0         1073      0         68        0         81025     28800     64800     
39        0         51.67662  5.94887   1         1122      133       0         8233      86400     28800     64800     
40        1         51.67259  6.56582   1         1153      576       0         15369     86400     49440     56640     
41        1         51.78441  6.14479   0         1108      0         529       0         86400     28800     64800     
42        1         51.66073  5.80452   0         1072      0         223       0         86400     34443     41643     
43        1         51.68679  6.06129   0         664       0         235       0         66394     53698     60898     
44        1         52.17073  6.05916   1         723       315       0         24473     86400     28800     64800     
45        1         51.55869  5.85688   1         1004      433       0         1679      86400     28800     64800     
46        0         51.85011  5.85736   0         996       0         260       0         66485     54771     61971     
47        1         52.08036  6.39003   1         771       144       0         0         86400     28800     64800     
48        1         51.91329  5.75464   0         828       0         332       0         67205     34400     41600     
49        0         51.42853  6.43710   0         1094      0         475       0         74047     28800     64800     
50        1         51.96965  6.50818   1         921       378       0         802       86400     28800     64800     
51        0         51.50124  6.09286   0         748       0         431       0         86400     28800     64800     
52        1         52.10270  6.66931   0         781       0         374       0         84438     36514     43714     
53        1         51.73555  6.19593   1         1148      567       0         29485     86400     28800     64800     
54        0         51.60562  6.66896   1         820       336       0         23773     86400     55972     63172     
55        0         51.45055  6.05451   1         1078      376       0         0         86400     56816     64016     
56        1         51.06747  6.24502   0         668       0         458       0         72680     28800     64800     
57        0         51.44654  5.89422   0         877       0         345       0         86400     28800     64800     
58        1         51.06338  6.33968   1         1058      115       0         24425     86400     35285     42485     
59        1         52.15735  6.04070   1         1033      578       0         5150      86400     28800     64800     
60        0         51.41268  6.14601   0         784       0         438       0         69984     57477     64677     
61        1         51.49712  6.35333   0         610       0         227       0         86400     28800     64800     
62        0         51.73122  6.38446   0         1063      0         332       0         85749     28800     64800     
63        1         52.11310  5.99142   0         1153      0         350       0         64747     51430     58630     
64        1         51.74914  6.47739   0         979       0         178       0         78249     47330     54530     
65        1         51.71728  6.65431   0         851       0         270       0         76555     34197     41397     
66        0         52.16968  5.92675   1         1147      263       0         17694     86400     31263     38463     
67        1         52.03070  6.53778   1         893       364       0         10251     86400     28800     64800     
68        0         51.25935  5.98025   1         1005      357       0         0         86400     57149     64349     
69        0         51.16762  5.94388   0         799       0         455       0         61934     44569     51769     
70        0         51.80986  6.25510   1         978       304       0         16643     86400     28800     64800     
71        0         51.53215  6.47237   1         1020      362       0         0         86400     28800     64800     
72        1         52.22621  6.15114   1         927       525       0         13304     86400     28800     64800     
73        0         51.21155  6.52039   0         709       0         86        0         67198     28800     64800     
74        1         51.77462  6.16444   0         1053      0         252       0         67448     43887     51087     
75        0         51.71767  6.62436   0         1170      0         125       0         71456     48083     55283     
76        0         51.23103  6.22690   0         660       0         351       0         84987     39075     46275     
77        0         51.39920  6.68002   0         902       0         551       0         81838     28800     64800     
78        1         51.47896  6.29865   1         756       220       0         19982     86400     30742     37942     
79        0         51.08801  6.13928   1         776       543       0         12782     86400     53491     60691     
80        1         51.65977  6.26257   0         1192      0         312       0         69187     28800     64800     
81        1         52.17204  6.43790   0         890       0         434       0         66494     28800     64800     
82        0         51.47085  5.83604   0         1086      0         332       0         84210     28800     64800     
83        0         51.24968  6.42612   1         1071      283       0         11588     86400     28800     64800     
84        1         51.99863  5.93958   0         776       0         530       0         66296     31786     38986     
85        0         51.10204  6.21017   0         861       0         509       0         86400     40690     47890     
86        0         51.72192  6.07983   0         1063      0         167       0         86400     44951     52151     
87        1         51.59729  5.82500   0         963       0         445       0         61753     45492     52692     
88        0         51.34019  5.99800   1         637       107       0         0         86400     38040     45240     
89        0         51.54962  6.55365   0         1150      0         254       0         86400     28800     64800     
90        1         52.18508  6.66680   0         759       0         461       0         61472     44101     51301     
91        0         51.27172  5.76834   1         704       192       0         7100      86400     48637     55837     
92        1         51.34362  6.45121   1         1079      65        0         23158     86400     55632     62832     
93        1         51.50496  6.61089   1         897       536       0         5786      86400     34969     42169     
94        0         51.12670  6.59763   1         1042      299       0         8484      86400     28800     64800     
95        1         52.10970  6.47969   0         709       0         476       0         64767     43653     50853     
96        0         51.22776  6.27446   1         652       537       0         0         86400     54964     62164     
97        1         51.38938  6.40500   0         659       0         534       0         81623     53038     60238     
98        0         51.22539  6.33124   0         1102      0         143       0         62438     50511     57711     
99        1         51.27634  6.55915   1         957       298       0         7185      86400     55871     63071     
100       1         51.40257  6.37844   0         692       0         330       0         86400     41570     48770     
101       1         51.65272  6.17809   0         1198      0         404       0         63780     28800     64800     
102       1         51.36933  6.63504   0         820       0         278       0         85333     50483     57683     
103       1         52.18522  6.68936   0         980       0         191       0         63594     28800     64800     
104       0         51.39495  5.80335   1         617       126       0         0         86400     28800     64800     
105       1         51.32210  6.58315   1         797       529       0         32257     86400     28800     64800     
106       0         51.13246  5.77876   1         1006      286       0         5345      86400     28800     64800     
107       1         52.08788  5.82033   1         887       475       0         16907     86400     43773     50973     
108       0         51.05450  5.96892   1         1024      173       0         10980     86400     41760     48960     
109       0         51.61602  6.16792   0         920       0         276       0         86400     35887     43087     
110       0         51.77591  6.57652   1         639       384       0         0         86400     55742     62942     
111       0         52.05020  6.45051   1         738       465       0         13929     86400     37658     44858     
112       0         51.26262  6.17844   0         633       0         154       0         71999     28800     64800     
113       1         51.89224  6.30398   1         717       326       0         0         86400     28800     64800     
114       1         51.60550  5.78099   0         860       0         216       0         74056     28800     64800     
115       1         52.02363  5.98382   0         685       0         76        0         75364     28800     64800     
116       1         51.84207  6.40175   1         1040      278       0         25104     86400     28800     64800     
117       1         52.12663  6.37614   0         721       0         462       0         67142     35413     42613     
118       1         51.84960  6.14301   1         608       403       0         17563     86400     28800     64800     
119       0         51.85705  6.21087   0         682       0         294       0         63171     33899     41099     
120       1         51.18521  6.52963   1         673       293       0         31264     86400     28800     64800     
121       1         52.10120  5.99550   1         1149      448       0         4532      86400     28800     64800     
122       0         51.07780  6.57086   0         1066      0         204       0         73476     28800     64800     
123       1         52.05090  6.25666   1         1050      207       0         1231      86400     28800     64800     
124       0         51.10381  6.67155   0         894       0         262       0         86400     50475     57675     
125       0         51.21131  6.72309   1         969       221       0         0         86400     41713     48913     
126       0         51.71611  5.97905   1         1091      83        0         0         86400     56091     63291     
