P_15_0 2 4 8 17

[Vehicle Types] - ID_veh_type, fixed_cost, variable_cost, Speed, Capacity, alpha, beta, max_time, max_drive_time
0	0	1.5	80	3200	2400	2800	54000	22000
1	0	2.2	50	7000	6000	6200	54000	32400

[Number of Vehicle Types] - ID_veh_type, ID_depot, number_of_vehicles
0	0	2
1	0	2
0	1	2
1	1	2

[Scheduled Lines] - ID_from, ID_to, cost_per_req, capacity, dep_time, arr_time
0	1	0.1	8000	4386	6334
0	1	0.1	8000	24681	26629
0	1	0.1	8000	54527	56475
0	1	0.1	8000	75274	77222
1	0	0.1	8000	4386	6334
1	0	0.1	8000	24681	26629
1	0	0.1	8000	54527	56475
1	0	0.1	8000	75274	77222

[Nodes/requests]: ID_node, ID_depot, lat, long, type, service_time, q_del, q_col, tw_depot_start, tw_depot_end, tw_cust_start, tw_cust_end
0         0         51.61031  6.19912   -1         0         0         0         0         86400     0         86400
1         1         51.90045  6.28025   -1         0         0         0         0         86400     0         86400
2         1         52.02985  6.67499   0         950       0         404       0         74923     28800     64800     
3         0         51.46670  6.25504   0         692       0         382       0         86400     28800     64800     
4         1         51.84714  5.96832   0         896       0         60        0         80570     28800     64800     
5         0         52.12880  5.99303   0         974       0         214       0         84247     52627     59827     
6         1         51.80140  6.60110   0         1196      0         443       0         86400     28800     64800     
7         0         51.34629  6.45564   1         1154      224       0         13983     86400     47941     55141     
8         1         51.60544  6.32991   1         768       260       0         18083     86400     28800     64800     
9         0         51.85706  5.75387   1         825       167       0         31374     86400     38288     45774     
10        0         51.30506  6.71564   1         834       458       0         17523     86400     28800     64800     
11        1         51.97168  6.01056   0         791       0         188       0         72937     29225     36425     
12        0         51.38781  5.81133   1         1066      476       0         31944     86400     28800     64800     
13        0         51.22492  6.71827   0         1132      0         498       0         62434     50014     57214     
14        1         52.12426  6.08188   0         621       0         79        0         81579     53578     60778     
15        1         51.85403  5.77345   0         900       0         244       0         76804     28800     64800     
16        1         51.89475  6.50508   0         634       0         204       0         64003     39985     47185     
