P_150_0 2 4 8 152 

[Vehicle Types] - ID_veh_type, fixed_cost, variable_cost, Speed, Capacity, alpha, beta, max_time, max_drive_time
0	0	1.5	80	3200	2400	2800	54000	22000
1	0	2.2	50	7000	6000	6200	54000	32400

[Number of Vehicle Types] - ID_veh_type, ID_depot, number_of_vehicles
0	0	13
1	0	13
0	1	13
1	1	13

[Scheduled Lines] - ID_from, ID_to, cost_per_req, capacity, dep_time, arr_time
0	1	0.1	8000	4386	6334
0	1	0.1	8000	24681	26629
0	1	0.1	8000	54527	56475
0	1	0.1	8000	75274	77222
1	0	0.1	8000	4386	6334
1	0	0.1	8000	24681	26629
1	0	0.1	8000	54527	56475
1	0	0.1	8000	75274	77222

[Nodes/requests]: ID_node, ID_depot, lat, long, type, service_time, q_del, q_col, tw_depot_start, tw_depot_end, tw_cust_start, tw_cust_end
0         0         51.30109  5.84912   -1         0         0         0         0         86400     0         86400
1         1         52.13875  6.28719   -1         0         0         0         0         86400     0         86400
2         1         51.38021  6.19161   1         655       323       0         0         86400     28800     64800     
3         0         51.28239  5.76209   0         918       0         554       0         70467     56733     63933     
4         1         51.45908  5.97117   0         688       0         232       0         68323     49130     56330     
5         0         51.32371  6.61865   1         1112      424       0         26255     86400     28800     64800     
6         1         51.15861  5.80683   0         815       0         291       0         63018     41881     49081     
7         0         52.23514  5.98529   0         1049      0         533       0         71979     28800     64800     
8         1         51.77451  6.41493   1         1149      340       0         8089      86400     28800     64800     
9         1         52.19268  6.64807   1         919       582       0         0         86400     28800     64800     
10        0         51.36474  5.85921   1         718       515       0         23450     86400     46861     54061     
11        1         51.24641  6.57547   0         855       0         222       0         81859     36354     43554     
12        1         51.79454  6.57274   1         722       541       0         12493     86400     35108     42308     
13        0         51.42615  6.01123   0         632       0         110       0         70920     28800     64800     
14        0         51.32721  6.30733   0         998       0         202       0         86400     29916     37116     
15        1         51.74449  6.43236   0         919       0         393       0         65128     28800     64800     
16        1         51.64384  6.48638   1         704       525       0         265       86400     56859     64059     
17        0         51.38547  6.34101   0         803       0         330       0         77103     28800     64800     
18        0         51.74642  6.73767   0         979       0         136       0         78704     28800     64800     
19        0         51.63863  6.50887   0         1004      0         282       0         86400     28800     64800     
20        1         51.29957  6.14945   0         613       0         80        0         84972     28800     64800     
21        0         51.02743  6.31594   1         787       319       0         23553     86400     31602     38802     
22        1         52.17422  5.90716   1         1008      208       0         12100     86400     28800     64800     
23        1         52.24456  6.23786   0         920       0         111       0         86400     50169     57369     
24        1         51.85605  5.88456   1         668       462       0         27465     86400     28800     64800     
25        1         52.24768  6.30557   0         1103      0         460       0         86400     30699     37899     
26        0         51.30028  5.92256   1         975       333       0         25774     86400     28800     64800     
27        1         51.90805  6.12813   0         953       0         84        0         86400     28800     64800     
28        1         51.36414  6.51117   0         910       0         510       0         86020     43126     50326     
29        1         51.89422  6.56206   0         793       0         273       0         64217     28800     64800     
30        0         51.45908  5.77406   0         612       0         584       0         61564     28800     64800     
31        1         51.46111  6.48984   1         860       165       0         3381      86400     53937     61137     
32        1         51.87410  6.58462   0         1172      0         465       0         64384     28800     64800     
33        0         51.15367  6.02248   1         788       558       0         0         86400     28800     64800     
34        0         51.50623  6.23939   0         1059      0         160       0         74430     32018     39218     
35        1         51.94527  5.75753   1         1061      149       0         0         86400     52162     59362     
36        0         51.19849  6.14241   1         995       219       0         25312     86400     28800     64800     
37        1         51.71860  6.56589   0         904       0         162       0         85659     52320     59520     
38        1         52.12183  6.20728   1         976       466       0         19067     86400     48494     55694     
39        0         51.97814  6.05787   0         705       0         104       0         85717     28800     64800     
40        0         51.31674  6.36479   0         788       0         233       0         86400     28800     64800     
41        1         51.97634  6.36118   1         703       453       0         4273      86400     28800     64800     
42        1         51.96977  6.48868   0         719       0         81        0         86400     28800     64800     
43        0         51.90870  6.67819   0         1098      0         146       0         62725     28800     64800     
44        1         51.35384  6.48108   0         646       0         257       0         86400     29344     36544     
45        1         52.18492  6.00169   1         724       202       0         19558     86400     54868     62068     
46        0         51.30050  5.94128   0         771       0         451       0         80469     28800     64800     
47        0         51.18492  6.31505   0         1046      0         474       0         86400     50567     57767     
48        0         52.12198  5.78375   0         729       0         74        0         78215     40047     47247     
49        0         51.30497  5.81792   1         853       547       0         5005      86400     38764     45964     
50        1         52.24786  5.86085   0         840       0         312       0         86400     28800     64800     
51        1         51.43365  6.34212   1         1155      598       0         2591      86400     28800     64800     
52        0         51.50058  6.50220   0         610       0         143       0         86400     33404     40604     
53        0         51.77429  6.49723   1         1063      131       0         27594     86400     28800     64800     
54        0         51.57853  5.93565   1         798       225       0         31283     86400     53550     60750     
55        1         51.63176  6.34427   1         995       109       0         18277     86400     28800     64800     
56        1         52.14318  6.28161   1         1008      357       0         0         86400     31240     38440     
57        1         51.35032  6.26467   0         968       0         519       0         71162     50073     57273     
58        1         52.01183  6.36627   0         609       0         275       0         85247     48231     55431     
59        1         51.10909  5.93309   0         1123      0         112       0         85783     28800     64800     
60        1         51.85279  6.32531   0         1164      0         352       0         77892     34149     41349     
61        0         51.38647  6.45816   0         926       0         320       0         64619     47705     54905     
62        1         52.14161  6.49028   0         855       0         560       0         84080     28800     64800     
63        1         51.56944  6.57329   1         654       559       0         0         86400     28800     64800     
64        0         51.42015  5.82561   0         880       0         70        0         86400     28800     64800     
65        0         51.08721  6.19504   1         1077      528       0         10216     86400     28800     64800     
66        0         51.37736  5.91927   1         974       334       0         0         86400     30486     37686     
67        0         52.14388  6.06677   0         1048      0         531       0         80173     28800     64800     
68        1         51.80765  6.46978   1         743       434       0         8706      86400     46591     53791     
69        0         51.35507  6.22141   1         952       585       0         0         86400     30984     38184     
70        1         51.93082  5.82086   1         850       457       0         0         86400     45592     52792     
71        1         51.24544  6.26159   1         1062      436       0         16197     86400     28800     64800     
72        1         51.93576  6.05432   0         685       0         395       0         86400     48502     55702     
73        1         51.86449  6.46530   0         669       0         54        0         86400     38981     46181     
74        0         51.14485  5.99927   1         900       492       0         31111     86400     28800     64800     
75        0         51.03616  6.46302   1         1182      50        0         24934     86400     28800     64800     
76        1         51.78961  6.51116   1         809       473       0         16196     86400     28800     64800     
77        1         52.03749  5.92383   0         794       0         376       0         82898     28800     64800     
78        0         51.63820  6.42604   1         816       528       0         2692      86400     38276     45476     
79        0         51.47877  6.30605   1         789       581       0         0         86400     47097     54297     
80        1         51.93196  6.33748   0         929       0         590       0         85051     53411     60611     
81        1         51.34961  6.07222   0         845       0         571       0         84278     45503     52703     
82        1         51.59276  6.62310   1         892       340       0         13478     86400     33894     41094     
83        1         51.92148  5.91102   0         1092      0         474       0         79583     28800     64800     
84        0         51.19409  6.39961   0         642       0         284       0         65727     33734     40934     
85        1         51.45452  6.50599   0         1089      0         396       0         72088     53384     60584     
86        1         51.83378  6.08095   0         778       0         568       0         79880     31416     38616     
87        1         51.64767  6.58257   0         1041      0         381       0         81544     44734     51934     
88        1         52.11267  6.32571   0         1005      0         563       0         69499     28800     64800     
89        0         51.04641  6.43070   0         790       0         384       0         86400     28800     64800     
90        1         51.93974  6.42339   0         954       0         406       0         79772     28800     64800     
91        1         51.71476  6.65639   0         1000      0         277       0         72372     36056     43256     
92        1         51.91506  6.15333   0         1080      0         284       0         86400     28800     64800     
93        0         51.18385  6.73290   0         826       0         451       0         69723     36809     44009     
94        1         51.44468  6.52904   0         945       0         407       0         86400     37355     44555     
95        0         51.00830  5.79725   1         1077      266       0         29294     86400     28800     64800     
96        1         51.38519  6.23640   0         974       0         297       0         77924     28800     64800     
97        1         51.64200  6.22678   1         1064      153       0         0         86400     30009     37209     
98        0         51.09283  6.16843   1         1103      173       0         0         86400     49541     56741     
99        0         51.56096  5.76282   0         1090      0         226       0         64081     49726     56926     
100       0         51.01143  6.13292   1         956       314       0         28864     86400     36280     43480     
101       1         51.84686  6.06174   0         1174      0         471       0         76586     43301     50501     
102       0         51.16395  6.73570   1         717       304       0         28626     86400     35611     43026     
103       0         51.63526  6.12016   0         867       0         80        0         67019     28800     64800     
104       1         52.14447  6.72569   1         1174      510       0         0         86400     51558     58758     
105       1         51.84234  5.99890   0         643       0         194       0         86400     28800     64800     
106       0         51.33528  5.88543   1         809       497       0         25415     86400     28800     64800     
107       1         51.40210  5.92126   1         894       331       0         32387     86400     53526     60726     
108       0         51.57922  6.25246   1         886       166       0         0         86400     56439     63639     
109       1         52.02541  6.58281   0         1062      0         115       0         65587     29940     37140     
110       0         51.24005  6.01526   0         671       0         272       0         74633     28800     64800     
111       0         51.51807  6.28136   1         601       106       0         13339     86400     39336     46536     
112       1         51.88780  6.48041   0         795       0         67        0         86400     55559     62759     
113       1         52.18496  6.00463   0         1134      0         534       0         84628     52098     59298     
114       0         51.67840  6.62583   0         1064      0         143       0         85092     48203     55403     
115       1         51.86912  5.91644   0         720       0         575       0         79470     37366     44566     
116       0         51.16569  6.67871   0         1151      0         297       0         86400     28800     64800     
117       0         51.57784  6.00698   1         815       295       0         7390      86400     28800     64800     
118       1         51.68259  6.62168   0         660       0         502       0         86400     28800     64800     
119       0         51.15449  5.88549   0         955       0         280       0         79750     56687     63887     
120       0         52.14347  6.73129   1         677       90        0         0         86400     28800     64800     
121       1         51.93003  6.00177   1         735       157       0         13487     86400     28800     64800     
122       1         51.62624  6.23086   0         719       0         357       0         81615     28800     64800     
123       1         51.94488  6.05747   1         710       290       0         19009     86400     28800     64800     
124       0         51.06657  6.74552   0         903       0         576       0         66655     28800     64800     
125       1         51.94821  6.30635   1         941       551       0         14865     86400     42331     49531     
126       0         51.20101  5.97267   1         909       187       0         0         86400     40064     47264     
127       0         51.01055  6.41753   1         627       180       0         31506     86400     55138     62338     
128       1         51.76446  6.45689   0         776       0         76        0         86400     28800     64800     
129       1         51.78899  6.49966   1         1061      59        0         17732     86400     50859     58059     
130       0         51.48990  6.30821   1         722       524       0         20459     86400     29311     36511     
131       0         51.78672  6.12077   1         827       501       0         0         86400     39129     46329     
132       1         51.27598  6.72315   0         909       0         467       0         63764     28800     64800     
133       1         51.98943  6.52248   1         1158      468       0         18939     86400     53912     61112     
134       1         51.09888  6.42331   1         1076      374       0         25116     86400     28800     64800     
135       1         51.96894  6.03822   1         1181      97        0         0         86400     28800     64800     
136       0         51.64073  6.43142   1         684       411       0         3566      86400     30600     37800     
137       1         51.19877  6.64625   0         1020      0         425       0         86400     28800     64800     
138       0         51.09131  6.13006   1         885       148       0         26033     86400     28800     64800     
139       1         52.01524  6.44473   1         1040      256       0         7075      86400     28800     64800     
140       1         52.03729  6.30675   1         1123      249       0         13504     86400     28800     64800     
141       0         51.10639  5.93049   1         1079      508       0         31161     86400     30107     45561     
142       0         51.21199  5.99329   0         1068      0         211       0         85813     57305     64505     
143       1         51.49140  6.52915   0         1001      0         142       0         69438     41115     48315     
144       1         52.10716  5.90630   1         1134      310       0         20943     86400     28800     64800     
145       0         51.14693  5.94774   0         896       0         165       0         82287     28800     64800     
146       1         51.81768  6.53046   1         964       249       0         26419     86400     50140     57340     
147       1         52.00338  6.07004   1         704       562       0         9170      86400     56268     63468     
148       1         51.70165  6.35652   0         1069      0         475       0         75659     57596     64796     
149       0         51.04785  5.90037   0         714       0         359       0         74828     51145     58345     
150       0         51.27317  6.32796   0         1099      0         510       0         83591     40926     48126     
151       1         51.31610  6.04917   1         1077      433       0         4196      86400     44921     52121     
