P_15_1 2 4 8 17

[Vehicle Types] - ID_veh_type, fixed_cost, variable_cost, Speed, Capacity, alpha, beta, max_time, max_drive_time
0	0	1.5	80	3200	2400	2800	54000	22000
1	0	2.2	50	7000	6000	6200	54000	32400

[Number of Vehicle Types] - ID_veh_type, ID_depot, number_of_vehicles
0	0	2
1	0	2
0	1	2
1	1	2

[Scheduled Lines] - ID_from, ID_to, cost_per_req, capacity, dep_time, arr_time
0	1	0.1	8000	4386	6334
0	1	0.1	8000	24681	26629
0	1	0.1	8000	54527	56475
0	1	0.1	8000	75274	77222
1	0	0.1	8000	4386	6334
1	0	0.1	8000	24681	26629
1	0	0.1	8000	54527	56475
1	0	0.1	8000	75274	77222

[Nodes/requests]: ID_node, ID_depot, lat, long, type, service_time, q_del, q_col, tw_depot_start, tw_depot_end, tw_cust_start, tw_cust_end
0         0         51.07293  5.83358   -1         0         0         0         0         86400     0         86400
1         1         51.82467  6.71094   -1         0         0         0         0         86400     0         86400
2         1         51.72559  6.62812   1         703       589       0         26501     86400     28800     64800     
3         1         51.73652  6.66502   0         889       0         288       0         73379     46786     53986     
4         0         51.11474  6.03525   1         1025      252       0         0         86400     28800     64800     
5         1         51.53832  6.03288   1         999       53        0         0         86400     28800     64800     
6         0         51.52324  6.67169   0         828       0         185       0         86400     43847     51047     
7         0         51.72911  6.22566   0         1106      0         94        0         86400     54084     61284     
8         0         51.66582  5.83245   0         1017      0         293       0         86400     28800     64800     
9         1         51.36216  6.40871   0         653       0         120       0         86400     30690     37890     
10        1         51.64900  6.53339   1         759       76        0         21564     86400     30794     37994     
11        0         51.94859  6.02519   0         1110      0         516       0         84075     38015     45215     
12        1         52.09872  6.41181   1         1124      462       0         19206     86400     39627     46827     
13        1         52.01233  6.49190   0         944       0         209       0         86087     57537     64737     
14        1         51.86309  6.45648   0         1133      0         325       0         86400     28800     64800     
15        1         51.14643  6.71508   0         769       0         81        0         61365     28800     64800     
16        1         51.41338  6.52950   0         836       0         579       0         76498     32884     40084     
