P_15_2 2 4 8 17

[Vehicle Types] - ID_veh_type, fixed_cost, variable_cost, Speed, Capacity, alpha, beta, max_time, max_drive_time
0	0	1.5	80	3200	2400	2800	54000	22000
1	0	2.2	50	7000	6000	6200	54000	32400

[Number of Vehicle Types] - ID_veh_type, ID_depot, number_of_vehicles
0	0	2
1	0	2
0	1	2
1	1	2

[Scheduled Lines] - ID_from, ID_to, cost_per_req, capacity, dep_time, arr_time
0	1	0.1	8000	4386	6334
0	1	0.1	8000	24681	26629
0	1	0.1	8000	54527	56475
0	1	0.1	8000	75274	77222
1	0	0.1	8000	4386	6334
1	0	0.1	8000	24681	26629
1	0	0.1	8000	54527	56475
1	0	0.1	8000	75274	77222

[Nodes/requests]: ID_node, ID_depot, lat, long, type, service_time, q_del, q_col, tw_depot_start, tw_depot_end, tw_cust_start, tw_cust_end
0         0         51.00651  6.12426   -1         0         0         0         0         86400     0         86400
1         1         51.63426  6.30205   -1         0         0         0         0         86400     0         86400
2         1         52.19304  6.12589   1         657       125       0         0         86400     28800     64800     
3         1         51.71543  6.25746   1         665       260       0         23860     86400     28800     64800     
4         1         51.40311  6.14360   1         1071      258       0         0         86400     43109     50309     
5         1         52.17976  5.80141   0         813       0         83        0         86400     56156     63356     
6         1         52.22700  6.62184   1         888       420       0         3898      86400     28800     64800     
7         1         51.67419  5.86370   0         710       0         230       0         86400     37386     44586     
8         1         52.11912  6.47684   1         655       341       0         1159      86400     35687     42887     
9         1         51.40974  5.99150   0         613       0         596       0         86400     36638     43838     
10        1         51.73389  6.30049   1         633       539       0         15295     86400     41876     49076     
11        1         51.51854  5.98487   1         610       600       0         6994      86400     28800     64800     
12        1         51.47125  6.26793   1         892       516       0         0         86400     28800     64800     
13        1         51.39539  5.92609   0         1035      0         376       0         73029     32550     39750     
14        1         51.23509  6.24314   1         1120      459       0         1960      86400     30054     37254     
15        0         51.33067  6.70282   0         784       0         337       0         65071     28800     64800     
16        1         51.69283  6.30210   1         1093      420       0         28882     86400     33634     43282     
