P_150_1 2 4 8 152 

[Vehicle Types] - ID_veh_type, fixed_cost, variable_cost, Speed, Capacity, alpha, beta, max_time, max_drive_time
0	0	1.5	80	3200	2400	2800	54000	22000
1	0	2.2	50	7000	6000	6200	54000	32400

[Number of Vehicle Types] - ID_veh_type, ID_depot, number_of_vehicles
0	0	13
1	0	13
0	1	13
1	1	13

[Scheduled Lines] - ID_from, ID_to, cost_per_req, capacity, dep_time, arr_time
0	1	0.1	8000	4386	6334
0	1	0.1	8000	24681	26629
0	1	0.1	8000	54527	56475
0	1	0.1	8000	75274	77222
1	0	0.1	8000	4386	6334
1	0	0.1	8000	24681	26629
1	0	0.1	8000	54527	56475
1	0	0.1	8000	75274	77222

[Nodes/requests]: ID_node, ID_depot, lat, long, type, service_time, q_del, q_col, tw_depot_start, tw_depot_end, tw_cust_start, tw_cust_end
0         0         51.09329  6.06755   -1         0         0         0         0         86400     0         86400
1         1         52.21350  6.64926   -1         0         0         0         0         86400     0         86400
2         0         52.21880  6.20050   1         787       260       0         16145     86400     28800     64800     
3         1         51.17006  6.65715   1         999       589       0         13295     86400     28800     64800     
4         1         51.60206  6.11632   0         840       0         89        0         72862     44825     52025     
5         1         52.24904  5.83044   0         605       0         502       0         86400     28800     64800     
6         0         51.22328  6.30344   1         740       220       0         1806      86400     37583     44783     
7         1         51.07028  6.71061   0         834       0         426       0         86400     41669     48869     
8         1         51.39520  6.27260   1         742       184       0         21659     86400     49056     56256     
9         0         51.34564  5.98999   0         691       0         410       0         78870     28800     64800     
10        1         51.82586  6.36945   0         1033      0         588       0         80230     28800     64800     
11        0         51.04336  6.15977   0         751       0         217       0         62350     28800     64800     
12        0         51.07380  5.80248   1         798       568       0         9713      86400     28800     64800     
13        1         51.44162  6.32843   0         1002      0         244       0         86400     56927     64127     
14        1         51.96393  5.86610   1         708       122       0         5259      86400     28800     64800     
15        1         51.97395  5.83338   1         668       594       0         0         86400     52987     60187     
16        1         51.82193  6.62173   1         773       349       0         6353      86400     32913     40113     
17        1         52.19438  6.39607   0         849       0         111       0         67878     28800     64800     
18        1         51.29918  5.89348   0         898       0         288       0         71747     32052     39252     
19        1         51.91872  6.36766   0         1092      0         194       0         74593     28800     64800     
20        1         52.06129  6.31395   0         837       0         110       0         86400     28800     64800     
21        1         52.12245  6.29647   0         1022      0         105       0         64729     39746     46946     
22        1         51.22345  6.54817   1         759       114       0         30219     86400     28800     64800     
23        0         51.43090  6.62299   1         828       167       0         23040     86400     42447     49647     
24        1         51.82916  6.26739   1         681       78        0         19196     86400     30172     37372     
25        0         51.14092  6.04053   1         741       402       0         3961      86400     28800     64800     
26        0         51.04980  6.67843   0         927       0         72        0         86400     38834     46034     
27        0         51.23525  6.25036   0         1131      0         370       0         82822     33009     40209     
28        0         51.25977  6.44222   0         959       0         539       0         75319     28800     64800     
29        1         52.05113  6.06783   1         912       80        0         0         86400     50643     57843     
30        0         51.36862  6.10127   0         728       0         180       0         81620     28800     64800     
31        1         52.16350  6.30677   0         1170      0         225       0         83030     28800     64800     
32        1         52.21854  6.60594   1         791       317       0         17680     86400     28800     64800     
33        0         51.35937  6.33545   1         1199      156       0         0         86400     28800     64800     
34        1         51.64815  5.85133   1         1146      554       0         21586     86400     29005     36205     
35        1         52.13312  6.21970   1         752       453       0         0         86400     28800     64800     
36        1         51.42526  5.84428   0         948       0         429       0         68639     50875     58075     
37        1         51.86786  6.14798   0         849       0         137       0         81413     28800     64800     
38        1         51.67678  6.20768   0         912       0         332       0         86400     28800     64800     
39        1         51.59012  6.32585   0         644       0         312       0         68971     28800     64800     
40        1         51.55716  6.55231   1         749       341       0         25955     86400     28800     64800     
41        0         51.05072  5.86221   0         802       0         194       0         83593     28800     64800     
42        0         51.70540  6.15115   0         1131      0         124       0         75577     34710     41910     
43        0         51.57684  6.01879   1         1098      103       0         0         86400     28800     64800     
44        0         51.16245  6.65346   0         1110      0         581       0         65049     46038     53238     
45        0         51.17464  5.80003   1         860       556       0         7914      86400     51275     58475     
46        0         51.61602  6.61036   1         881       344       0         0         86400     28800     64800     
47        1         51.78911  5.76809   0         1089      0         80        0         85105     28800     64800     
48        0         51.83269  5.83218   1         756       83        0         4683      86400     39726     46926     
49        1         51.45321  5.81156   1         1144      446       0         22894     86400     56348     63548     
50        0         51.65822  6.23870   0         936       0         188       0         84843     51961     59161     
51        1         51.33129  6.31732   1         725       574       0         30655     86400     48531     55731     
52        1         52.17038  5.90304   1         671       565       0         16706     86400     28800     64800     
53        1         52.01187  6.73193   1         1200      408       0         0         86400     30826     38026     
54        0         51.68334  6.00595   0         920       0         486       0         68432     49807     57007     
55        0         51.25368  5.99576   1         945       434       0         17036     86400     54585     61785     
56        1         51.95080  6.06647   0         843       0         403       0         70140     38287     45487     
57        0         51.14768  6.07325   0         803       0         481       0         65614     28800     64800     
58        1         51.75222  6.30271   0         1112      0         556       0         86400     34906     42106     
59        0         51.43364  6.31538   0         762       0         359       0         62756     28800     64800     
60        1         51.99448  6.49969   0         649       0         319       0         84718     28800     64800     
61        0         51.03158  5.82002   1         635       542       0         13174     86400     39249     46449     
62        1         51.32595  6.09598   1         842       412       0         471       86400     28800     64800     
63        0         51.18923  5.79360   1         1194      120       0         0         86400     49232     56432     
64        1         51.91408  6.02982   0         856       0         170       0         62785     51676     58876     
65        0         51.56653  6.46186   1         994       174       0         11311     86400     28800     64800     
66        0         51.14112  6.36591   0         814       0         459       0         74405     28800     64800     
67        0         51.77549  6.70733   1         981       435       0         15208     86400     51534     58734     
68        1         51.44058  6.06134   0         633       0         396       0         77092     57051     64251     
69        1         52.08234  6.67168   0         633       0         79        0         86400     51268     58468     
70        1         51.54684  6.61609   1         920       454       0         29022     86400     33562     43422     
71        0         51.31916  6.20582   0         1198      0         119       0         79909     28800     64800     
72        1         51.98152  6.38943   0         683       0         272       0         79248     43053     50253     
73        0         51.10198  5.76112   1         985       600       0         5107      86400     31521     38721     
74        0         51.23037  6.53668   1         1026      558       0         23307     86400     28800     64800     
75        0         51.21274  5.93379   0         873       0         447       0         86400     35463     42663     
76        1         51.86485  6.67393   1         921       561       0         0         86400     28800     64800     
77        0         51.31584  6.19076   0         970       0         85        0         86400     28800     64800     
78        0         51.02568  6.58411   0         1137      0         482       0         68767     28800     64800     
79        1         51.55303  5.75547   1         854       436       0         26264     86400     53396     60596     
80        1         52.11426  6.22070   0         757       0         596       0         81718     40005     47205     
81        1         51.74149  6.46899   1         1157      327       0         31887     86400     53656     60856     
82        0         51.60668  6.70492   0         1104      0         214       0         65817     29272     36472     
83        0         51.02389  6.36231   0         789       0         191       0         69497     53464     60664     
84        0         51.68793  6.17825   0         1151      0         253       0         82262     51554     58754     
85        1         51.95195  6.12241   0         1175      0         305       0         79645     28800     64800     
86        1         52.12394  6.69892   0         1052      0         273       0         61567     28800     64800     
87        0         51.57792  6.46248   0         636       0         326       0         63861     30836     38036     
88        1         51.62813  6.17604   1         1194      233       0         24921     86400     28800     64800     
89        0         51.26873  6.64014   1         604       407       0         14373     86400     43395     50595     
90        0         51.00153  6.28659   0         786       0         250       0         86312     47053     54253     
91        0         51.05333  5.93793   1         1196      578       0         3324      86400     28800     64800     
92        0         52.17709  6.09289   0         944       0         276       0         85791     56839     64039     
93        0         51.13976  6.30256   0         1152      0         581       0         76325     46505     53705     
94        0         51.15234  5.96091   1         660       158       0         0         86400     28800     64800     
95        0         51.86276  6.41127   1         735       147       0         14817     86400     28800     64800     
96        1         51.07462  6.39913   0         982       0         405       0         86025     52790     59990     
97        1         51.67432  5.77849   0         1139      0         338       0         78745     28800     64800     
98        0         51.10065  5.84845   1         797       89        0         0         86400     28800     64800     
99        0         51.57599  6.74807   0         669       0         85        0         75965     38017     45217     
100       1         51.92608  6.01128   0         1055      0         501       0         70437     28800     64800     
101       1         51.51593  6.45933   0         907       0         270       0         62940     28800     64800     
102       0         52.06134  6.03370   1         996       251       0         24777     86400     28800     64800     
103       1         51.58571  5.80349   1         692       329       0         5359      86400     52922     60122     
104       0         51.35829  6.36059   1         609       481       0         0         86400     28800     64800     
105       1         52.01538  6.12045   1         925       497       0         12003     86400     28800     64800     
106       0         51.31029  6.23359   1         758       87        0         23621     86400     28800     64800     
107       1         52.10411  6.38107   0         1077      0         435       0         86400     47799     54999     
108       0         51.86856  5.81895   1         810       262       0         29569     86400     37446     44646     
109       0         51.23384  6.40674   0         941       0         413       0         86400     28800     64800     
110       0         51.12755  6.24015   0         756       0         161       0         72479     28800     64800     
111       0         51.14706  5.94164   1         1072      145       0         0         86400     56459     63659     
112       0         51.06221  6.42070   0         1188      0         269       0         86400     28800     64800     
113       1         51.94151  6.06518   1         1141      478       0         24777     86400     42029     49229     
114       0         51.01030  6.07863   1         616       550       0         14608     86400     28800     64800     
115       1         51.84704  6.42066   1         716       81        0         258       86400     57550     64750     
116       0         51.67419  6.11022   0         610       0         573       0         80404     44858     52058     
117       1         51.52298  5.78514   1         1081      575       0         3919      86400     55821     63021     
118       0         51.28834  6.03353   1         773       513       0         23045     86400     28800     64800     
119       0         51.46631  5.80193   0         847       0         163       0         73429     28800     64800     
120       0         51.82215  6.52857   0         850       0         180       0         66966     49866     57066     
121       1         52.00725  5.82199   1         1022      233       0         21569     86400     50286     57486     
122       0         51.88125  5.95033   0         1008      0         390       0         62775     28800     64800     
123       1         52.11887  6.53280   1         1057      432       0         30821     86400     35652     45221     
124       1         51.60624  5.90833   0         699       0         70        0         80991     55764     62964     
125       1         51.26289  5.95747   1         761       72        0         0         86400     32195     39395     
126       1         51.46425  5.93532   0         1135      0         509       0         83643     51441     58641     
127       1         51.83847  6.51936   0         698       0         310       0         86400     36184     43384     
128       1         51.68541  6.34435   0         640       0         138       0         84696     51844     59044     
129       1         51.84594  5.86035   0         942       0         87        0         83104     34449     41649     
130       1         51.33986  6.25294   0         753       0         316       0         86400     55976     63176     
131       1         51.39010  6.49345   0         876       0         260       0         70934     28800     64800     
132       0         51.12680  6.32818   1         1107      365       0         0         86400     41306     48506     
133       0         51.15441  6.18266   0         797       0         477       0         79831     28800     64800     
134       0         51.73173  6.40553   1         1148      355       0         14120     86400     50905     58105     
135       1         51.97158  6.13912   0         643       0         461       0         84463     28800     64800     
136       0         51.57315  6.25894   0         1110      0         411       0         84906     28800     64800     
137       0         51.73856  5.97508   1         733       457       0         16906     86400     28800     64800     
138       0         51.60582  6.33595   1         839       439       0         3368      86400     28800     64800     
139       0         51.54519  5.75796   0         1106      0         559       0         69837     28800     64800     
140       0         51.73105  5.92488   1         916       542       0         4035      86400     28800     64800     
141       1         51.72683  6.18031   0         1153      0         54        0         67791     44186     51386     
142       0         52.17843  5.86857   1         616       226       0         0         86400     45676     52876     
143       1         51.25408  6.64687   0         711       0         450       0         83585     28800     64800     
144       0         51.73133  6.70798   1         979       279       0         0         86400     28800     64800     
145       1         51.13205  6.46396   0         1070      0         254       0         86400     28800     64800     
146       1         51.86744  6.64280   1         852       133       0         28613     86400     52620     59820     
147       1         51.88431  6.46381   1         812       584       0         107       86400     28800     64800     
148       0         51.12380  6.07673   0         1016      0         140       0         72118     28800     64800     
149       0         51.08165  6.10031   0         1043      0         247       0         76934     28800     64800     
150       0         51.71304  6.25164   1         636       234       0         25802     86400     38687     45887     
151       1         51.89022  6.63430   1         817       397       0         2982      86400     50169     57369     
