P_150_2 2 4 8 152 

[Vehicle Types] - ID_veh_type, fixed_cost, variable_cost, Speed, Capacity, alpha, beta, max_time, max_drive_time
0	0	1.5	80	3200	2400	2800	54000	22000
1	0	2.2	50	7000	6000	6200	54000	32400

[Number of Vehicle Types] - ID_veh_type, ID_depot, number_of_vehicles
0	0	13
1	0	13
0	1	13
1	1	13

[Scheduled Lines] - ID_from, ID_to, cost_per_req, capacity, dep_time, arr_time
0	1	0.1	8000	4386	6334
0	1	0.1	8000	24681	26629
0	1	0.1	8000	54527	56475
0	1	0.1	8000	75274	77222
1	0	0.1	8000	4386	6334
1	0	0.1	8000	24681	26629
1	0	0.1	8000	54527	56475
1	0	0.1	8000	75274	77222

[Nodes/requests]: ID_node, ID_depot, lat, long, type, service_time, q_del, q_col, tw_depot_start, tw_depot_end, tw_cust_start, tw_cust_end
0         0         51.09266  5.98752   -1         0         0         0         0         86400     0         86400
1         1         52.04935  6.57416   -1         0         0         0         0         86400     0         86400
2         1         51.94482  5.96963   0         1026      0         544       0         71453     28800     64800     
3         1         51.09237  6.35234   0         1130      0         305       0         68600     55250     62450     
4         0         51.79457  6.17131   0         836       0         498       0         69670     28800     64800     
5         0         51.72098  5.98817   0         816       0         322       0         67763     56033     63233     
6         1         51.33631  6.71354   1         866       375       0         0         86400     28800     64800     
7         0         51.24534  6.70558   0         919       0         330       0         74237     28800     64800     
8         0         51.09237  6.19501   1         1042      177       0         24434     86400     46041     53241     
9         0         51.69274  6.02317   1         860       494       0         23019     86400     42899     50099     
10        1         51.45865  6.09935   1         739       255       0         7399      86400     28800     64800     
11        0         51.09312  6.73508   1         867       151       0         16190     86400     28800     64800     
12        1         51.54877  6.48918   1         1052      587       0         27633     86400     30242     42033     
13        0         51.04575  5.96948   1         629       123       0         10091     86400     55583     62783     
14        1         51.64233  6.40472   0         668       0         218       0         78974     28800     64800     
15        0         51.55522  6.51114   0         663       0         234       0         85185     56003     63203     
16        0         51.75466  6.66221   0         1182      0         594       0         86400     53225     60425     
17        0         51.47027  6.67941   0         798       0         88        0         86400     28800     64800     
18        1         51.78270  6.42456   0         884       0         270       0         67897     45871     53071     
19        1         51.75122  6.06709   0         653       0         242       0         86400     38244     45444     
20        0         51.06423  6.56380   1         1008      118       0         9247      86400     28800     64800     
21        1         52.12261  5.99516   1         624       214       0         30985     86400     42271     49471     
22        1         51.76250  6.46298   1         859       477       0         26545     86400     28800     64800     
23        1         52.24384  6.73974   1         852       194       0         11751     86400     28800     64800     
24        0         52.10500  5.98829   0         1149      0         515       0         62731     28800     64800     
25        0         51.49183  6.50555   0         753       0         107       0         67003     29911     37111     
26        0         51.30030  5.85663   1         914       313       0         26670     86400     28800     64800     
27        1         52.17486  6.42087   1         840       87        0         15791     86400     28800     64800     
28        1         51.50975  6.67167   1         860       386       0         32058     86400     28800     64800     
29        0         52.23175  5.90826   1         1139      546       0         3972      86400     28800     64800     
30        1         51.00936  6.29687   1         798       426       0         30824     86400     28800     64800     
31        0         51.81012  5.85896   0         931       0         524       0         80652     35119     42319     
32        1         51.97577  6.27816   0         647       0         210       0         80337     28800     64800     
33        0         51.36274  5.85794   1         938       269       0         3087      86400     28800     64800     
34        1         52.01066  6.68734   1         694       179       0         1446      86400     53716     60916     
35        0         51.24887  6.74940   1         1197      587       0         0         86400     28800     64800     
36        1         51.83022  6.39911   1         619       236       0         6601      86400     33968     41168     
37        1         51.95455  6.15314   1         632       224       0         0         86400     34759     41959     
38        1         52.15497  6.38629   1         837       562       0         31501     86400     47593     54793     
39        0         51.00305  6.55147   1         1075      449       0         31968     86400     28800     64800     
40        0         51.67908  5.86404   1         856       554       0         0         86400     32498     39698     
41        1         51.99987  6.34785   0         830       0         595       0         86400     28800     64800     
42        1         51.72287  5.80516   1         642       491       0         6229      86400     28800     64800     
43        1         51.61644  5.98994   0         1044      0         506       0         86400     28800     64800     
44        0         51.22321  6.47978   0         825       0         487       0         86400     28800     64800     
45        1         52.07413  6.33722   1         720       533       0         9532      86400     28800     64800     
46        1         51.64783  5.81995   0         792       0         234       0         86400     28800     64800     
47        1         51.71690  6.35437   1         1118      359       0         22358     86400     28800     64800     
48        1         52.14674  6.73228   0         1159      0         338       0         86400     37279     44479     
49        0         51.40987  6.05928   0         879       0         385       0         67134     51093     58293     
50        0         51.13302  6.09955   1         1135      125       0         11304     86400     28800     64800     
51        1         51.64325  6.18927   1         1024      584       0         25850     86400     28800     64800     
52        1         51.94581  6.43870   0         669       0         271       0         86400     40912     48112     
53        0         51.73565  5.79295   1         789       352       0         18084     86400     40195     47395     
54        0         51.70465  6.18454   0         950       0         287       0         67409     28800     64800     
55        1         51.55127  6.00634   0         861       0         106       0         86400     28800     64800     
56        1         51.58068  6.21273   1         1147      468       0         27326     86400     46226     53426     
57        0         51.07178  6.50216   0         648       0         175       0         86400     28800     64800     
58        1         52.01412  5.85998   1         789       137       0         0         86400     50852     58052     
59        1         51.57696  6.00700   1         886       75        0         23920     86400     48441     55641     
60        1         51.82958  6.42693   1         995       472       0         4679      86400     36135     43335     
61        0         51.32423  6.72672   1         1085      345       0         25059     86400     28800     64800     
62        0         51.37425  6.32532   0         696       0         328       0         62023     43069     50269     
63        0         51.51958  5.76113   0         1029      0         239       0         72848     28800     64800     
64        0         51.21266  6.10945   0         859       0         52        0         70984     43362     50562     
65        0         51.40371  6.68171   0         1109      0         130       0         70310     41803     49003     
66        0         51.03897  6.27162   0         927       0         77        0         61562     42844     50044     
67        1         51.70676  6.20994   1         659       385       0         12196     86400     45677     52877     
68        1         51.79208  6.54633   0         933       0         150       0         70383     42896     50096     
69        1         51.39887  6.68738   1         617       167       0         5886      86400     28800     64800     
70        1         51.43099  5.94595   1         1186      519       0         10572     86400     28800     64800     
71        0         51.68660  6.45996   1         788       417       0         31447     86400     41613     48813     
72        0         51.07434  6.50158   0         1018      0         309       0         78128     28800     64800     
73        1         51.95025  6.54016   1         1190      534       0         12799     86400     28800     64800     
74        0         51.69848  6.59043   1         1160      313       0         18063     86400     48724     55924     
75        1         51.02973  5.84810   0         614       0         153       0         81288     31941     39141     
76        0         51.14407  5.90589   1         1154      172       0         0         86400     28800     64800     
77        0         51.16267  6.12825   0         803       0         536       0         69031     33955     41155     
78        1         52.00022  6.51027   1         804       182       0         30031     86400     28800     64800     
79        1         51.88125  6.16834   1         761       562       0         12027     86400     28800     64800     
80        0         51.14571  6.69369   0         677       0         402       0         85274     52185     59385     
81        0         51.53279  6.02173   0         1156      0         246       0         73875     52259     59459     
82        0         51.94834  5.99398   0         966       0         164       0         64256     28800     64800     
83        0         51.40382  6.03259   1         877       502       0         23567     86400     31658     38858     
84        1         52.23205  6.21567   0         907       0         380       0         67889     28800     64800     
85        0         51.66079  6.19483   0         848       0         220       0         86400     28800     64800     
86        0         51.87081  6.20787   1         784       287       0         0         86400     28800     64800     
87        1         51.93267  6.39693   1         1023      226       0         13844     86400     52640     59840     
88        0         51.12462  6.55379   0         1101      0         152       0         76205     43482     50682     
89        1         51.43447  6.48451   1         959       512       0         11591     86400     47666     54866     
90        1         51.50602  6.05528   0         871       0         291       0         66241     39741     46941     
91        1         51.57585  6.52810   0         1197      0         78        0         67532     42399     49599     
92        1         51.42185  5.98257   0         858       0         599       0         86400     28800     64800     
93        1         51.42770  6.54353   1         746       324       0         20843     86400     48594     55794     
94        1         51.98203  6.27045   0         693       0         428       0         86400     32633     39833     
95        1         51.86203  5.91730   0         1114      0         85        0         80566     53315     60515     
96        1         52.11149  6.53562   1         782       384       0         476       86400     57108     64308     
97        0         52.18790  6.18013   0         1017      0         408       0         85056     28800     64800     
98        0         51.50320  6.28656   1         663       54        0         3747      86400     49212     56412     
99        1         51.64222  6.64285   0         662       0         341       0         68659     40796     47996     
100       1         52.09481  6.39145   0         1178      0         153       0         77278     28800     64800     
101       1         51.98331  6.74411   1         731       478       0         31187     86400     28800     64800     
102       0         51.34502  6.49385   0         745       0         592       0         77164     28800     64800     
103       0         51.81925  6.15651   0         1137      0         135       0         85040     40442     47642     
104       1         52.10657  5.83709   1         730       118       0         10093     86400     42408     49608     
105       0         51.01842  6.49463   1         1069      156       0         0         86400     28800     64800     
106       0         51.50685  6.54742   0         740       0         492       0         71596     28800     64800     
107       0         52.24197  5.88630   0         842       0         374       0         66762     28800     64800     
108       1         51.50899  5.96357   0         627       0         257       0         77846     28800     64800     
109       1         51.69691  6.49694   0         1192      0         403       0         86400     28800     64800     
110       1         51.00299  6.52179   1         972       479       0         0         86400     28800     64800     
111       0         51.48339  5.86737   1         643       369       0         14942     86400     28800     64800     
112       1         51.49923  5.96841   0         933       0         437       0         74510     44346     51546     
113       0         51.02813  6.45085   1         919       396       0         15193     86400     29648     36848     
114       0         51.51440  6.04930   1         848       197       0         0         86400     30372     37572     
115       0         51.02426  6.01942   1         832       550       0         0         86400     28800     64800     
116       1         52.08004  6.02715   0         1114      0         98        0         77800     28800     64800     
117       0         51.35420  6.35864   1         771       563       0         0         86400     28800     64800     
118       1         51.70810  6.16278   1         877       236       0         22432     86400     28800     64800     
119       0         51.60546  6.30443   0         782       0         334       0         66056     31274     38474     
120       0         51.51157  5.89859   0         807       0         212       0         63137     51221     58421     
121       1         51.62683  6.72903   1         656       401       0         9358      86400     28800     64800     
122       1         51.31662  6.44227   1         688       221       0         18582     86400     45040     52240     
123       0         52.24618  5.81509   0         642       0         224       0         86400     28800     64800     
124       0         51.43590  6.29381   1         1109      429       0         0         86400     37234     44434     
125       0         52.04185  5.95443   1         758       570       0         1282      86400     28800     64800     
126       0         51.25039  6.35275   0         619       0         276       0         84948     28800     64800     
127       0         51.25745  6.43440   0         1172      0         86        0         85623     41967     49167     
128       1         51.15308  5.78873   0         993       0         283       0         74948     50923     58123     
129       1         51.91922  6.54011   0         1082      0         149       0         72442     39141     46341     
130       1         51.60485  6.12946   1         639       458       0         12893     86400     28800     64800     
131       0         51.48761  6.12055   1         795       395       0         0         86400     28800     64800     
132       0         51.00671  6.18679   0         684       0         239       0         79741     56454     63654     
133       0         52.18159  5.75491   1         670       329       0         19071     86400     54483     61683     
134       1         51.61512  6.34016   1         941       591       0         4652      86400     37132     44332     
135       0         51.02940  6.59619   1         1191      586       0         0         86400     28800     64800     
136       0         51.16483  6.54357   0         1076      0         200       0         75330     28800     64800     
137       1         51.71799  6.36586   1         996       183       0         0         86400     28800     64800     
138       1         51.28903  6.25589   0         1047      0         223       0         72273     28800     64800     
139       1         51.89279  6.70929   1         933       318       0         12247     86400     28800     64800     
140       1         51.73939  6.42304   1         663       201       0         0         86400     28800     64800     
141       0         51.03935  6.22255   1         980       442       0         12142     86400     52181     59381     
142       1         52.19439  5.94156   1         699       110       0         3256      86400     28800     64800     
143       0         51.01588  6.59255   1         669       52        0         18253     86400     28800     64800     
144       0         51.22804  6.37918   1         1061      289       0         0         86400     46025     53225     
145       1         51.86245  5.94394   1         935       107       0         32216     86400     55079     62279     
146       1         51.23541  5.87441   0         778       0         353       0         68736     56534     63734     
147       1         51.63928  6.35211   0         821       0         492       0         86400     29546     36746     
148       0         51.27217  6.39367   1         1035      138       0         3519      86400     50264     57464     
149       1         52.03591  6.25681   1         1090      232       0         5251      86400     28800     64800     
150       0         51.74877  6.35771   1         746       477       0         32306     86400     31693     46706     
151       0         51.23238  5.97164   1         847       55        0         5172      86400     28800     64800     
