P_20_1 2 4 8 22

[Vehicle Types] - ID_veh_type, fixed_cost, variable_cost, Speed, Capacity, alpha, beta, max_time, max_drive_time
0	0	1.5	80	3200	2400	2800	54000	22000
1	0	2.2	50	7000	6000	6200	54000	32400

[Number of Vehicle Types] - ID_veh_type, ID_depot, number_of_vehicles
0	0	2
1	0	2
0	1	2
1	1	2

[Scheduled Lines] - ID_from, ID_to, cost_per_req, capacity, dep_time, arr_time
0	1	0.1	8000	4386	6334
0	1	0.1	8000	24681	26629
0	1	0.1	8000	54527	56475
0	1	0.1	8000	75274	77222
1	0	0.1	8000	4386	6334
1	0	0.1	8000	24681	26629
1	0	0.1	8000	54527	56475
1	0	0.1	8000	75274	77222

[Nodes/requests]: ID_node, ID_depot, lat, long, type, service_time, q_del, q_col, tw_depot_start, tw_depot_end, tw_cust_start, tw_cust_end
0         0         51.16615  5.78092   -1         0         0         0         0         86400     0         86400
1         1         51.62569  6.25873   -1         0         0         0         0         86400     0         86400
2         1         51.12355  6.12468   0         917       0         122       0         70476     28800     64800     
3         1         52.15750  5.86053   0         889       0         162       0         73198     30261     37461     
4         1         51.39432  6.01474   1         1126      118       0         26896     86400     50607     57807     
5         1         51.57687  6.71102   1         764       477       0         8833      86400     38118     45318     
6         0         52.24704  6.61417   0         1025      0         532       0         78792     52299     59499     
7         1         51.88167  6.54355   1         1027      564       0         25712     86400     46938     54138     
8         1         51.86498  6.56420   0         814       0         454       0         77005     28800     64800     
9         1         51.70113  6.37569   0         1040      0         323       0         85323     28800     64800     
10        0         51.98717  6.15291   1         649       576       0         23038     86400     28800     64800     
11        1         51.31585  6.19935   1         889       327       0         18443     86400     32821     40021     
12        0         52.18528  6.36455   1         1181      111       0         0         86400     51283     58483     
13        1         52.07602  6.48197   1         995       56        0         26878     86400     43787     50987     
14        0         51.12281  6.19819   1         627       454       0         29670     86400     30529     44070     
15        0         51.89092  6.08624   1         623       291       0         0         86400     28800     64800     
16        0         51.12509  6.31173   0         1134      0         487       0         74798     46324     53524     
17        0         51.26185  6.12207   1         1128      564       0         17097     86400     28800     64800     
18        1         51.77145  6.36813   0         1017      0         199       0         86400     28800     64800     
19        0         51.27608  6.05391   1         998       79        0         0         86400     47090     54290     
20        0         51.25407  5.79548   0         617       0         199       0         74960     28800     64800     
21        1         52.16136  5.79624   1         713       511       0         0         86400     31733     38933     
