P_20_2 2 4 8 22

[Vehicle Types] - ID_veh_type, fixed_cost, variable_cost, Speed, Capacity, alpha, beta, max_time, max_drive_time
0	0	1.5	80	3200	2400	2800	54000	22000
1	0	2.2	50	7000	6000	6200	54000	32400

[Number of Vehicle Types] - ID_veh_type, ID_depot, number_of_vehicles
0	0	2
1	0	2
0	1	2
1	1	2

[Scheduled Lines] - ID_from, ID_to, cost_per_req, capacity, dep_time, arr_time
0	1	0.1	8000	4386	6334
0	1	0.1	8000	24681	26629
0	1	0.1	8000	54527	56475
0	1	0.1	8000	75274	77222
1	0	0.1	8000	4386	6334
1	0	0.1	8000	24681	26629
1	0	0.1	8000	54527	56475
1	0	0.1	8000	75274	77222

[Nodes/requests]: ID_node, ID_depot, lat, long, type, service_time, q_del, q_col, tw_depot_start, tw_depot_end, tw_cust_start, tw_cust_end
0         0         51.06394  6.21133   -1         0         0         0         0         86400     0         86400
1         1         51.82665  6.43727   -1         0         0         0         0         86400     0         86400
2         0         51.43297  6.19836   1         1062      306       0         8042      86400     28800     64800     
3         1         52.23816  6.46404   0         858       0         257       0         86400     28800     64800     
4         1         51.89512  6.14767   1         1071      194       0         1417      86400     48040     55240     
5         1         51.48109  6.51550   0         812       0         580       0         86400     30202     37402     
6         1         51.65982  6.69990   0         742       0         69        0         86068     47801     55001     
7         1         51.41893  6.48358   1         1022      128       0         19627     86400     54113     61313     
8         1         51.85048  6.71394   0         1019      0         572       0         86400     50250     57450     
9         1         52.13905  6.16252   0         607       0         552       0         63542     28800     64800     
10        0         51.35795  6.44122   0         650       0         498       0         61968     34461     41661     
11        0         51.90805  5.84189   1         1067      489       0         0         86400     40492     47692     
12        0         51.68892  5.97864   1         1120      550       0         0         86400     33583     40783     
13        1         51.97051  6.39284   0         892       0         392       0         76734     28800     64800     
14        1         51.14003  5.93578   1         1042      366       0         14718     86400     35561     42761     
15        1         52.07460  6.58494   1         1157      383       0         0         86400     46594     53794     
16        0         51.02562  6.23740   0         1044      0         566       0         61395     57322     64522     
17        0         51.03775  6.28468   1         1172      399       0         12350     86400     49088     56288     
18        1         51.77682  6.56679   1         1174      503       0         11984     86400     28800     64800     
19        0         51.05868  6.11049   1         1088      555       0         0         86400     28800     64800     
20        0         51.25212  6.02276   1         722       470       0         5663      86400     28800     64800     
21        1         51.07716  5.99824   0         849       0         561       0         86400     34881     42081     
