P_20_0 2 4 8 22

[Vehicle Types] - ID_veh_type, fixed_cost, variable_cost, Speed, Capacity, alpha, beta, max_time, max_drive_time
0	0	1.5	80	3200	2400	2800	54000	22000
1	0	2.2	50	7000	6000	6200	54000	32400

[Number of Vehicle Types] - ID_veh_type, ID_depot, number_of_vehicles
0	0	2
1	0	2
0	1	2
1	1	2

[Scheduled Lines] - ID_from, ID_to, cost_per_req, capacity, dep_time, arr_time
0	1	0.1	8000	4386	6334
0	1	0.1	8000	24681	26629
0	1	0.1	8000	54527	56475
0	1	0.1	8000	75274	77222
1	0	0.1	8000	4386	6334
1	0	0.1	8000	24681	26629
1	0	0.1	8000	54527	56475
1	0	0.1	8000	75274	77222

[Nodes/requests]: ID_node, ID_depot, lat, long, type, service_time, q_del, q_col, tw_depot_start, tw_depot_end, tw_cust_start, tw_cust_end
0         0         51.57122  5.79193   -1         0         0         0         0         86400     0         86400
1         1         51.92514  6.57706   -1         0         0         0         0         86400     0         86400
2         0         51.66377  5.82217   0         741       0         284       0         66927     28800     64800     
3         1         51.57696  6.56301   0         1088      0         344       0         73623     28800     64800     
4         1         51.21040  5.94428   0         856       0         409       0         74032     28800     64800     
5         0         51.46071  6.27794   0         1128      0         127       0         86400     28800     64800     
6         0         51.21187  6.18451   0         1048      0         412       0         82507     28800     64800     
7         1         51.85979  6.37973   0         917       0         216       0         86400     51890     59090     
8         1         51.57604  6.60293   1         831       593       0         0         86400     28800     64800     
9         0         51.80041  5.92217   1         1044      497       0         9969      86400     34737     41937     
10        0         51.06307  6.02172   0         949       0         569       0         72074     50158     57358     
11        1         52.20505  6.23555   1         771       254       0         0         86400     34880     42080     
12        1         51.09175  6.09005   1         933       375       0         18755     86400     28800     64800     
13        0         52.08857  6.33400   1         658       52        0         20349     86400     37108     44308     
14        0         51.01531  6.73715   1         980       184       0         32131     86400     28800     64800     
15        0         51.42482  5.77554   0         945       0         101       0         84849     28800     64800     
16        1         51.10107  6.02818   1         1135      343       0         19951     86400     28800     64800     
17        1         52.01186  5.82080   0         882       0         488       0         82311     28800     64800     
18        0         51.01724  6.10283   1         812       145       0         0         86400     55657     62857     
19        0         51.86696  6.04409   1         918       271       0         0         86400     28800     64800     
20        1         51.49257  6.30234   1         680       230       0         10886     86400     28800     64800     
21        0         52.17662  5.86864   0         854       0         418       0         75171     43738     50938     
