P_25_2 2 4 8 27

[Vehicle Types] - ID_veh_type, fixed_cost, variable_cost, Speed, Capacity, alpha, beta, max_time, max_drive_time
0	0	1.5	80	3200	2400	2800	54000	22000
1	0	2.2	50	7000	6000	6200	54000	32400

[Number of Vehicle Types] - ID_veh_type, ID_depot, number_of_vehicles
0	0	3
1	0	3
0	1	3
1	1	3

[Scheduled Lines] - ID_from, ID_to, cost_per_req, capacity, dep_time, arr_time
0	1	0.1	8000	4386	6334
0	1	0.1	8000	24681	26629
0	1	0.1	8000	54527	56475
0	1	0.1	8000	75274	77222
1	0	0.1	8000	4386	6334
1	0	0.1	8000	24681	26629
1	0	0.1	8000	54527	56475
1	0	0.1	8000	75274	77222

[Nodes/requests]: ID_node, ID_depot, lat, long, type, service_time, q_del, q_col, tw_depot_start, tw_depot_end, tw_cust_start, tw_cust_end
0         0         51.60542  5.75737   -1         0         0         0         0         86400     0         86400
1         1         51.65374  6.27744   -1         0         0         0         0         86400     0         86400
2         0         51.45815  5.83302   0         645       0         522       0         79308     28800     64800     
3         1         51.16127  6.47025   0         1051      0         70        0         62859     28800     64800     
4         0         51.75078  6.41642   0         1032      0         556       0         72241     28800     64800     
5         1         51.81696  6.60585   0         1033      0         472       0         62060     28800     64800     
6         0         51.59005  6.59016   1         1078      196       0         29833     86400     29229     44233     
7         0         52.10725  5.83049   1         895       406       0         21774     86400     28800     64800     
8         0         51.28732  5.90549   1         1172      569       0         0         86400     28800     64800     
9         1         51.12332  6.02763   1         1025      165       0         15657     86400     28800     64800     
10        1         51.68786  5.98620   0         1182      0         110       0         86400     42241     49441     
11        0         52.21822  6.02945   0         1065      0         128       0         78430     38633     45833     
12        0         51.85462  6.41609   0         1063      0         493       0         86400     42860     50060     
13        0         51.32790  6.05355   0         876       0         252       0         75813     28800     64800     
14        1         51.63827  6.13055   1         967       523       0         0         86400     42020     49220     
15        0         52.05922  6.32560   0         647       0         305       0         86400     28800     64800     
16        0         51.80760  5.82652   1         699       494       0         12081     86400     56887     64087     
17        0         51.22081  5.96071   1         648       347       0         0         86400     46009     53209     
18        1         51.18294  5.95475   0         1067      0         305       0         85835     38075     45275     
19        0         51.84059  5.75227   0         913       0         130       0         83058     28800     64800     
20        1         52.19736  5.84776   0         642       0         452       0         81558     54172     61372     
21        0         51.60252  5.96767   0         611       0         250       0         83050     36022     43222     
22        0         51.62227  6.48583   1         679       523       0         6834      86400     38279     45479     
23        1         51.31141  6.70889   1         1018      306       0         0         86400     28800     64800     
24        1         51.31953  6.68481   0         1031      0         348       0         68726     28800     64800     
25        0         51.24046  6.51190   0         755       0         335       0         74113     41694     48894     
26        0         51.17536  6.68319   1         668       118       0         18480     86400     30954     38154     
