P_25_1 2 4 8 27

[Vehicle Types] - ID_veh_type, fixed_cost, variable_cost, Speed, Capacity, alpha, beta, max_time, max_drive_time
0	0	1.5	80	3200	2400	2800	54000	22000
1	0	2.2	50	7000	6000	6200	54000	32400

[Number of Vehicle Types] - ID_veh_type, ID_depot, number_of_vehicles
0	0	3
1	0	3
0	1	3
1	1	3

[Scheduled Lines] - ID_from, ID_to, cost_per_req, capacity, dep_time, arr_time
0	1	0.1	8000	4386	6334
0	1	0.1	8000	24681	26629
0	1	0.1	8000	54527	56475
0	1	0.1	8000	75274	77222
1	0	0.1	8000	4386	6334
1	0	0.1	8000	24681	26629
1	0	0.1	8000	54527	56475
1	0	0.1	8000	75274	77222

[Nodes/requests]: ID_node, ID_depot, lat, long, type, service_time, q_del, q_col, tw_depot_start, tw_depot_end, tw_cust_start, tw_cust_end
0         0         51.22793  6.18289   -1         0         0         0         0         86400     0         86400
1         1         51.98299  6.33197   -1         0         0         0         0         86400     0         86400
2         1         51.85242  6.59713   1         726       211       0         26162     86400     30741     40562     
3         0         51.61892  5.87274   1         971       505       0         21527     86400     56602     63802     
4         1         51.55837  6.73121   1         1017      440       0         31968     86400     48242     55442     
5         0         51.62461  6.35285   1         1125      563       0         8411      86400     28800     64800     
6         1         51.93400  6.46855   0         615       0         562       0         76563     28800     64800     
7         1         51.04629  6.46851   1         1091      596       0         0         86400     28800     64800     
8         0         51.22015  5.96787   1         609       114       0         0         86400     42909     50109     
9         0         51.52469  6.44320   1         711       533       0         19628     86400     56739     63939     
10        1         51.79685  6.34627   0         695       0         51        0         86400     37537     44737     
11        1         52.00425  5.80152   1         1168      234       0         25772     86400     28800     64800     
12        0         51.90308  6.53676   0         674       0         354       0         86400     28800     64800     
13        0         51.67444  6.51834   1         856       197       0         32232     86400     35854     46632     
14        0         51.36857  6.52276   0         887       0         578       0         73177     54834     62034     
15        0         51.52325  6.27171   0         1189      0         122       0         80504     28800     64800     
16        0         51.34754  5.83321   1         869       179       0         22507     86400     28800     64800     
17        1         51.61657  5.96849   1         832       433       0         0         86400     46029     53229     
18        0         51.16854  5.86282   1         1052      201       0         0         86400     28800     64800     
19        0         51.21912  6.04710   0         1086      0         391       0         63299     41475     48675     
20        0         51.08962  6.68678   1         965       560       0         0         86400     28800     64800     
21        1         52.03156  6.27307   0         743       0         256       0         76082     28800     64800     
22        1         51.89026  6.62039   0         981       0         186       0         83949     28800     64800     
23        0         52.19686  5.92405   1         931       470       0         22767     86400     40412     47612     
24        0         51.91537  6.57006   0         726       0         167       0         64592     37033     44233     
25        0         51.24507  6.36001   1         862       68        0         25678     86400     35063     42263     
26        1         51.41720  5.77543   1         880       464       0         13154     86400     29129     36329     
