P_25_0 2 4 8 27

[Vehicle Types] - ID_veh_type, fixed_cost, variable_cost, Speed, Capacity, alpha, beta, max_time, max_drive_time
0	0	1.5	80	3200	2400	2800	54000	22000
1	0	2.2	50	7000	6000	6200	54000	32400

[Number of Vehicle Types] - ID_veh_type, ID_depot, number_of_vehicles
0	0	3
1	0	3
0	1	3
1	1	3

[Scheduled Lines] - ID_from, ID_to, cost_per_req, capacity, dep_time, arr_time
0	1	0.1	8000	4386	6334
0	1	0.1	8000	24681	26629
0	1	0.1	8000	54527	56475
0	1	0.1	8000	75274	77222
1	0	0.1	8000	4386	6334
1	0	0.1	8000	24681	26629
1	0	0.1	8000	54527	56475
1	0	0.1	8000	75274	77222

[Nodes/requests]: ID_node, ID_depot, lat, long, type, service_time, q_del, q_col, tw_depot_start, tw_depot_end, tw_cust_start, tw_cust_end
0         0         51.40608  6.00338   -1         0         0         0         0         86400     0         86400
1         1         51.86467  6.28493   -1         0         0         0         0         86400     0         86400
2         0         51.51560  6.48386   1         757       427       0         0         86400     28800     64800     
3         0         51.12972  5.81344   0         1082      0         460       0         86400     40145     47345     
4         0         52.15571  6.61366   0         1027      0         531       0         86400     41068     48268     
5         1         51.99778  5.85501   0         649       0         62        0         85845     28800     64800     
6         1         51.76003  6.06714   0         643       0         76        0         73063     52845     60045     
7         1         52.17707  5.77031   0         689       0         90        0         82870     42206     49406     
8         0         51.13609  5.89681   1         908       79        0         18970     86400     28800     64800     
9         1         51.34924  6.29160   1         736       539       0         0         86400     40787     47987     
10        1         51.47443  6.63652   1         1193      306       0         9746      86400     28800     64800     
11        1         51.54706  5.77951   0         1024      0         108       0         78715     42908     50108     
12        1         51.61270  6.45309   1         664       400       0         0         86400     28800     64800     
13        0         51.38148  6.44715   1         898       212       0         19218     86400     28800     64800     
14        0         51.06682  6.38711   0         1140      0         110       0         82406     56502     63702     
15        1         51.85451  5.88329   1         769       133       0         17707     86400     28800     64800     
16        1         52.07340  6.07378   1         1157      330       0         20465     86400     28800     64800     
17        1         51.62586  6.10769   1         727       181       0         25703     86400     28800     64800     
18        0         51.98201  6.66537   0         951       0         111       0         86400     39351     46551     
19        0         51.46685  5.82226   0         614       0         154       0         64564     48517     55717     
20        0         51.53408  5.87494   1         1138      564       0         13244     86400     28800     64800     
21        1         51.43633  5.91904   1         674       540       0         24649     86400     40455     47655     
22        0         51.31888  6.33806   0         953       0         200       0         86400     29043     36243     
23        0         51.70797  5.81885   0         1190      0         134       0         86400     41086     48286     
24        0         51.03420  6.52311   0         1062      0         149       0         76904     40679     47879     
25        1         51.74517  6.50649   0         981       0         109       0         63673     28800     64800     
26        0         51.47381  6.67938   1         1034      171       0         0         86400     28800     64800     
