P_30_2 2 4 8 32

[Vehicle Types] - ID_veh_type, fixed_cost, variable_cost, Speed, Capacity, alpha, beta, max_time, max_drive_time
0	0	1.5	80	3200	2400	2800	54000	22000
1	0	2.2	50	7000	6000	6200	54000	32400

[Number of Vehicle Types] - ID_veh_type, ID_depot, number_of_vehicles
0	0	3
1	0	3
0	1	3
1	1	3

[Scheduled Lines] - ID_from, ID_to, cost_per_req, capacity, dep_time, arr_time
0	1	0.1	8000	4386	6334
0	1	0.1	8000	24681	26629
0	1	0.1	8000	54527	56475
0	1	0.1	8000	75274	77222
1	0	0.1	8000	4386	6334
1	0	0.1	8000	24681	26629
1	0	0.1	8000	54527	56475
1	0	0.1	8000	75274	77222

[Nodes/requests]: ID_node, ID_depot, lat, long, type, service_time, q_del, q_col, tw_depot_start, tw_depot_end, tw_cust_start, tw_cust_end
0         0         51.41397  6.03543   -1         0         0         0         0         86400     0         86400
1         1         52.05724  6.28617   -1         0         0         0         0         86400     0         86400
2         0         51.10395  6.10532   0         612       0         403       0         83271     51591     58791     
3         0         51.22572  5.75048   1         1043      430       0         28756     86400     56431     63631     
4         0         51.22600  6.69433   1         975       448       0         17759     86400     28800     64800     
5         1         52.03543  6.03289   1         851       137       0         3099      86400     38487     45687     
6         1         51.78804  6.43505   1         635       170       0         25298     86400     28800     64800     
7         1         51.67353  6.67341   1         1010      580       0         29106     86400     28800     64800     
8         1         51.26210  6.38979   0         939       0         587       0         74273     28800     64800     
9         1         51.88562  6.45600   0         858       0         114       0         70182     28800     64800     
10        1         52.09508  6.54910   1         790       327       0         0         86400     28800     64800     
11        1         51.92310  5.95414   1         744       123       0         0         86400     28800     64800     
12        0         51.53969  6.59785   0         1081      0         553       0         75946     31597     38797     
13        1         51.70385  6.42056   0         1129      0         253       0         74959     28800     64800     
14        0         51.53942  6.72799   0         846       0         322       0         75829     29302     36502     
15        0         51.32991  6.05450   0         837       0         555       0         80178     28800     64800     
16        1         52.22665  6.47193   0         821       0         582       0         67140     46106     53306     
17        0         51.26465  6.28592   0         864       0         346       0         72050     28800     64800     
18        0         51.07535  5.94823   0         1115      0         271       0         68197     54856     62056     
19        0         51.06311  6.20328   1         1087      532       0         0         86400     34292     41492     
20        0         51.15485  6.38838   1         998       558       0         15146     86400     41604     48804     
21        0         51.24367  5.88885   1         1184      369       0         19326     86400     28800     64800     
22        0         51.23792  6.25861   0         1183      0         504       0         75384     28800     64800     
23        1         51.89556  6.48713   0         1008      0         456       0         73971     32875     40075     
24        1         51.86427  6.36373   0         658       0         286       0         77398     56896     64096     
25        0         51.37571  6.40652   1         919       282       0         420       86400     28800     64800     
26        0         51.16227  6.64178   0         639       0         546       0         77715     56955     64155     
27        1         52.08394  6.68845   0         820       0         126       0         86400     30669     37869     
28        0         51.43140  6.67856   1         1137      414       0         10094     86400     46548     53748     
29        1         51.50165  6.46729   0         1000      0         330       0         72991     28800     64800     
30        1         51.17887  6.57666   0         728       0         219       0         72210     28800     64800     
31        0         51.46063  6.57860   0         829       0         107       0         64415     28800     64800     
