P_30_1 2 4 8 32

[Vehicle Types] - ID_veh_type, fixed_cost, variable_cost, Speed, Capacity, alpha, beta, max_time, max_drive_time
0	0	1.5	80	3200	2400	2800	54000	22000
1	0	2.2	50	7000	6000	6200	54000	32400

[Number of Vehicle Types] - ID_veh_type, ID_depot, number_of_vehicles
0	0	3
1	0	3
0	1	3
1	1	3

[Scheduled Lines] - ID_from, ID_to, cost_per_req, capacity, dep_time, arr_time
0	1	0.1	8000	4386	6334
0	1	0.1	8000	24681	26629
0	1	0.1	8000	54527	56475
0	1	0.1	8000	75274	77222
1	0	0.1	8000	4386	6334
1	0	0.1	8000	24681	26629
1	0	0.1	8000	54527	56475
1	0	0.1	8000	75274	77222

[Nodes/requests]: ID_node, ID_depot, lat, long, type, service_time, q_del, q_col, tw_depot_start, tw_depot_end, tw_cust_start, tw_cust_end
0         0         51.14642  6.11869   -1         0         0         0         0         86400     0         86400
1         1         52.01187  6.27094   -1         0         0         0         0         86400     0         86400
2         1         51.25343  6.41567   1         673       506       0         19010     86400     34834     42034     
3         1         52.21396  6.66690   0         1152      0         376       0         65021     28800     64800     
4         0         51.21124  6.47839   1         855       521       0         19757     86400     55159     62359     
5         1         52.05162  6.71842   1         904       408       0         27371     86400     28800     64800     
6         1         51.80538  6.12953   1         1137      368       0         239       86400     48070     55270     
7         0         51.48006  5.94469   0         1038      0         372       0         72885     33602     40802     
8         1         51.80146  6.03069   0         826       0         201       0         86400     28800     64800     
9         1         51.96982  6.21632   1         1063      502       0         19931     86400     28800     64800     
10        0         51.24382  6.56101   0         905       0         115       0         77286     49894     57094     
11        1         51.68106  6.47246   0         883       0         197       0         76827     52949     60149     
12        1         51.54356  6.52455   0         1144      0         410       0         72927     48473     55673     
13        0         51.35011  5.79994   1         1099      216       0         0         86400     32508     39708     
14        1         51.91754  6.04123   1         668       469       0         13988     86400     47153     54353     
15        1         51.63577  5.89831   0         845       0         148       0         66367     28800     64800     
16        1         51.89312  6.54004   0         654       0         327       0         66516     28800     64800     
17        1         52.14794  6.12341   1         708       548       0         17737     86400     32186     39386     
18        0         51.30058  6.31165   0         1064      0         179       0         67156     45162     52362     
19        0         51.38357  5.85806   0         1080      0         225       0         78443     28800     64800     
20        1         51.28395  5.96658   1         997       59        0         0         86400     28800     64800     
21        0         51.00504  5.86463   0         852       0         425       0         86400     28800     64800     
22        1         52.02914  6.62255   0         876       0         473       0         86132     45430     52630     
23        1         52.14500  6.51842   1         696       427       0         30432     86400     28800     64800     
24        0         51.38006  5.85884   1         754       80        0         0         86400     28800     64800     
25        1         52.16125  5.92633   1         753       480       0         0         86400     28800     64800     
26        1         51.59558  6.05915   1         746       338       0         3454      86400     28800     64800     
27        0         51.20458  6.65069   0         651       0         93        0         86400     37538     44738     
28        1         51.57283  6.69662   0         605       0         271       0         65910     28800     64800     
29        0         51.17506  5.90961   1         1129      239       0         23221     86400     28800     64800     
30        1         51.98660  6.26608   0         696       0         310       0         73316     28800     64800     
31        0         51.24727  6.44145   1         1032      194       0         7133      86400     41561     48761     
