P_30_0 2 4 8 32

[Vehicle Types] - ID_veh_type, fixed_cost, variable_cost, Speed, Capacity, alpha, beta, max_time, max_drive_time
0	0	1.5	80	3200	2400	2800	54000	22000
1	0	2.2	50	7000	6000	6200	54000	32400

[Number of Vehicle Types] - ID_veh_type, ID_depot, number_of_vehicles
0	0	3
1	0	3
0	1	3
1	1	3

[Scheduled Lines] - ID_from, ID_to, cost_per_req, capacity, dep_time, arr_time
0	1	0.1	8000	4386	6334
0	1	0.1	8000	24681	26629
0	1	0.1	8000	54527	56475
0	1	0.1	8000	75274	77222
1	0	0.1	8000	4386	6334
1	0	0.1	8000	24681	26629
1	0	0.1	8000	54527	56475
1	0	0.1	8000	75274	77222

[Nodes/requests]: ID_node, ID_depot, lat, long, type, service_time, q_del, q_col, tw_depot_start, tw_depot_end, tw_cust_start, tw_cust_end
0         0         51.58441  6.19244   -1         0         0         0         0         86400     0         86400
1         1         52.01573  6.74083   -1         0         0         0         0         86400     0         86400
2         0         51.66689  6.05461   0         826       0         478       0         78515     48587     55787     
3         1         51.48606  6.51367   0         1119      0         206       0         63320     29130     36330     
4         0         51.07119  5.92216   0         779       0         422       0         86400     28800     64800     
5         0         51.82450  6.63008   0         987       0         126       0         66941     28800     64800     
6         0         51.23821  6.31649   1         1121      387       0         9281      86400     53756     60956     
7         1         51.36298  6.43345   1         1173      531       0         30014     86400     28800     64800     
8         1         51.75366  6.65916   0         661       0         571       0         65442     28800     64800     
9         1         51.79114  6.45219   0         1120      0         406       0         86400     28800     64800     
10        1         51.74495  6.69348   1         833       406       0         8929      86400     28800     64800     
11        0         51.09608  6.47470   0         662       0         511       0         68438     28800     64800     
12        0         51.67367  6.59225   0         733       0         531       0         66440     28800     64800     
13        0         51.09263  6.56200   1         895       240       0         16027     86400     28800     64800     
14        1         51.81213  5.85710   0         895       0         264       0         79539     41055     48255     
15        1         51.93876  6.31294   1         1162      485       0         28573     86400     28800     64800     
16        0         51.85926  6.05017   1         858       241       0         11231     86400     47584     54784     
17        1         52.19392  6.68416   1         895       123       0         24011     86400     32308     39508     
18        0         51.06962  6.65685   0         690       0         479       0         86400     28800     64800     
19        1         52.20904  6.71601   1         794       516       0         5339      86400     28800     64800     
20        0         51.47526  6.24248   0         886       0         125       0         65402     28800     64800     
21        0         51.53241  5.98168   0         642       0         361       0         66912     49614     56814     
22        0         51.58934  6.28791   0         813       0         497       0         83799     45495     52695     
23        0         51.84985  6.59334   0         811       0         432       0         84361     40027     47227     
24        1         52.08018  6.42646   1         699       72        0         24937     86400     29893     39337     
25        1         52.07340  6.61753   0         663       0         513       0         82193     56415     63615     
26        0         51.15402  5.98963   0         1188      0         70        0         61439     28800     64800     
27        0         51.35186  6.74338   1         1080      560       0         20966     86400     28800     64800     
28        1         51.34669  6.13651   0         1125      0         411       0         86400     28800     64800     
29        0         51.65153  6.15802   0         805       0         349       0         66529     28800     64800     
30        1         52.13705  6.50494   0         936       0         556       0         72033     28800     64800     
31        1         52.20182  6.01948   0         750       0         588       0         63296     53162     60362     
