P_35_1 2 4 8 37

[Vehicle Types] - ID_veh_type, fixed_cost, variable_cost, Speed, Capacity, alpha, beta, max_time, max_drive_time
0	0	1.5	80	3200	2400	2800	54000	22000
1	0	2.2	50	7000	6000	6200	54000	32400

[Number of Vehicle Types] - ID_veh_type, ID_depot, number_of_vehicles
0	0	3
1	0	3
0	1	3
1	1	3

[Scheduled Lines] - ID_from, ID_to, cost_per_req, capacity, dep_time, arr_time
0	1	0.1	8000	4386	6334
0	1	0.1	8000	24681	26629
0	1	0.1	8000	54527	56475
0	1	0.1	8000	75274	77222
1	0	0.1	8000	4386	6334
1	0	0.1	8000	24681	26629
1	0	0.1	8000	54527	56475
1	0	0.1	8000	75274	77222

[Nodes/requests]: ID_node, ID_depot, lat, long, type, service_time, q_del, q_col, tw_depot_start, tw_depot_end, tw_cust_start, tw_cust_end
0         0         51.11410  5.88065   -1         0         0         0         0         86400     0         86400
1         1         52.19008  6.42558   -1         0         0         0         0         86400     0         86400
2         1         51.55219  6.29115   1         754       261       0         0         86400     54614     61814     
3         0         51.29285  6.03146   0         1171      0         580       0         68615     30045     37245     
4         1         51.94107  6.52389   1         733       244       0         19848     86400     46437     53637     
5         1         51.57313  6.31968   1         603       556       0         19180     86400     28800     64800     
6         1         51.62301  5.77648   1         663       203       0         27763     86400     36001     43201     
7         0         51.59363  6.37997   1         837       157       0         342       86400     28800     64800     
8         0         51.76228  5.77969   0         728       0         589       0         61989     34046     41246     
9         0         52.10885  6.10761   1         647       209       0         15312     86400     28800     64800     
10        1         52.14321  5.84473   0         1123      0         381       0         80297     28800     64800     
11        1         51.96399  6.54299   1         1166      108       0         24414     86400     28800     64800     
12        1         52.15320  6.10029   1         951       107       0         0         86400     28800     64800     
13        0         51.85626  6.13618   0         1133      0         564       0         62990     52759     59959     
14        1         51.57034  6.70446   0         883       0         412       0         86400     28800     64800     
15        0         51.12886  6.32495   1         1062      463       0         0         86400     33109     40309     
16        0         51.63573  6.04441   0         763       0         537       0         77796     28800     64800     
17        1         51.36835  6.29434   0         1029      0         63        0         61650     28800     64800     
18        0         51.01846  5.82693   1         787       83        0         7227      86400     28800     64800     
19        1         52.22698  6.28943   0         658       0         303       0         84002     29371     36571     
20        1         51.86221  6.22722   0         1003      0         472       0         76520     28800     64800     
21        0         51.83077  5.94885   0         891       0         106       0         74929     28800     64800     
22        0         51.00885  6.39236   1         1177      514       0         801       86400     28800     64800     
23        1         51.94196  6.52846   1         833       455       0         0         86400     29454     36654     
24        1         51.64231  6.28297   1         919       100       0         21708     86400     28800     64800     
25        1         51.96274  6.48902   0         1179      0         219       0         68896     28800     64800     
26        1         52.17793  6.34858   0         653       0         330       0         65545     28800     64800     
27        1         52.15322  6.53289   0         986       0         91        0         61742     55435     62635     
28        1         52.01435  6.24581   0         844       0         263       0         72879     46678     53878     
29        1         51.68064  6.12795   1         962       254       0         0         86400     28800     64800     
30        0         51.07525  6.32093   0         713       0         236       0         68158     28800     64800     
31        0         52.04977  5.80600   0         1011      0         522       0         69228     28800     64800     
32        0         51.04631  6.33504   0         974       0         79        0         63007     28800     64800     
33        1         51.23740  5.91229   1         1029      409       0         12788     86400     28800     64800     
34        0         51.78728  6.14842   1         706       594       0         4710      86400     28800     64800     
35        0         51.30409  6.47911   0         648       0         477       0         86340     34937     42137     
36        1         51.41583  5.82625   0         613       0         161       0         62680     28800     64800     