P_35_2 2 4 8 37

[Vehicle Types] - ID_veh_type, fixed_cost, variable_cost, Speed, Capacity, alpha, beta, max_time, max_drive_time
0	0	1.5	80	3200	2400	2800	54000	22000
1	0	2.2	50	7000	6000	6200	54000	32400

[Number of Vehicle Types] - ID_veh_type, ID_depot, number_of_vehicles
0	0	3
1	0	3
0	1	3
1	1	3

[Scheduled Lines] - ID_from, ID_to, cost_per_req, capacity, dep_time, arr_time
0	1	0.1	8000	4386	6334
0	1	0.1	8000	24681	26629
0	1	0.1	8000	54527	56475
0	1	0.1	8000	75274	77222
1	0	0.1	8000	4386	6334
1	0	0.1	8000	24681	26629
1	0	0.1	8000	54527	56475
1	0	0.1	8000	75274	77222

[Nodes/requests]: ID_node, ID_depot, lat, long, type, service_time, q_del, q_col, tw_depot_start, tw_depot_end, tw_cust_start, tw_cust_end
0         0         51.18004  5.91907   -1         0         0         0         0         86400     0         86400
1         1         51.92052  6.52587   -1         0         0         0         0         86400     0         86400
2         1         51.25905  6.21010   0         789       0         289       0         81099     36108     43308     
3         0         51.28380  6.18367   1         1025      593       0         704       86400     54916     62116     
4         1         52.08039  6.18944   0         998       0         335       0         86400     28800     64800     
5         1         51.11137  6.23757   1         807       82        0         29278     86400     28800     64800     
6         1         51.61333  6.37515   0         670       0         139       0         76985     32993     40193     
7         0         51.99587  5.83722   0         938       0         236       0         86400     28800     64800     
8         0         52.21650  5.79543   0         652       0         514       0         72302     28800     64800     
9         1         51.53380  6.44481   1         896       110       0         16024     86400     28800     64800     
10        1         52.06580  5.91077   0         740       0         162       0         74437     45461     52661     
11        0         51.27041  5.95828   0         968       0         321       0         78392     28800     64800     
12        1         51.99157  6.38937   1         1133      535       0         0         86400     28800     64800     
13        0         51.07159  5.77182   1         759       551       0         30945     86400     28800     64800     
14        0         51.03007  6.66864   0         926       0         109       0         76825     44283     51483     
15        1         52.00281  6.29569   0         878       0         566       0         79821     28800     64800     
16        1         51.04879  6.35184   1         1037      355       0         0         86400     50585     57785     
17        0         51.81154  5.82620   0         715       0         450       0         86400     55557     62757     
18        0         51.30225  6.00607   0         849       0         335       0         70725     40461     47661     
19        0         51.69928  6.36390   0         820       0         533       0         86400     28800     64800     
20        0         51.24057  5.87558   1         820       156       0         17240     86400     42769     49969     
21        0         51.19769  6.21908   0         966       0         59        0         65940     52165     59365     
22        1         52.10267  6.01939   0         760       0         132       0         86400     28800     64800     
23        0         51.60226  6.12554   1         794       170       0         28211     86400     28800     64800     
24        1         51.99862  6.29517   1         1199      461       0         22479     86400     28800     64800     
25        1         52.17235  6.11980   1         1116      79        0         0         86400     28800     64800     
26        0         51.16438  5.95753   0         933       0         176       0         81516     28800     64800     
27        1         52.22806  6.34530   1         796       527       0         0         86400     28800     64800     
28        1         52.09531  5.93138   1         946       286       0         13863     86400     28800     64800     
29        0         52.07415  6.67594   0         1178      0         79        0         77355     49812     57012     
30        1         52.01814  6.19018   0         826       0         202       0         65862     47523     54723     
31        1         51.49628  6.07162   0         705       0         321       0         61203     28800     64800     
32        0         52.13695  5.84518   0         1125      0         551       0         82297     28800     64800     
33        0         51.39131  6.61147   1         738       134       0         15706     86400     51854     59054     
34        1         52.05944  6.57946   1         1108      291       0         0         86400     48994     56194     
35        0         51.04859  6.23346   0         1029      0         442       0         84547     36208     43408     
36        1         52.05513  5.89688   1         1161      378       0         28601     86400     37987     45187     
