P_35_0 2 4 8 37

[Vehicle Types] - ID_veh_type, fixed_cost, variable_cost, Speed, Capacity, alpha, beta, max_time, max_drive_time
0	0	1.5	80	3200	2400	2800	54000	22000
1	0	2.2	50	7000	6000	6200	54000	32400

[Number of Vehicle Types] - ID_veh_type, ID_depot, number_of_vehicles
0	0	3
1	0	3
0	1	3
1	1	3

[Scheduled Lines] - ID_from, ID_to, cost_per_req, capacity, dep_time, arr_time
0	1	0.1	8000	4386	6334
0	1	0.1	8000	24681	26629
0	1	0.1	8000	54527	56475
0	1	0.1	8000	75274	77222
1	0	0.1	8000	4386	6334
1	0	0.1	8000	24681	26629
1	0	0.1	8000	54527	56475
1	0	0.1	8000	75274	77222

[Nodes/requests]: ID_node, ID_depot, lat, long, type, service_time, q_del, q_col, tw_depot_start, tw_depot_end, tw_cust_start, tw_cust_end
0         0         51.47462  6.21850   -1         0         0         0         0         86400     0         86400
1         1         52.14527  6.62853   -1         0         0         0         0         86400     0         86400
2         1         52.02494  6.04259   0         889       0         540       0         72078     37032     44232     
3         0         51.14457  6.02174   1         741       261       0         6889      86400     28800     64800     
4         1         51.24877  6.22094   1         1000      247       0         26624     86400     50016     57216     
5         0         51.18569  6.23797   0         800       0         551       0         86400     51662     58862     
6         0         51.39229  5.79656   0         975       0         497       0         69650     28800     64800     
7         0         51.80804  5.91754   0         1053      0         272       0         80853     54608     61808     
8         0         51.42502  6.31741   1         768       564       0         0         86400     28800     64800     
9         0         52.23109  6.49673   1         871       283       0         2708      86400     52637     59837     
10        1         51.22988  6.45233   1         1030      160       0         29437     86400     54923     62123     
11        0         51.70985  5.88121   1         1128      325       0         17169     86400     32202     39402     
12        1         52.12622  6.50467   0         1087      0         456       0         77529     50420     57620     
13        0         51.78877  6.62231   0         704       0         99        0         64987     28800     64800     
14        0         51.49043  6.11025   1         637       345       0         3104      86400     28800     64800     
15        1         52.21423  6.34842   1         1142      535       0         3128      86400     55109     62309     
16        1         51.81065  6.50544   1         1078      113       0         0         86400     28800     64800     
17        0         51.51812  6.25071   0         1159      0         216       0         71841     28800     64800     
18        1         52.14881  6.73459   0         665       0         561       0         68581     28800     64800     
19        1         51.57593  6.26232   1         999       534       0         0         86400     28800     64800     
20        1         51.83834  6.20504   0         710       0         150       0         86400     28800     64800     
21        0         51.37791  5.86182   1         825       530       0         6097      86400     32186     39386     
22        0         52.20056  6.43485   1         856       285       0         29729     86400     53375     60575     
23        0         51.09668  6.28445   1         657       468       0         30217     86400     29001     44617     
24        0         51.40210  6.46828   0         979       0         213       0         69644     46344     53544     
25        0         51.48653  6.68439   0         809       0         476       0         73665     28800     64800     
26        0         51.72550  6.37338   1         876       442       0         0         86400     29694     36894     
27        1         51.91577  5.96179   0         688       0         84        0         86400     28800     64800     
28        0         51.19050  6.27235   0         642       0         88        0         86400     51081     58281     
29        0         51.44723  6.08727   0         651       0         346       0         77451     28800     64800     
30        1         51.54968  6.70507   0         696       0         454       0         83101     56818     64018     
31        0         52.02515  5.98734   1         920       363       0         0         86400     28800     64800     
32        0         51.45002  6.03033   1         956       60        0         17205     86400     44204     51404     
33        1         51.29570  6.19492   1         1118      355       0         29144     86400     28800     64800     
34        0         51.46828  6.17494   1         1023      339       0         0         86400     28800     64800     
35        0         51.58786  6.03575   1         790       269       0         2484      86400     33578     40778     
36        1         52.11092  6.72180   1         1148      264       0         0         86400     28800     64800     
