P_40_2 2 4 8 42

[Vehicle Types] - ID_veh_type, fixed_cost, variable_cost, Speed, Capacity, alpha, beta, max_time, max_drive_time
0	0	1.5	80	3200	2400	2800	54000	22000
1	0	2.2	50	7000	6000	6200	54000	32400

[Number of Vehicle Types] - ID_veh_type, ID_depot, number_of_vehicles
0	0	4
1	0	4
0	1	4
1	1	4

[Scheduled Lines] - ID_from, ID_to, cost_per_req, capacity, dep_time, arr_time
0	1	0.1	8000	4386	6334
0	1	0.1	8000	24681	26629
0	1	0.1	8000	54527	56475
0	1	0.1	8000	75274	77222
1	0	0.1	8000	4386	6334
1	0	0.1	8000	24681	26629
1	0	0.1	8000	54527	56475
1	0	0.1	8000	75274	77222

[Nodes/requests]: ID_node, ID_depot, lat, long, type, service_time, q_del, q_col, tw_depot_start, tw_depot_end, tw_cust_start, tw_cust_end
0         0         51.42000  5.79434   -1         0         0         0         0         86400     0         86400
1         1         51.83656  6.34186   -1         0         0         0         0         86400     0         86400
2         0         52.09082  6.26614   0         822       0         263       0         78640     28800     64800     
3         1         52.01771  6.60119   1         656       420       0         14350     86400     51813     59013     
4         1         51.31755  6.54506   1         788       165       0         0         86400     53843     61043     
5         1         52.19408  6.41180   1         845       140       0         20973     86400     52531     59731     
6         1         51.31102  5.94063   1         633       118       0         23560     86400     32358     39558     
7         0         51.99044  6.50790   1         764       50        0         13943     86400     31584     38784     
8         1         52.00517  6.38507   1         1128      357       0         5447      86400     28800     64800     
9         1         51.20211  6.56433   0         638       0         485       0         80444     47012     54212     
10        0         51.18900  6.28798   1         1143      573       0         14724     86400     38860     46060     
11        1         51.31140  6.04411   1         1103      93        0         20143     86400     34671     41871     
12        1         51.75167  6.64340   1         692       169       0         0         86400     49406     56606     
13        0         51.35781  6.66401   0         758       0         524       0         78371     52309     59509     
14        1         52.13045  5.88472   0         905       0         424       0         86400     52480     59680     
15        0         51.92017  6.57070   1         997       408       0         10951     86400     35616     42816     
16        1         51.62501  6.21688   1         1164      372       0         30721     86400     42216     49416     
17        1         51.76826  5.94529   0         1058      0         453       0         63872     28800     64800     
18        0         51.69944  6.01457   0         777       0         301       0         64928     28800     64800     
19        1         52.04700  6.27293   1         819       117       0         0         86400     28800     64800     
20        0         51.63216  6.17485   0         1180      0         457       0         83981     28800     64800     
21        0         52.20931  5.88066   0         1122      0         574       0         74495     28800     64800     
22        1         51.96095  6.56974   0         1009      0         451       0         63381     56143     63343     
23        1         52.00487  6.16208   1         950       552       0         21704     86400     51126     58326     
24        1         51.54274  6.21316   0         1047      0         229       0         80212     28800     64800     
25        0         51.37475  5.89265   1         668       98        0         0         86400     28800     64800     
26        1         51.16838  6.73340   0         848       0         129       0         86400     28800     64800     
27        1         51.74919  6.55100   0         1120      0         98        0         84987     44148     51348     
28        0         51.43982  6.09489   0         903       0         525       0         86400     48257     55457     
29        0         51.40486  6.04912   0         1145      0         354       0         76268     34496     41696     
30        1         52.14763  6.31529   0         1111      0         543       0         86400     28800     64800     
31        0         51.08612  6.44332   0         1130      0         146       0         79919     28800     64800     
32        0         51.56149  5.90649   1         647       493       0         8627      86400     28800     64800     
33        1         51.10130  6.74586   0         887       0         468       0         86400     50528     57728     
34        1         51.96340  6.31704   0         1005      0         220       0         61681     28800     64800     
35        0         52.04494  6.04212   1         894       158       0         15496     86400     33523     40723     
36        1         51.06828  6.22109   0         848       0         185       0         81571     28800     64800     
37        1         51.85207  5.78639   1         632       511       0         0         86400     28800     64800     
38        1         51.50560  6.19211   1         891       407       0         7900      86400     36453     43653     
39        1         52.21772  6.04322   1         820       522       0         7592      86400     28800     64800     
40        0         51.65785  6.65554   1         682       295       0         9355      86400     31350     38550     
41        0         51.48333  5.94749   0         1116      0         580       0         81926     54795     61995     
