P_40_0 2 4 8 42

[Vehicle Types] - ID_veh_type, fixed_cost, variable_cost, Speed, Capacity, alpha, beta, max_time, max_drive_time
0	0	1.5	80	3200	2400	2800	54000	22000
1	0	2.2	50	7000	6000	6200	54000	32400

[Number of Vehicle Types] - ID_veh_type, ID_depot, number_of_vehicles
0	0	4
1	0	4
0	1	4
1	1	4

[Scheduled Lines] - ID_from, ID_to, cost_per_req, capacity, dep_time, arr_time
0	1	0.1	8000	4386	6334
0	1	0.1	8000	24681	26629
0	1	0.1	8000	54527	56475
0	1	0.1	8000	75274	77222
1	0	0.1	8000	4386	6334
1	0	0.1	8000	24681	26629
1	0	0.1	8000	54527	56475
1	0	0.1	8000	75274	77222

[Nodes/requests]: ID_node, ID_depot, lat, long, type, service_time, q_del, q_col, tw_depot_start, tw_depot_end, tw_cust_start, tw_cust_end
0         0         51.30711  6.11315   -1         0         0         0         0         86400     0         86400
1         1         51.62829  6.66497   -1         0         0         0         0         86400     0         86400
2         0         51.72572  5.99351   1         782       283       0         10588     86400     35029     42229     
3         0         51.99361  5.92329   0         728       0         165       0         86400     28800     64800     
4         1         51.90336  5.89659   1         726       192       0         21969     86400     38626     45826     
5         0         51.18226  6.29885   0         1090      0         249       0         70521     44540     51740     
6         1         51.44402  6.03644   1         1169      166       0         29359     86400     44862     52062     
7         0         51.05896  6.64149   1         1023      303       0         5360      86400     28800     64800     
8         1         51.33724  6.68780   1         980       87        0         29749     86400     30157     44149     
9         0         51.36929  6.25922   1         1104      357       0         12102     86400     55005     62205     
10        1         51.49236  6.17534   0         700       0         84        0         80155     30889     38089     
11        0         51.14621  5.87038   0         761       0         377       0         82123     33962     41162     
12        1         51.87149  6.32785   0         640       0         134       0         86400     50605     57805     
13        0         51.94521  6.10328   1         1034      295       0         31546     86400     46250     53450     
14        0         51.25528  6.02653   0         889       0         434       0         82391     37193     44393     
15        1         51.89435  5.96918   0         1181      0         236       0         75801     49269     56469     
16        0         51.24504  6.47027   0         604       0         368       0         72047     32940     40140     
17        0         51.51053  6.17406   1         945       402       0         0         86400     53039     60239     
18        1         51.94522  6.68179   0         907       0         349       0         86040     56331     63531     
19        1         51.54082  6.40167   0         1157      0         68        0         79114     28800     64800     
20        1         52.09013  6.08855   0         825       0         199       0         86400     49003     56203     
21        1         51.41739  6.51046   1         992       461       0         30463     86400     36802     44863     
22        0         51.23590  6.31436   0         1102      0         308       0         79537     28800     64800     
23        1         51.21624  6.59317   0         1026      0         437       0         76162     56491     63691     
24        0         51.00566  5.85658   1         800       228       0         30702     86400     33854     45102     
25        1         51.42306  6.37753   0         628       0         573       0         86400     53530     60730     
26        0         51.19512  5.78786   1         1030      219       0         31449     86400     28800     64800     
27        0         51.30085  6.06386   0         766       0         519       0         74044     41419     48619     
28        0         51.55293  5.91268   0         1097      0         229       0         86400     45452     52652     
29        0         52.22883  6.46219   1         633       103       0         21514     86400     48455     55655     
30        0         51.24764  6.17483   1         619       462       0         30787     86400     48262     55462     
31        1         51.97315  6.72711   1         1186      404       0         0         86400     28800     64800     
32        1         52.24837  6.73363   1         966       135       0         22388     86400     28800     64800     
33        1         52.15267  5.75792   1         911       54        0         20035     86400     34168     41368     
34        1         51.86288  6.43161   1         688       87        0         0         86400     49049     56249     
35        0         51.74371  5.81563   0         903       0         383       0         86400     54694     61894     
36        1         51.19936  6.59971   0         1084      0         155       0         84216     28800     64800     
37        0         51.89732  6.39579   0         691       0         243       0         74717     28800     64800     
38        0         51.83928  6.71287   0         642       0         128       0         70029     46079     53279     
39        0         51.44431  5.87083   1         1036      303       0         0         86400     28800     64800     
40        1         51.73917  6.52941   1         718       372       0         9351      86400     33996     41196     
41        0         51.34574  6.30665   0         789       0         277       0         84823     56893     64093     
