P_40_1 2 4 8 42

[Vehicle Types] - ID_veh_type, fixed_cost, variable_cost, Speed, Capacity, alpha, beta, max_time, max_drive_time
0	0	1.5	80	3200	2400	2800	54000	22000
1	0	2.2	50	7000	6000	6200	54000	32400

[Number of Vehicle Types] - ID_veh_type, ID_depot, number_of_vehicles
0	0	4
1	0	4
0	1	4
1	1	4

[Scheduled Lines] - ID_from, ID_to, cost_per_req, capacity, dep_time, arr_time
0	1	0.1	8000	4386	6334
0	1	0.1	8000	24681	26629
0	1	0.1	8000	54527	56475
0	1	0.1	8000	75274	77222
1	0	0.1	8000	4386	6334
1	0	0.1	8000	24681	26629
1	0	0.1	8000	54527	56475
1	0	0.1	8000	75274	77222

[Nodes/requests]: ID_node, ID_depot, lat, long, type, service_time, q_del, q_col, tw_depot_start, tw_depot_end, tw_cust_start, tw_cust_end
0         0         51.43760  6.18605   -1         0         0         0         0         86400     0         86400
1         1         51.84218  6.54427   -1         0         0         0         0         86400     0         86400
2         1         51.96528  6.36163   1         670       502       0         0         86400     49093     56293     
3         0         51.28732  6.19887   1         861       400       0         0         86400     28800     64800     
4         0         52.15845  5.88065   0         1142      0         236       0         86400     51367     58567     
5         1         51.71825  6.11197   1         845       248       0         20343     86400     54620     61820     
6         0         51.23535  6.49032   0         1056      0         361       0         67570     28800     64800     
7         0         52.18082  5.96999   1         1018      570       0         0         86400     28800     64800     
8         1         52.06298  6.44460   0         1028      0         197       0         65140     28800     64800     
9         1         51.82014  5.79590   1         879       546       0         30528     86400     28800     64800     
10        1         51.62064  6.33589   0         718       0         134       0         69891     28800     64800     
11        1         51.65181  6.23040   0         1028      0         539       0         86400     38965     46165     
12        0         51.06626  6.27806   1         611       209       0         0         86400     37935     45135     
13        1         52.24319  6.49983   0         1055      0         598       0         86400     28800     64800     
14        0         51.65591  6.54023   0         881       0         52        0         86400     28800     64800     
15        1         51.63622  6.23775   1         919       540       0         6730      86400     57084     64284     
16        0         52.23990  6.41474   1         1032      595       0         0         86400     28800     64800     
17        0         51.03365  5.80097   0         636       0         230       0         86400     42004     49204     
18        0         51.57775  6.17501   1         1090      72        0         5331      86400     31220     38420     
19        1         51.62995  6.30561   1         713       222       0         463       86400     28800     64800     
20        1         51.55385  6.60104   1         689       123       0         31921     86400     28800     64800     
21        0         51.12390  6.45242   0         1082      0         113       0         77510     31401     38601     
22        0         51.46278  5.80587   0         640       0         140       0         85807     54095     61295     
23        1         52.04011  5.92460   1         897       321       0         18701     86400     31292     38492     
24        1         52.21562  5.77991   0         953       0         324       0         76513     28800     64800     
25        1         52.10594  5.85720   0         826       0         178       0         74699     28800     64800     
26        0         51.24598  6.26837   1         612       72        0         21146     86400     37425     44625     
27        1         51.70515  6.04099   1         650       374       0         15196     86400     28800     64800     
28        1         51.28812  6.34590   0         803       0         362       0         70401     28800     64800     
29        1         51.79762  6.24980   1         1129      463       0         17308     86400     28800     64800     
30        0         51.04806  6.54449   0         812       0         260       0         83650     31794     38994     
31        0         51.59754  6.10288   1         1088      528       0         25478     86400     28800     64800     
32        0         51.09405  6.31413   1         856       255       0         13460     86400     28800     64800     
33        0         52.22513  6.46769   0         814       0         448       0         65683     56621     63821     
34        0         51.76126  6.17453   1         1137      412       0         10573     86400     28800     64800     
35        1         52.19170  6.71465   0         1158      0         360       0         82313     30019     37219     
36        0         51.07823  6.13137   1         1192      600       0         0         86400     39576     46776     
37        0         51.38147  6.02890   1         1135      65        0         0         86400     52374     59574     
38        1         51.63484  6.08625   1         1138      471       0         8944      86400     28800     64800     
39        0         51.88093  5.98922   0         1135      0         168       0         79855     28800     64800     
40        1         51.66990  5.92269   1         973       447       0         4577      86400     42165     49365     
41        1         51.01740  6.50129   1         631       58        0         22003     86400     49776     56976     
