P_45_1 2 4 8 47

[Vehicle Types] - ID_veh_type, fixed_cost, variable_cost, Speed, Capacity, alpha, beta, max_time, max_drive_time
0	0	1.5	80	3200	2400	2800	54000	22000
1	0	2.2	50	7000	6000	6200	54000	32400

[Number of Vehicle Types] - ID_veh_type, ID_depot, number_of_vehicles
0	0	4
1	0	4
0	1	4
1	1	4

[Scheduled Lines] - ID_from, ID_to, cost_per_req, capacity, dep_time, arr_time
0	1	0.1	8000	4386	6334
0	1	0.1	8000	24681	26629
0	1	0.1	8000	54527	56475
0	1	0.1	8000	75274	77222
1	0	0.1	8000	4386	6334
1	0	0.1	8000	24681	26629
1	0	0.1	8000	54527	56475
1	0	0.1	8000	75274	77222

[Nodes/requests]: ID_node, ID_depot, lat, long, type, service_time, q_del, q_col, tw_depot_start, tw_depot_end, tw_cust_start, tw_cust_end
0         0         51.53880  6.10691   -1         0         0         0         0         86400     0         86400
1         1         52.06427  6.49371   -1         0         0         0         0         86400     0         86400
2         0         51.43997  6.13047   1         834       385       0         5587      86400     28800     64800     
3         0         51.77481  5.96872   0         748       0         66        0         72403     45496     52696     
4         0         51.17400  5.76804   1         799       566       0         18401     86400     28800     64800     
5         1         51.35325  6.72334   0         995       0         121       0         86400     28800     64800     
6         0         51.81927  5.97859   1         947       273       0         3457      86400     28800     64800     
7         0         51.00824  5.77031   0         621       0         559       0         63165     28800     64800     
8         1         52.05690  6.36332   1         904       59        0         31844     86400     30608     46244     
9         1         51.85581  6.66779   0         889       0         237       0         78056     35662     42862     
10        1         51.69920  5.76855   0         771       0         267       0         65405     28800     64800     
11        1         52.15868  6.30853   1         1050      337       0         16580     86400     47805     55005     
12        1         51.76870  5.77568   1         980       365       0         27394     86400     28800     64800     
13        1         52.15598  6.20612   0         844       0         379       0         79862     43978     51178     
14        0         51.43022  6.05051   1         1143      238       0         23121     86400     28800     64800     
15        0         51.44164  6.08888   1         751       261       0         610       86400     28800     64800     
16        1         51.11310  5.95844   1         790       242       0         0         86400     28800     64800     
17        1         51.10349  6.73274   0         1079      0         266       0         83686     31992     39192     
18        1         51.05261  6.40114   1         613       122       0         0         86400     28800     64800     
19        0         51.29278  6.35763   1         845       274       0         32254     86400     28800     64800     
20        1         51.93738  6.61323   0         681       0         355       0         83226     28800     64800     
21        0         51.08267  5.90683   0         1020      0         389       0         70446     46790     53990     
22        1         51.50576  6.54049   1         1168      114       0         0         86400     41147     48347     
23        1         52.01794  6.44090   0         832       0         304       0         72774     28800     64800     
24        0         52.13269  5.98875   0         683       0         57        0         79963     56594     63794     
25        0         51.24634  6.27059   0         696       0         98        0         66120     41830     49030     
26        1         52.08424  6.34919   1         796       564       0         16749     86400     28800     64800     
27        1         52.17399  6.21846   1         1061      256       0         7640      86400     31272     38472     
28        1         51.86574  6.65533   1         960       537       0         26676     86400     54333     61533     
29        1         52.01605  5.88630   0         1071      0         398       0         64226     28800     64800     
30        1         51.20971  5.98905   0         1134      0         552       0         67540     33664     40864     
31        0         52.15655  6.50833   1         1071      159       0         0         86400     28800     64800     
32        1         51.79256  5.80303   1         742       101       0         0         86400     28800     64800     
33        0         51.32444  6.52800   1         933       575       0         12587     86400     31319     38519     
34        0         52.07505  5.75821   1         865       489       0         4057      86400     51450     58650     
35        0         51.15545  6.69701   0         914       0         72        0         76882     57085     64285     
36        0         51.07116  6.02737   1         1060      228       0         0         86400     28800     64800     
37        0         51.65707  6.24467   0         1070      0         152       0         85806     51062     58262     
38        0         51.25954  6.55912   0         1182      0         382       0         73238     28800     64800     
39        0         51.57085  6.43117   1         875       349       0         0         86400     28800     64800     
40        0         51.48425  6.10322   0         1108      0         151       0         68754     28800     64800     
41        1         51.17511  6.16338   0         1041      0         417       0         74290     57305     64505     
42        1         51.80332  5.76678   1         745       530       0         8310      86400     28800     64800     
43        1         52.23320  6.51019   1         1127      460       0         31106     86400     54719     61919     
44        1         51.87396  6.11202   0         933       0         81        0         79669     54950     62150     
45        1         51.35727  6.39696   1         701       298       0         19573     86400     28800     64800     
46        0         51.62494  6.64063   0         1192      0         550       0         84197     31613     38813     
