P_45_0 2 4 8 47

[Vehicle Types] - ID_veh_type, fixed_cost, variable_cost, Speed, Capacity, alpha, beta, max_time, max_drive_time
0	0	1.5	80	3200	2400	2800	54000	22000
1	0	2.2	50	7000	6000	6200	54000	32400

[Number of Vehicle Types] - ID_veh_type, ID_depot, number_of_vehicles
0	0	4
1	0	4
0	1	4
1	1	4

[Scheduled Lines] - ID_from, ID_to, cost_per_req, capacity, dep_time, arr_time
0	1	0.1	8000	4386	6334
0	1	0.1	8000	24681	26629
0	1	0.1	8000	54527	56475
0	1	0.1	8000	75274	77222
1	0	0.1	8000	4386	6334
1	0	0.1	8000	24681	26629
1	0	0.1	8000	54527	56475
1	0	0.1	8000	75274	77222

[Nodes/requests]: ID_node, ID_depot, lat, long, type, service_time, q_del, q_col, tw_depot_start, tw_depot_end, tw_cust_start, tw_cust_end
0         0         51.37780  5.89466   -1         0         0         0         0         86400     0         86400
1         1         51.73207  6.27881   -1         0         0         0         0         86400     0         86400
2         1         51.69694  5.84162   1         1085      150       0         0         86400     52705     59905     
3         0         51.36763  6.74847   0         905       0         556       0         66553     28800     64800     
4         1         51.05598  6.01331   1         1089      107       0         12677     86400     28800     64800     
5         1         52.20414  6.67879   1         966       322       0         31608     86400     28800     64800     
6         0         52.21781  6.12986   0         1185      0         422       0         81822     34730     41930     
7         1         51.21795  6.56341   0         848       0         576       0         69681     47527     54727     
8         0         51.02087  6.44819   0         750       0         58        0         61863     28800     64800     
9         1         51.83775  6.22944   0         1099      0         559       0         73211     48513     55713     
10        0         51.00630  6.49357   1         981       337       0         22916     86400     28800     64800     
11        0         51.50446  5.86865   1         984       209       0         13704     86400     45009     52209     
12        1         51.54192  5.93489   0         643       0         200       0         62859     28800     64800     
13        1         51.97748  5.90581   0         806       0         64        0         86400     51712     58912     
14        1         51.64004  6.17217   0         835       0         89        0         75762     42708     49908     
15        1         51.77350  6.41729   0         1078      0         98        0         86400     41974     49174     
16        1         51.70860  6.44997   1         895       222       0         23790     86400     50901     58101     
17        0         51.50865  6.16000   0         866       0         364       0         64049     54916     62116     
18        0         51.09655  6.69555   0         692       0         345       0         78069     39708     46908     
19        1         52.23799  6.13259   1         722       96        0         28823     86400     30537     43223     
20        1         51.46853  6.55492   0         628       0         290       0         64352     28800     64800     
21        1         51.60965  6.09477   1         692       95        0         7515      86400     39622     46822     
22        0         52.10440  6.66175   0         993       0         589       0         82825     29715     36915     
23        0         51.87123  5.80286   1         1149      330       0         26597     86400     50306     57506     
24        1         51.42646  6.44738   0         978       0         75        0         61970     29742     36942     
25        1         51.57624  6.47611   1         822       584       0         5467      86400     28800     64800     
26        1         51.76984  6.15312   0         606       0         126       0         61425     48028     55228     
27        1         52.12272  6.17261   0         966       0         80        0         86400     38078     45278     
28        1         51.85191  6.01653   0         1184      0         430       0         73458     37388     44588     
29        1         51.69309  6.23973   1         710       131       0         5201      86400     43903     51103     
30        0         51.00335  5.85575   1         1148      147       0         0         86400     52863     60063     
31        0         51.17382  5.91819   1         1017      557       0         0         86400     28800     64800     
32        1         51.96138  5.78878   0         873       0         593       0         86400     42274     49474     
33        1         51.98556  6.71098   0         1043      0         407       0         70611     28800     64800     
34        1         51.91164  6.62777   0         1199      0         494       0         85911     28800     64800     
35        0         51.01134  6.29940   0         859       0         555       0         78082     28800     64800     
36        1         52.01097  6.64266   0         752       0         555       0         75978     52479     59679     
37        1         51.70570  6.10429   1         814       197       0         19343     86400     31822     39022     
38        1         51.07567  6.46123   1         862       370       0         29100     86400     51170     58370     
39        1         52.21011  6.02775   1         858       581       0         12445     86400     40729     47929     
40        1         51.98913  6.53252   1         616       335       0         28038     86400     46611     53811     
41        0         51.03911  6.37355   0         821       0         500       0         77496     42250     49450     
42        1         51.91720  6.03718   1         859       159       0         1061      86400     28800     64800     
43        1         51.24333  5.75584   1         749       418       0         25669     86400     28800     64800     
44        1         51.67635  6.39511   1         618       453       0         11705     86400     28800     64800     
45        1         51.01380  6.30522   0         875       0         332       0         84479     29141     36341     
46        0         51.60136  6.58608   1         1072      594       0         28143     86400     28800     64800     
