P_45_2 2 4 8 47

[Vehicle Types] - ID_veh_type, fixed_cost, variable_cost, Speed, Capacity, alpha, beta, max_time, max_drive_time
0	0	1.5	80	3200	2400	2800	54000	22000
1	0	2.2	50	7000	6000	6200	54000	32400

[Number of Vehicle Types] - ID_veh_type, ID_depot, number_of_vehicles
0	0	4
1	0	4
0	1	4
1	1	4

[Scheduled Lines] - ID_from, ID_to, cost_per_req, capacity, dep_time, arr_time
0	1	0.1	8000	4386	6334
0	1	0.1	8000	24681	26629
0	1	0.1	8000	54527	56475
0	1	0.1	8000	75274	77222
1	0	0.1	8000	4386	6334
1	0	0.1	8000	24681	26629
1	0	0.1	8000	54527	56475
1	0	0.1	8000	75274	77222

[Nodes/requests]: ID_node, ID_depot, lat, long, type, service_time, q_del, q_col, tw_depot_start, tw_depot_end, tw_cust_start, tw_cust_end
0         0         51.17344  6.03863   -1         0         0         0         0         86400     0         86400
1         1         52.00170  6.60665   -1         0         0         0         0         86400     0         86400
2         1         52.01637  6.38891   1         665       574       0         6094      86400     35519     42719     
3         1         52.24593  6.50210   1         626       256       0         0         86400     39534     46734     
4         0         51.62073  6.51365   1         1112      320       0         10894     86400     28800     64800     
5         1         51.47021  6.56883   1         827       261       0         26387     86400     53570     60770     
6         0         51.11178  6.57859   1         650       147       0         0         86400     28800     64800     
7         1         52.18265  6.68193   0         1050      0         334       0         86400     56610     63810     
8         0         51.51606  6.61822   1         623       574       0         0         86400     28800     64800     
9         1         51.76710  6.72670   1         673       391       0         29083     86400     45456     52656     
10        1         51.38875  5.98592   1         647       465       0         25002     86400     46181     53381     
11        0         51.78675  6.01915   0         913       0         440       0         63832     35113     42313     
12        0         51.92111  5.96714   0         1141      0         331       0         64459     51645     58845     
13        0         51.30778  6.55979   0         641       0         562       0         64223     28800     64800     
14        0         51.99817  6.14891   0         994       0         419       0         64934     28800     64800     
15        0         52.12884  6.18788   1         1129      485       0         4687      86400     28800     64800     
16        0         51.01389  6.46134   0         966       0         234       0         84192     53252     60452     
17        1         51.88519  6.34314   0         688       0         119       0         86400     40364     47564     
18        1         51.52654  6.45560   1         1095      79        0         0         86400     41185     48385     
19        0         51.35471  6.47356   0         876       0         170       0         75336     28800     64800     
20        1         51.83418  6.39465   1         601       316       0         29844     86400     41252     48452     
21        1         51.67293  5.92469   1         711       437       0         943       86400     28800     64800     
22        0         51.15668  6.58392   1         766       575       0         4686      86400     33908     41108     
23        1         52.20605  6.28243   0         768       0         387       0         71660     28800     64800     
24        0         51.24145  6.23507   0         1033      0         143       0         86400     28800     64800     
25        0         51.74195  5.91512   0         710       0         366       0         86400     28800     64800     
26        0         51.25798  5.94700   0         714       0         106       0         77344     30956     38156     
27        1         51.14667  6.66468   1         996       434       0         7753      86400     28800     64800     
28        1         51.15023  6.53603   1         1030      70        0         0         86400     44680     51880     
29        1         52.23551  5.93076   1         1018      88        0         0         86400     30137     37337     
30        1         51.28419  6.68596   1         1074      116       0         22736     86400     28800     64800     
31        1         52.14124  6.48707   1         833       531       0         6026      86400     48599     55799     
32        0         51.64734  6.30959   1         1138      306       0         19678     86400     28800     64800     
33        0         51.79665  6.68186   0         979       0         508       0         86400     28800     64800     
34        1         52.24650  6.66049   0         1149      0         501       0         77840     28800     64800     
35        0         51.71467  6.22595   0         1124      0         363       0         62488     40918     48118     
36        1         51.51637  6.64254   1         845       196       0         31945     86400     28800     64800     
37        0         51.28048  6.51201   1         777       94        0         7527      86400     34368     41568     
38        1         52.14162  6.07381   1         1125      304       0         18278     86400     28800     64800     
39        1         51.49750  5.95546   1         1033      375       0         0         86400     28800     64800     
40        0         51.00346  5.79211   0         893       0         276       0         86378     28800     64800     
41        0         51.01691  5.86158   1         971       389       0         21739     86400     53527     60727     
42        0         51.29380  6.49863   0         1053      0         400       0         77780     28800     64800     
43        0         51.25968  6.67754   1         952       597       0         3451      86400     40861     48061     
44        0         52.17329  6.05515   0         888       0         115       0         83495     28800     64800     
45        0         51.10165  5.82093   0         943       0         427       0         76315     35771     42971     
46        1         51.86835  6.42549   0         802       0         548       0         76792     29583     36783     
