P_50_2 2 4 8 52

[Vehicle Types] - ID_veh_type, fixed_cost, variable_cost, Speed, Capacity, alpha, beta, max_time, max_drive_time
0	0	1.5	80	3200	2400	2800	54000	22000
1	0	2.2	50	7000	6000	6200	54000	32400

[Number of Vehicle Types] - ID_veh_type, ID_depot, number_of_vehicles
0	0	5
1	0	5
0	1	5
1	1	5

[Scheduled Lines] - ID_from, ID_to, cost_per_req, capacity, dep_time, arr_time
0	1	0.1	8000	4386	6334
0	1	0.1	8000	24681	26629
0	1	0.1	8000	54527	56475
0	1	0.1	8000	75274	77222
1	0	0.1	8000	4386	6334
1	0	0.1	8000	24681	26629
1	0	0.1	8000	54527	56475
1	0	0.1	8000	75274	77222

[Nodes/requests]: ID_node, ID_depot, lat, long, type, service_time, q_del, q_col, tw_depot_start, tw_depot_end, tw_cust_start, tw_cust_end
0         0         51.06963  5.83986   -1         0         0         0         0         86400     0         86400
1         1         51.90979  6.39934   -1         0         0         0         0         86400     0         86400
2         0         51.27603  6.28959   1         1070      352       0         22688     86400     32789     39989     
3         0         51.07654  6.30503   1         893       586       0         0         86400     49878     57078     
4         0         51.02720  6.44511   1         1052      442       0         28630     86400     28800     64800     
5         0         51.23348  6.19697   1         647       100       0         15232     86400     28800     64800     
6         0         51.47003  5.87553   0         790       0         568       0         62526     38020     45220     
7         0         52.24478  6.46357   1         727       121       0         3251      86400     28800     64800     
8         0         51.14810  6.21168   0         702       0         71        0         72438     28800     64800     
9         0         51.27315  6.07647   1         1018      171       0         21279     86400     28800     64800     
10        0         51.80279  6.21926   0         981       0         344       0         86400     28800     64800     
11        1         51.24694  6.56701   1         805       444       0         13071     86400     33007     40207     
12        1         52.24800  6.59458   1         665       337       0         0         86400     28800     64800     
13        1         51.25532  6.03334   1         683       459       0         30720     86400     28800     64800     
14        1         51.54316  6.04792   1         1168      107       0         32169     86400     28800     64800     
15        0         51.18444  6.06493   0         1190      0         119       0         76667     28800     64800     
16        1         51.42366  6.00822   0         614       0         453       0         72461     35625     42825     
17        1         51.40848  6.65380   0         607       0         545       0         72737     28800     64800     
18        0         52.17420  5.79262   0         787       0         483       0         72691     28800     64800     
19        0         51.26342  6.13500   1         808       271       0         23510     86400     54824     62024     
20        1         52.12642  6.11249   0         1117      0         599       0         63305     28800     64800     
21        1         52.20685  6.08686   1         854       358       0         14130     86400     28800     64800     
22        1         51.21573  6.47195   1         814       468       0         31351     86400     28800     64800     
23        1         51.48609  6.66408   0         943       0         389       0         80023     37968     45168     
24        1         51.42960  5.82276   0         1154      0         83        0         83756     34998     42198     
25        1         51.32423  6.68718   0         1052      0         513       0         79469     28800     64800     
26        1         51.16605  6.48095   1         818       477       0         0         86400     52820     60020     
27        1         51.95202  6.15814   0         615       0         216       0         71656     28800     64800     
28        1         51.97528  5.86292   1         926       266       0         0         86400     31278     38478     
29        1         51.89786  6.55037   1         1158      179       0         0         86400     47824     55024     
30        1         51.89559  6.30201   1         1098      547       0         27516     86400     28800     64800     
31        1         52.05476  6.52223   0         1039      0         407       0         86400     28804     36004     
32        1         52.22164  5.83088   1         1096      378       0         7703      86400     47053     54253     
33        0         51.33812  5.91409   0         739       0         415       0         80881     50872     58072     
34        1         52.21189  6.18512   1         1042      416       0         0         86400     28800     64800     
35        0         51.45053  5.98549   1         974       92        0         15071     86400     56010     63210     
36        0         51.19307  6.50080   1         756       276       0         17970     86400     45596     52796     
37        1         51.30871  6.31946   1         891       321       0         21617     86400     34854     42054     
38        1         51.30479  6.14815   0         714       0         125       0         69498     45382     52582     
39        0         52.06423  6.42160   1         1160      167       0         16812     86400     42431     49631     
40        1         51.40284  6.51471   0         659       0         401       0         73499     52457     59657     
41        1         51.86772  5.75198   0         731       0         54        0         76651     41390     48590     
42        0         51.43003  6.25915   0         824       0         205       0         86400     48930     56130     
43        0         51.13549  5.87154   0         1001      0         110       0         62551     28800     64800     
44        1         52.02134  6.17743   0         734       0         116       0         76924     38521     45721     
45        0         51.26698  6.33827   1         874       316       0         635       86400     30513     37713     
46        1         52.16291  5.91187   1         1184      424       0         0         86400     29864     37064     
47        0         51.23753  6.29691   1         1151      438       0         23522     86400     28800     64800     
48        1         51.81842  6.36622   0         732       0         262       0         65928     28800     64800     
49        1         51.91006  6.23924   1         869       563       0         12219     86400     34141     41341     
50        0         52.21326  6.36349   1         697       442       0         19935     86400     28800     64800     
51        0         51.03303  5.93085   1         1015      147       0         32221     86400     28800     64800     
