P_50_1 2 4 8 52

[Vehicle Types] - ID_veh_type, fixed_cost, variable_cost, Speed, Capacity, alpha, beta, max_time, max_drive_time
0	0	1.5	80	3200	2400	2800	54000	22000
1	0	2.2	50	7000	6000	6200	54000	32400

[Number of Vehicle Types] - ID_veh_type, ID_depot, number_of_vehicles
0	0	5
1	0	5
0	1	5
1	1	5

[Scheduled Lines] - ID_from, ID_to, cost_per_req, capacity, dep_time, arr_time
0	1	0.1	8000	4386	6334
0	1	0.1	8000	24681	26629
0	1	0.1	8000	54527	56475
0	1	0.1	8000	75274	77222
1	0	0.1	8000	4386	6334
1	0	0.1	8000	24681	26629
1	0	0.1	8000	54527	56475
1	0	0.1	8000	75274	77222

[Nodes/requests]: ID_node, ID_depot, lat, long, type, service_time, q_del, q_col, tw_depot_start, tw_depot_end, tw_cust_start, tw_cust_end
0         0         51.59974  5.88896   -1         0         0         0         0         86400     0         86400
1         1         52.12037  6.56186   -1         0         0         0         0         86400     0         86400
2         0         51.54562  5.78769   1         603       144       0         11287     86400     36484     43684     
3         1         51.94694  6.16369   1         1062      400       0         0         86400     48792     55992     
4         1         51.75460  6.71018   0         756       0         478       0         85068     51595     58795     
5         1         52.04996  6.73129   0         847       0         398       0         77167     28800     64800     
6         1         52.15094  5.92625   0         817       0         543       0         82578     42304     49504     
7         0         52.21456  6.38319   0         1159      0         320       0         75456     28800     64800     
8         0         51.09862  5.84017   0         963       0         349       0         86400     28800     64800     
9         0         51.02663  6.53382   1         982       228       0         7083      86400     28800     64800     
10        1         51.35058  6.08102   1         1028      406       0         107       86400     28800     64800     
11        1         52.04097  6.55505   1         1148      327       0         0         86400     31956     39156     
12        1         51.95786  6.10990   1         1090      598       0         0         86400     45952     53152     
13        0         51.50715  6.05184   1         1021      587       0         22261     86400     28800     64800     
14        0         51.63491  6.27112   0         1013      0         320       0         75137     28800     64800     
15        1         51.25610  6.11335   0         775       0         179       0         83353     28800     64800     
16        0         52.05441  6.00744   0         879       0         289       0         86400     28800     64800     
17        1         52.11129  6.71882   1         1044      139       0         9216      86400     28800     64800     
18        0         51.74400  6.01273   0         621       0         386       0         74724     28800     64800     
19        1         51.19753  6.30251   0         698       0         160       0         80728     30946     38146     
20        0         51.35980  6.43559   1         942       99        0         0         86400     28800     64800     
21        0         52.13680  5.77142   1         767       89        0         0         86400     41915     49115     
22        0         51.15191  5.75056   0         1151      0         300       0         73845     28800     64800     
23        1         52.19479  6.63860   0         913       0         483       0         63105     28800     64800     
24        1         52.05153  6.04605   1         1076      458       0         17704     86400     29766     36966     
25        0         51.00804  6.48425   0         857       0         181       0         84798     28800     64800     
26        1         52.20770  6.55472   0         873       0         237       0         69264     55473     62673     
27        0         51.35685  5.99435   0         756       0         502       0         86400     36479     43679     
28        0         51.76743  5.96772   1         900       230       0         181       86400     45070     52270     
29        0         51.32445  5.76592   0         996       0         293       0         64740     28800     64800     
30        0         51.02052  5.75018   1         902       198       0         9839      86400     28800     64800     
31        0         51.78116  5.89437   0         681       0         99        0         70900     28800     64800     
32        0         51.02472  6.46648   1         1019      139       0         9066      86400     43426     50626     
33        0         51.23971  6.30532   0         928       0         242       0         66436     28800     64800     
34        1         51.39026  6.37058   1         1053      91        0         18900     86400     52375     59575     
35        0         52.01957  6.12180   0         779       0         544       0         86400     28800     64800     
36        1         52.13985  5.86802   1         941       247       0         21490     86400     37816     45016     
37        1         52.17716  6.06380   1         813       162       0         21655     86400     28800     64800     
38        0         51.84233  6.25664   0         1184      0         353       0         69750     28800     64800     
39        0         51.19023  6.43583   1         1003      211       0         21917     86400     28800     64800     
40        1         52.21332  5.97790   1         851       281       0         0         86400     34082     41282     
41        0         51.87899  6.05907   0         1140      0         524       0         80379     48154     55354     
42        0         51.30697  6.21244   0         1140      0         198       0         77759     28800     64800     
43        0         52.23361  6.47923   1         712       84        0         15414     86400     44772     51972     
44        1         51.34907  5.82274   1         1086      156       0         13417     86400     55515     62715     
45        1         51.76922  5.80423   1         1045      534       0         0         86400     53284     60484     
46        1         52.15153  6.53583   1         689       362       0         0         86400     45079     52279     
47        1         51.71480  6.21378   1         960       251       0         16447     86400     28800     64800     
48        1         51.42879  6.32032   0         742       0         504       0         61941     35798     42998     
49        0         51.47575  6.48550   1         839       576       0         1093      86400     50570     57770     
50        0         51.53705  6.30686   0         1197      0         131       0         79398     28800     64800     
51        0         51.03861  6.17353   1         1020      51        0         0         86400     29209     36409     
