P_50_0 2 4 8 52

[Vehicle Types] - ID_veh_type, fixed_cost, variable_cost, Speed, Capacity, alpha, beta, max_time, max_drive_time
0	0	1.5	80	3200	2400	2800	54000	22000
1	0	2.2	50	7000	6000	6200	54000	32400

[Number of Vehicle Types] - ID_veh_type, ID_depot, number_of_vehicles
0	0	5
1	0	5
0	1	5
1	1	5

[Scheduled Lines] - ID_from, ID_to, cost_per_req, capacity, dep_time, arr_time
0	1	0.1	8000	4386	6334
0	1	0.1	8000	24681	26629
0	1	0.1	8000	54527	56475
0	1	0.1	8000	75274	77222
1	0	0.1	8000	4386	6334
1	0	0.1	8000	24681	26629
1	0	0.1	8000	54527	56475
1	0	0.1	8000	75274	77222

[Nodes/requests]: ID_node, ID_depot, lat, long, type, service_time, q_del, q_col, tw_depot_start, tw_depot_end, tw_cust_start, tw_cust_end
0         0         51.14730  6.23418   -1         0         0         0         0         86400     0         86400
1         1         51.74008  6.74229   -1         0         0         0         0         86400     0         86400
2         0         51.02650  6.42088   0         1119      0         316       0         86051     28800     64800     
3         0         51.10808  6.15787   1         712       67        0         23810     86400     28800     64800     
4         0         51.73574  6.40970   0         1012      0         214       0         86400     28800     64800     
5         1         51.67216  6.69209   0         1182      0         298       0         68341     30411     37611     
6         0         51.89857  5.82452   1         1044      301       0         23386     86400     42944     50144     
7         1         51.62534  6.36629   0         822       0         450       0         82957     28800     64800     
8         1         51.72826  5.92672   0         891       0         305       0         73343     28800     64800     
9         0         51.98681  6.65571   1         737       88        0         468       86400     41320     48520     
10        0         51.06307  6.73876   0         746       0         376       0         81697     28800     64800     
11        1         51.80160  6.28722   1         718       490       0         24004     86400     28800     64800     
12        0         52.10022  6.71648   0         805       0         119       0         68060     28800     64800     
13        1         51.97605  6.67582   0         702       0         591       0         85406     28800     64800     
14        0         52.12586  5.77291   0         991       0         138       0         78940     28800     64800     
15        1         51.50073  5.91809   0         786       0         370       0         68632     45856     53056     
16        1         51.64391  6.15118   1         787       52        0         0         86400     28800     64800     
17        0         51.83754  6.13330   0         848       0         293       0         76830     44466     51666     
18        1         51.65816  6.28495   1         1014      270       0         0         86400     28800     64800     
19        0         51.73314  5.77196   0         1163      0         299       0         70670     28800     64800     
20        0         51.31048  6.35295   0         1080      0         104       0         77060     46341     53541     
21        1         51.92458  6.18103   1         935       291       0         18203     86400     28800     64800     
22        1         52.22814  5.75350   0         848       0         525       0         62953     28800     64800     
23        1         51.70015  6.51232   1         1048      406       0         13827     86400     28800     64800     
24        0         51.08032  5.97394   0         1122      0         193       0         86226     28800     64800     
25        1         51.58561  5.77623   1         1013      207       0         9269      86400     54151     61351     
26        1         51.75576  6.36890   0         706       0         132       0         75762     46550     53750     
27        1         52.00323  6.35598   0         1055      0         581       0         78277     40804     48004     
28        1         52.00865  6.05192   1         683       384       0         13145     86400     52217     59417     
29        0         51.73034  5.78447   1         634       173       0         24368     86400     28800     64800     
30        0         51.85681  6.44830   0         918       0         480       0         63232     28800     64800     
31        0         51.18272  6.13246   0         1049      0         468       0         86400     56655     63855     
32        1         51.60980  6.06855   0         1118      0         416       0         86400     28800     64800     
33        0         51.14697  6.19184   0         1065      0         398       0         70606     54237     61437     
34        0         51.23657  6.15313   1         989       111       0         0         86400     28800     64800     
35        0         51.24921  6.03715   0         651       0         327       0         66333     28800     64800     
36        0         51.49377  5.90081   1         1011      304       0         2141      86400     28818     36018     
37        0         51.28807  5.84495   1         1117      451       0         0         86400     51379     58579     
38        1         51.74798  6.00201   1         888       300       0         16268     86400     37907     45107     
39        0         51.98012  6.70904   0         614       0         225       0         86400     29897     37097     
40        0         51.68101  6.47263   1         1192      71        0         1564      86400     32769     39969     
41        0         51.57641  6.61410   1         981       350       0         0         86400     28800     64800     
42        1         51.36064  6.50880   0         920       0         219       0         70035     28800     64800     
43        1         52.20928  6.56425   1         984       459       0         372       86400     49160     56360     
44        1         51.59743  6.25409   1         1152      174       0         0         86400     28800     64800     
45        1         52.03895  5.87141   1         625       106       0         7849      86400     38684     45884     
46        1         51.56914  6.41596   1         769       55        0         11215     86400     42977     50177     
47        1         51.64331  6.15310   1         782       227       0         6397      86400     35987     43187     
48        1         51.42535  6.41025   0         693       0         412       0         85993     28800     64800     
49        0         51.87581  5.78354   0         659       0         313       0         81728     28800     64800     
50        0         51.51505  6.73802   1         877       276       0         4163      86400     36867     44067     
51        1         51.98754  5.91902   0         712       0         539       0         84571     33598     40798     
