P_55_1 2 4 8 57

[Vehicle Types] - ID_veh_type, fixed_cost, variable_cost, Speed, Capacity, alpha, beta, max_time, max_drive_time
0	0	1.5	80	3200	2400	2800	54000	22000
1	0	2.2	50	7000	6000	6200	54000	32400

[Number of Vehicle Types] - ID_veh_type, ID_depot, number_of_vehicles
0	0	5
1	0	5
0	1	5
1	1	5

[Scheduled Lines] - ID_from, ID_to, cost_per_req, capacity, dep_time, arr_time
0	1	0.1	8000	4386	6334
0	1	0.1	8000	24681	26629
0	1	0.1	8000	54527	56475
0	1	0.1	8000	75274	77222
1	0	0.1	8000	4386	6334
1	0	0.1	8000	24681	26629
1	0	0.1	8000	54527	56475
1	0	0.1	8000	75274	77222

[Nodes/requests]: ID_node, ID_depot, lat, long, type, service_time, q_del, q_col, tw_depot_start, tw_depot_end, tw_cust_start, tw_cust_end
0         0         51.19843  5.93696   -1         0         0         0         0         86400     0         86400
1         1         51.84313  6.44119   -1         0         0         0         0         86400     0         86400
2         1         51.77576  5.97951   0         709       0         571       0         62127     28800     64800     
3         0         51.34532  6.00892   1         691       554       0         12292     86400     28800     64800     
4         1         51.58355  6.46388   1         978       534       0         8702      86400     43028     50228     
5         1         51.62619  6.02016   0         788       0         413       0         71781     41133     48333     
6         1         51.52466  6.23739   0         990       0         413       0         77057     53339     60539     
7         1         52.02051  6.28797   0         1131      0         225       0         83481     45081     52281     
8         1         52.01723  6.41868   0         781       0         247       0         64685     28800     64800     
9         1         51.71704  6.68934   0         705       0         327       0         64181     28800     64800     
10        1         51.85029  6.53869   1         667       414       0         502       86400     41955     49155     
11        0         52.03606  6.14484   0         712       0         461       0         86400     43573     50773     
12        0         51.30151  5.86442   1         1192      159       0         0         86400     28800     64800     
13        0         51.16109  6.50333   0         1162      0         336       0         86400     28800     64800     
14        0         51.30415  5.92167   1         734       571       0         1120      86400     28800     64800     
15        1         52.18236  6.61936   1         1094      493       0         19783     86400     41742     48942     
16        0         51.63524  6.11304   1         778       309       0         15447     86400     28800     64800     
17        1         51.92959  6.45021   1         861       246       0         31298     86400     28800     64800     
18        1         51.46680  5.77726   0         1142      0         352       0         86400     33497     40697     
19        0         51.23763  6.02659   0         753       0         417       0         82601     37198     44398     
20        1         51.83988  6.33565   1         658       81        0         0         86400     28800     64800     
21        0         51.66960  5.75443   0         1131      0         150       0         82750     28800     64800     
22        0         51.56535  6.47786   0         1174      0         581       0         76118     53346     60546     
23        0         51.79375  5.84114   0         728       0         282       0         85880     30391     37591     
24        0         51.26022  5.90222   0         956       0         204       0         69515     35543     42743     
25        0         51.42785  6.47438   1         1157      212       0         0         86400     42638     49838     
26        1         51.92409  6.01783   1         623       475       0         4418      86400     28800     64800     
27        1         52.02731  6.46023   1         985       250       0         7450      86400     46285     53485     
28        0         51.04589  6.41334   1         684       571       0         17638     86400     28800     64800     
29        0         51.51684  5.98771   1         1144      123       0         6821      86400     42889     50089     
30        1         51.65140  5.95011   0         666       0         204       0         65956     34291     41491     
31        0         51.17784  6.02630   0         697       0         592       0         82845     31479     38679     
32        1         52.05520  5.96406   1         944       379       0         0         86400     43965     51165     
33        0         51.06482  6.17898   1         802       252       0         0         86400     52213     59413     
34        0         52.05570  6.24197   0         979       0         372       0         85321     28800     64800     
35        1         51.70791  5.90154   0         1081      0         542       0         86400     42144     49344     
36        0         51.50491  6.07347   0         950       0         566       0         67837     28800     64800     
37        1         51.88864  6.71313   0         1109      0         255       0         82753     28800     64800     
38        1         52.16308  6.61907   1         649       216       0         19567     86400     29379     36579     
39        0         51.29348  6.07238   1         1123      54        0         3449      86400     39381     46581     
40        1         52.13163  6.74934   0         644       0         359       0         72483     28800     64800     
41        1         52.02172  6.26488   1         920       77        0         13369     86400     28800     64800     
42        0         51.98084  6.62436   0         992       0         346       0         78350     37656     44856     
43        1         52.00872  6.32729   1         1051      418       0         28932     86400     28800     64800     
44        1         52.00360  6.25408   0         666       0         63        0         72793     28800     64800     
45        1         52.06494  5.77820   0         877       0         547       0         65420     32358     39558     
46        1         51.97265  6.73876   0         1139      0         118       0         86400     28800     64800     
47        0         51.34820  6.28501   1         680       319       0         32026     86400     28800     64800     
48        1         51.25952  6.54168   0         680       0         94        0         86400     28800     64800     
49        1         52.20784  6.38758   0         1111      0         347       0         86400     33348     40548     
50        0         51.50757  6.18122   1         906       472       0         3671      86400     28800     64800     
51        1         51.87314  6.07948   0         1081      0         164       0         64864     46209     53409     
52        1         51.34841  6.31024   0         624       0         215       0         65079     28800     64800     
53        1         51.51840  6.60851   0         1192      0         88        0         75356     28800     64800     
54        1         51.88804  6.45566   0         648       0         298       0         85270     39693     46893     
55        0         51.36130  6.09919   0         1156      0         361       0         86400     47745     54945     
56        1         51.04462  6.41381   0         689       0         440       0         71826     30967     38167     
