P_55_0 2 4 8 57

[Vehicle Types] - ID_veh_type, fixed_cost, variable_cost, Speed, Capacity, alpha, beta, max_time, max_drive_time
0	0	1.5	80	3200	2400	2800	54000	22000
1	0	2.2	50	7000	6000	6200	54000	32400

[Number of Vehicle Types] - ID_veh_type, ID_depot, number_of_vehicles
0	0	5
1	0	5
0	1	5
1	1	5

[Scheduled Lines] - ID_from, ID_to, cost_per_req, capacity, dep_time, arr_time
0	1	0.1	8000	4386	6334
0	1	0.1	8000	24681	26629
0	1	0.1	8000	54527	56475
0	1	0.1	8000	75274	77222
1	0	0.1	8000	4386	6334
1	0	0.1	8000	24681	26629
1	0	0.1	8000	54527	56475
1	0	0.1	8000	75274	77222

[Nodes/requests]: ID_node, ID_depot, lat, long, type, service_time, q_del, q_col, tw_depot_start, tw_depot_end, tw_cust_start, tw_cust_end
0         0         51.09407  6.21331   -1         0         0         0         0         86400     0         86400
1         1         51.66197  6.25179   -1         0         0         0         0         86400     0         86400
2         1         51.40716  6.25791   0         879       0         348       0         72997     28800     64800     
3         1         51.71953  6.53757   0         710       0         71        0         67740     28800     64800     
4         1         51.46250  6.03790   0         1097      0         180       0         82029     52594     59794     
5         0         51.17718  6.59070   1         999       470       0         27200     86400     28800     64800     
6         1         51.71095  5.89052   1         741       464       0         9625      86400     29921     37121     
7         1         51.78634  5.89933   0         792       0         276       0         79477     28800     64800     
8         1         52.16541  6.21348   0         859       0         553       0         86400     52542     59742     
9         1         51.68968  6.13742   0         798       0         225       0         65440     28800     64800     
10        0         51.97269  6.59018   0         775       0         302       0         63870     42606     49806     
11        0         51.43717  5.93794   0         983       0         254       0         86400     52219     59419     
12        0         51.05774  5.85602   0         706       0         529       0         73865     33720     40920     
13        1         51.40326  6.68697   1         699       448       0         23552     86400     57408     64608     
14        1         51.19085  6.17793   1         745       96        0         19392     86400     54798     61998     
15        1         52.00553  6.08566   1         1169      145       0         22134     86400     28800     64800     
16        1         52.23851  6.33339   1         660       81        0         0         86400     28800     64800     
17        0         51.23970  6.55125   1         673       579       0         5559      86400     28800     64800     
18        1         51.59147  5.90969   1         688       467       0         26005     86400     46170     53370     
19        1         51.48426  5.81128   0         872       0         394       0         84121     28800     64800     
20        1         52.08188  6.57496   0         622       0         203       0         68428     28800     64800     
21        0         52.11599  6.16969   1         702       263       0         9980      86400     28800     64800     
22        0         51.95523  5.77941   1         1024      392       0         29099     86400     28800     64800     
23        1         52.01360  6.20397   1         1080      439       0         6295      86400     28800     64800     
24        0         52.18020  6.03727   1         628       87        0         8111      86400     28800     64800     
25        1         51.91719  6.02030   0         828       0         379       0         86400     28800     64800     
26        0         51.19530  6.10117   1         997       346       0         30914     86400     54708     61908     
27        0         51.34554  6.10410   0         891       0         210       0         76450     28800     64800     
28        0         51.36628  6.48872   1         670       94        0         19585     86400     28800     64800     
29        1         51.27781  6.52049   0         1137      0         407       0         78118     31562     38762     
30        1         51.41804  6.46588   1         1128      212       0         25479     86400     28800     64800     
31        1         51.72905  6.24403   0         1103      0         256       0         86400     53375     60575     
32        1         51.51346  5.80497   1         912       484       0         24770     86400     28800     64800     
33        1         51.48698  6.74299   1         684       565       0         0         86400     39535     46735     
34        1         51.62848  6.00257   1         792       113       0         26284     86400     56542     63742     
35        1         52.22802  5.88929   1         610       70        0         0         86400     40337     47537     
36        1         51.65490  6.41039   1         896       542       0         33        86400     28800     64800     
37        0         52.22589  5.90350   0         613       0         241       0         74653     52062     59262     
38        0         51.34856  6.14803   0         678       0         559       0         71389     55222     62422     
39        1         52.10250  6.30097   0         605       0         179       0         86400     52319     59519     
40        0         51.24666  6.16036   0         990       0         498       0         76436     42039     49239     
41        1         52.11196  6.17133   0         738       0         420       0         64683     44554     51754     
42        0         51.33525  6.44857   0         944       0         249       0         82137     28800     64800     
43        1         51.90375  6.36689   1         1150      518       0         22233     86400     34952     42152     
44        1         51.86239  6.48912   0         792       0         151       0         86400     49887     57087     
45        1         51.83570  5.86479   1         808       500       0         1711      86400     37000     44200     
46        0         51.04972  6.52083   1         1147      541       0         764       86400     55092     62292     
47        1         51.67209  6.06178   0         884       0         129       0         69208     53358     60558     
48        1         51.65861  6.14089   0         1154      0         99        0         79553     50370     57570     
49        0         51.30933  5.79743   0         603       0         413       0         85623     46670     53870     
50        0         51.15032  6.69027   0         972       0         436       0         78030     34278     41478     
51        1         51.20944  6.67576   1         1000      515       0         29269     86400     49312     56512     
52        1         51.23890  6.65971   0         846       0         379       0         68417     32830     40030     
53        1         51.51834  6.27182   0         862       0         561       0         77431     28800     64800     
54        1         51.93068  6.65881   1         1193      233       0         25210     86400     28800     64800     
55        1         52.14737  6.31711   0         986       0         489       0         69205     28800     64800     
56        0         51.19746  6.15347   0         915       0         149       0         73490     28800     64800     
