P_55_2 2 4 8 57

[Vehicle Types] - ID_veh_type, fixed_cost, variable_cost, Speed, Capacity, alpha, beta, max_time, max_drive_time
0	0	1.5	80	3200	2400	2800	54000	22000
1	0	2.2	50	7000	6000	6200	54000	32400

[Number of Vehicle Types] - ID_veh_type, ID_depot, number_of_vehicles
0	0	5
1	0	5
0	1	5
1	1	5

[Scheduled Lines] - ID_from, ID_to, cost_per_req, capacity, dep_time, arr_time
0	1	0.1	8000	4386	6334
0	1	0.1	8000	24681	26629
0	1	0.1	8000	54527	56475
0	1	0.1	8000	75274	77222
1	0	0.1	8000	4386	6334
1	0	0.1	8000	24681	26629
1	0	0.1	8000	54527	56475
1	0	0.1	8000	75274	77222

[Nodes/requests]: ID_node, ID_depot, lat, long, type, service_time, q_del, q_col, tw_depot_start, tw_depot_end, tw_cust_start, tw_cust_end
0         0         51.40014  6.04661   -1         0         0         0         0         86400     0         86400
1         1         51.76946  6.50665   -1         0         0         0         0         86400     0         86400
2         0         51.56669  5.80896   1         639       584       0         20145     86400     53569     60769     
3         1         51.86496  6.13980   0         896       0         475       0         78919     49705     56905     
4         1         51.90277  6.70009   1         663       96        0         27977     86400     28800     64800     
5         1         51.84503  6.66472   1         667       93        0         29086     86400     28800     64800     
6         0         52.19583  6.73002   1         938       160       0         18193     86400     35795     42995     
7         0         52.11269  6.20445   1         882       255       0         19717     86400     28800     64800     
8         1         52.11711  6.31920   1         923       471       0         2296      86400     32667     39867     
9         0         51.01361  6.07785   1         869       259       0         10714     86400     38953     46153     
10        0         51.49262  5.85630   1         755       384       0         19321     86400     40039     47239     
11        1         51.36338  6.43505   1         1157      151       0         1942      86400     35836     43036     
12        0         51.45660  5.86654   1         716       422       0         14794     86400     43126     50326     
13        1         51.68900  6.00669   0         761       0         585       0         80850     28800     64800     
14        0         51.19498  5.96493   1         1107      496       0         10087     86400     38914     46114     
15        1         51.77182  5.99385   0         652       0         432       0         65078     28800     64800     
16        1         51.57426  6.40938   1         828       232       0         0         86400     28800     64800     
17        1         52.23227  5.82476   0         1046      0         454       0         63380     28800     64800     
18        0         51.08035  6.38161   0         925       0         266       0         86400     35457     42657     
19        1         51.99553  5.90991   0         671       0         213       0         73885     48068     55268     
20        1         51.00285  6.47924   1         988       126       0         254       86400     41746     48946     
21        0         52.18482  5.80646   1         772       217       0         3564      86400     51487     58687     
22        0         51.35970  5.96443   1         1057      205       0         29398     86400     48921     56121     
23        1         52.15781  6.62170   0         707       0         138       0         79155     28800     64800     
24        0         51.53560  6.46023   1         734       251       0         0         86400     46266     53466     
25        0         51.26711  6.06577   0         829       0         599       0         62814     28800     64800     
26        0         52.07651  6.11080   1         709       207       0         7732      86400     28800     64800     
27        1         51.69908  6.66978   0         622       0         347       0         86400     39894     47094     
28        0         51.24138  6.56746   0         1184      0         348       0         65494     28800     64800     
29        0         51.87154  5.83362   0         709       0         445       0         78429     28800     64800     
30        0         51.30472  6.01779   1         738       570       0         0         86400     28800     64800     
31        0         51.17025  6.29732   1         702       181       0         0         86400     28800     64800     
32        0         51.30291  6.06660   0         1183      0         580       0         63734     28800     64800     
33        1         52.11501  6.49880   1         752       419       0         3293      86400     52057     59257     
34        0         51.26211  6.20818   1         689       441       0         11852     86400     28800     64800     
35        0         51.50068  6.28972   1         607       115       0         27318     86400     47934     55134     
36        0         51.24205  5.99496   0         870       0         587       0         73784     28800     64800     
37        1         52.17136  6.02920   1         1033      472       0         22998     86400     31787     38987     
38        1         51.60218  6.68404   0         1148      0         361       0         67203     28800     64800     
39        0         51.43657  6.48090   1         1121      213       0         9039      86400     28800     64800     
40        0         51.52108  6.04640   1         1006      454       0         0         86400     31556     38756     
41        0         51.20826  6.40152   0         723       0         362       0         69663     46650     53850     
42        1         51.12902  6.00733   1         1110      187       0         0         86400     56495     63695     
43        1         51.41595  6.71115   1         1190      545       0         14706     86400     28800     64800     
44        0         51.19172  6.52088   0         914       0         488       0         84745     36024     43224     
45        0         52.00762  5.99057   1         1182      388       0         3674      86400     28800     64800     
46        0         51.43260  5.95366   1         839       258       0         659       86400     38566     45766     
47        0         51.11619  6.07478   0         1058      0         389       0         84664     33081     40281     
48        0         51.05532  6.14954   1         755       588       0         10306     86400     28800     64800     
49        1         51.52431  6.66933   1         927       140       0         0         86400     44939     52139     
50        0         51.25336  6.06424   0         1127      0         480       0         86400     36726     43926     
51        0         52.21874  5.81128   1         1096      400       0         27940     86400     28800     64800     
52        0         51.54680  6.19652   1         712       120       0         20837     86400     32588     39788     
53        0         51.08130  6.51924   0         1142      0         179       0         80880     28800     64800     
54        1         51.44124  6.61656   0         947       0         340       0         65594     28800     64800     
55        0         51.27523  6.04561   0         965       0         76        0         86400     44931     52131     
56        0         52.21896  6.06875   1         1077      453       0         0         86400     56704     63904     
