P_60_2 2 4 8 62

[Vehicle Types] - ID_veh_type, fixed_cost, variable_cost, Speed, Capacity, alpha, beta, max_time, max_drive_time
0	0	1.5	80	3200	2400	2800	54000	22000
1	0	2.2	50	7000	6000	6200	54000	32400

[Number of Vehicle Types] - ID_veh_type, ID_depot, number_of_vehicles
0	0	6
1	0	6
0	1	6
1	1	6

[Scheduled Lines] - ID_from, ID_to, cost_per_req, capacity, dep_time, arr_time
0	1	0.1	8000	4386	6334
0	1	0.1	8000	24681	26629
0	1	0.1	8000	54527	56475
0	1	0.1	8000	75274	77222
1	0	0.1	8000	4386	6334
1	0	0.1	8000	24681	26629
1	0	0.1	8000	54527	56475
1	0	0.1	8000	75274	77222

[Nodes/requests]: ID_node, ID_depot, lat, long, type, service_time, q_del, q_col, tw_depot_start, tw_depot_end, tw_cust_start, tw_cust_end
0         0         51.56327  5.92049   -1         0         0         0         0         86400     0         86400
1         1         51.75262  6.64653   -1         0         0         0         0         86400     0         86400
2         1         51.70095  6.74825   1         833       271       0         31151     86400     28800     64800     
3         0         51.48097  6.43327   1         1068      375       0         15147     86400     28800     64800     
4         0         51.18573  5.83478   0         1097      0         409       0         86400     28800     64800     
5         0         51.79558  5.86652   1         846       241       0         1901      86400     28800     64800     
6         0         51.23480  5.80310   1         1120      285       0         29534     86400     28800     64800     
7         0         51.27743  5.94674   1         604       578       0         0         86400     37769     44969     
8         0         52.13384  6.55144   1         1030      368       0         28027     86400     28800     64800     
9         1         51.96313  6.01067   0         889       0         412       0         61395     37435     44635     
10        0         51.05428  5.94997   0         1110      0         243       0         71732     52564     59764     
11        1         51.19276  6.38503   0         942       0         134       0         69720     48168     55368     
12        0         51.50354  6.40933   0         909       0         78        0         80918     53827     61027     
13        1         51.84459  6.63953   0         1155      0         249       0         73263     28800     64800     
14        1         52.18082  6.23225   1         603       227       0         966       86400     28800     64800     
15        1         51.10123  5.92983   1         805       577       0         0         86400     54355     61555     
16        1         52.08931  6.53109   0         680       0         477       0         86400     33973     41173     
17        1         52.21792  6.50371   0         884       0         62        0         68465     34573     41773     
18        1         51.85422  5.82537   0         726       0         86        0         64099     55683     62883     
19        0         51.94347  6.40804   0         848       0         334       0         80778     48634     55834     
20        0         52.09874  5.80715   1         1143      517       0         12712     86400     28800     64800     
21        1         51.81516  6.69034   0         723       0         152       0         80265     37083     44283     
22        0         51.03161  6.72255   0         1045      0         386       0         79477     28800     64800     
23        0         51.55576  6.34099   1         797       138       0         7971      86400     55704     62904     
24        1         52.17898  5.79581   1         891       548       0         0         86400     53852     61052     
25        1         51.83108  6.23927   1         1034      587       0         28598     86400     53713     60913     
26        1         51.48487  6.32802   1         1019      313       0         25706     86400     28800     64800     
27        1         52.22375  6.62618   1         625       344       0         0         86400     41648     48848     
28        1         51.70694  6.59207   0         670       0         597       0         77090     41852     49052     
29        0         51.71351  5.82294   1         1059      511       0         0         86400     46880     54080     
30        0         51.64783  5.95118   1         837       491       0         0         86400     28800     64800     
31        1         51.80121  6.40618   1         744       507       0         0         86400     53940     61140     
32        0         51.48612  5.87979   0         915       0         220       0         64906     50740     57940     
33        0         51.58881  6.46541   0         1064      0         470       0         72966     52345     59545     
34        0         52.19580  6.23238   0         890       0         56        0         79618     28800     64800     
35        0         51.13156  5.90721   1         635       540       0         20662     86400     30994     38194     
36        1         51.21041  6.42659   1         696       426       0         0         86400     28800     64800     
37        1         51.38958  5.86636   0         1077      0         403       0         75153     48035     55235     
38        0         51.29397  6.42088   1         956       331       0         28492     86400     37617     44817     
39        1         52.04972  6.39961   1         776       344       0         11577     86400     28800     64800     
40        0         51.64204  5.84864   0         959       0         554       0         82248     28800     64800     
41        0         52.23557  5.75818   1         1084      151       0         2154      86400     28800     64800     
42        1         51.84092  6.64845   1         669       91        0         5473      86400     28800     64800     
43        1         51.25855  5.92384   0         969       0         357       0         72852     53000     60200     
44        1         52.15014  6.62275   0         698       0         437       0         73863     52435     59635     
45        1         51.56991  6.44300   1         1172      104       0         0         86400     28800     64800     
46        0         51.31849  5.90854   1         666       551       0         8109      86400     28800     64800     
47        0         51.56784  6.35147   1         928       392       0         27370     86400     40691     47891     
48        1         51.39222  6.45519   1         1090      308       0         9560      86400     28800     64800     
49        0         51.58352  6.11608   0         1033      0         505       0         68372     28800     64800     
50        0         51.65851  5.84204   0         805       0         449       0         84635     35890     43090     
51        0         51.53634  5.98727   0         769       0         426       0         86400     28800     64800     
52        0         51.39879  6.50627   0         817       0         230       0         86400     28800     64800     
53        0         52.12791  6.32083   0         1177      0         131       0         86400     28800     64800     
54        1         52.04472  6.18858   0         788       0         358       0         74699     28800     64800     
55        0         52.24522  6.49277   0         888       0         361       0         78228     29723     36923     
56        1         52.24588  6.10946   1         1146      117       0         0         86400     44559     51759     
57        1         52.00757  6.71573   1         1191      89        0         17291     86400     28800     64800     
58        1         51.41691  6.18568   0         1150      0         256       0         86400     47833     55033     
59        0         51.98993  6.17247   0         1147      0         205       0         63376     55049     62249     
60        0         51.33973  6.46331   0         787       0         272       0         69045     52785     59985     
61        1         51.01413  6.66584   0         1045      0         128       0         86400     36061     43261     
