P_60_1 2 4 8 62

[Vehicle Types] - ID_veh_type, fixed_cost, variable_cost, Speed, Capacity, alpha, beta, max_time, max_drive_time
0	0	1.5	80	3200	2400	2800	54000	22000
1	0	2.2	50	7000	6000	6200	54000	32400

[Number of Vehicle Types] - ID_veh_type, ID_depot, number_of_vehicles
0	0	6
1	0	6
0	1	6
1	1	6

[Scheduled Lines] - ID_from, ID_to, cost_per_req, capacity, dep_time, arr_time
0	1	0.1	8000	4386	6334
0	1	0.1	8000	24681	26629
0	1	0.1	8000	54527	56475
0	1	0.1	8000	75274	77222
1	0	0.1	8000	4386	6334
1	0	0.1	8000	24681	26629
1	0	0.1	8000	54527	56475
1	0	0.1	8000	75274	77222

[Nodes/requests]: ID_node, ID_depot, lat, long, type, service_time, q_del, q_col, tw_depot_start, tw_depot_end, tw_cust_start, tw_cust_end
0         0         51.21054  5.90635   -1         0         0         0         0         86400     0         86400
1         1         52.07610  6.65600   -1         0         0         0         0         86400     0         86400
2         0         51.21645  5.79614   0         1185      0         377       0         74875     33703     40903     
3         0         51.08628  6.69452   0         801       0         269       0         65064     28800     64800     
4         1         51.55587  6.28191   1         1122      181       0         6272      86400     28800     64800     
5         0         51.43217  6.55140   0         763       0         525       0         86400     50135     57335     
6         1         52.09254  6.44924   1         730       102       0         19738     86400     54062     61262     
7         1         52.20419  6.36341   1         1161      174       0         3017      86400     36868     44068     
8         0         51.25172  5.93082   1         1042      318       0         21079     86400     54223     61423     
9         0         51.23384  6.54092   1         660       515       0         1600      86400     47291     54491     
10        0         51.04478  6.05973   0         1066      0         512       0         86400     28800     64800     
11        0         51.87353  6.61585   0         1176      0         553       0         85484     37080     44280     
12        1         51.67569  6.24926   0         860       0         206       0         66622     28800     64800     
13        1         51.03817  6.36171   0         603       0         447       0         84336     31370     38570     
14        0         51.46715  6.50385   1         1091      259       0         30        86400     41441     48641     
15        1         51.48994  5.85401   0         1123      0         471       0         86400     28800     64800     
16        0         51.75247  6.37571   0         837       0         422       0         62078     55132     62332     
17        1         52.22626  6.63357   1         701       192       0         30160     86400     28800     64800     
18        1         51.93574  5.88331   1         918       191       0         0         86400     47566     54766     
19        1         51.83019  6.24026   0         669       0         221       0         73544     42223     49423     
20        1         51.83329  6.59656   0         1128      0         264       0         86400     54165     61365     
21        0         51.07918  6.31485   0         941       0         511       0         86400     28800     64800     
22        0         51.20767  6.37623   1         1003      536       0         9199      86400     47762     54962     
23        0         51.68981  6.27610   0         1083      0         230       0         86400     28800     64800     
24        0         51.18723  6.15447   0         1049      0         469       0         66182     33360     40560     
25        1         51.55172  5.91493   0         729       0         208       0         86400     28800     64800     
26        0         51.19869  5.94152   0         654       0         295       0         85062     28800     64800     
27        0         51.13224  5.94685   1         600       278       0         13497     86400     36253     43453     
28        1         51.74295  6.70703   1         809       76        0         3872      86400     28800     64800     
29        0         51.22887  6.47844   1         928       295       0         15679     86400     28800     64800     
30        0         51.18480  6.05669   1         1158      514       0         12896     86400     33446     40646     
31        1         52.11905  6.41924   0         615       0         503       0         72295     35954     43154     
32        1         51.80888  6.60211   0         635       0         107       0         78175     37067     44267     
33        1         51.61237  6.14252   1         868       387       0         0         86400     28800     64800     
34        1         51.93577  6.58859   1         1135      80        0         0         86400     30104     37304     
35        1         51.33524  6.46302   1         1008      352       0         0         86400     28800     64800     
36        0         51.07086  5.97767   1         837       582       0         21737     86400     47796     54996     
37        0         51.38924  6.57845   0         1134      0         228       0         81246     28800     64800     
38        1         51.57152  6.33072   1         839       230       0         0         86400     28800     64800     
39        0         51.46826  6.40120   1         753       416       0         0         86400     28800     64800     
40        0         51.31671  6.26269   0         1159      0         158       0         62221     33908     41108     
41        1         52.08591  5.84658   0         707       0         361       0         73004     57117     64317     
42        0         51.33480  6.02626   1         736       565       0         32022     86400     28800     64800     
43        1         51.77032  6.60538   0         910       0         430       0         78704     28800     64800     
44        1         51.71541  6.10486   1         639       498       0         1254      86400     28800     64800     
45        1         51.88951  6.59386   1         859       148       0         0         86400     54336     61536     
46        0         51.58136  6.41029   0         1079      0         352       0         86400     37873     45073     
47        0         51.22572  6.65346   1         859       594       0         14918     86400     31162     38362     
48        1         51.24058  5.87067   0         1011      0         222       0         78716     33243     40443     
49        0         51.75860  5.98644   0         908       0         50        0         85005     32961     40161     
50        1         52.18524  5.76294   1         786       223       0         30991     86400     57197     64397     
51        0         51.03435  6.01634   0         1050      0         168       0         67888     28800     64800     
52        0         51.35240  5.84390   1         904       453       0         15634     86400     46912     54112     
53        0         52.09227  6.24503   1         829       341       0         1960      86400     28800     64800     
54        0         51.24556  6.66434   0         1028      0         119       0         79277     28800     64800     
55        0         51.11320  6.04562   1         1075      123       0         30950     86400     28800     64800     
56        1         52.22132  5.78008   0         1177      0         140       0         72642     53892     61092     
57        0         51.99979  6.68049   1         1042      581       0         0         86400     37902     45102     
58        0         51.36857  6.50438   1         1051      84        0         23781     86400     28800     64800     
59        0         51.47768  6.21928   0         753       0         539       0         86400     47358     54558     
60        1         51.17014  6.39177   0         778       0         538       0         84677     28800     64800     
61        0         51.42650  6.44384   0         718       0         317       0         69074     35444     42644     
