P_60_0 2 4 8 62

[Vehicle Types] - ID_veh_type, fixed_cost, variable_cost, Speed, Capacity, alpha, beta, max_time, max_drive_time
0	0	1.5	80	3200	2400	2800	54000	22000
1	0	2.2	50	7000	6000	6200	54000	32400

[Number of Vehicle Types] - ID_veh_type, ID_depot, number_of_vehicles
0	0	6
1	0	6
0	1	6
1	1	6

[Scheduled Lines] - ID_from, ID_to, cost_per_req, capacity, dep_time, arr_time
0	1	0.1	8000	4386	6334
0	1	0.1	8000	24681	26629
0	1	0.1	8000	54527	56475
0	1	0.1	8000	75274	77222
1	0	0.1	8000	4386	6334
1	0	0.1	8000	24681	26629
1	0	0.1	8000	54527	56475
1	0	0.1	8000	75274	77222

[Nodes/requests]: ID_node, ID_depot, lat, long, type, service_time, q_del, q_col, tw_depot_start, tw_depot_end, tw_cust_start, tw_cust_end
0         0         51.45683  6.22951   -1         0         0         0         0         86400     0         86400
1         1         51.70436  6.47187   -1         0         0         0         0         86400     0         86400
2         0         52.23276  6.19383   1         925       131       0         0         86400     39583     46783     
3         1         51.49755  5.99177   1         1051      543       0         0         86400     45279     52479     
4         1         51.70463  6.16818   1         832       388       0         20132     86400     33956     41156     
5         1         51.85346  5.90604   1         618       362       0         26445     86400     28800     64800     
6         0         51.35253  6.62607   0         1006      0         219       0         85717     52968     60168     
7         0         52.19401  6.00369   0         859       0         143       0         63017     28800     64800     
8         0         52.04940  5.80361   1         1172      288       0         27679     86400     28800     64800     
9         0         51.89581  6.32942   0         913       0         591       0         86400     28800     64800     
10        0         51.46414  6.34901   1         1059      328       0         12132     86400     35810     43010     
11        1         51.94215  6.47525   1         836       193       0         15049     86400     28800     64800     
12        1         51.80538  6.58232   1         965       217       0         22185     86400     37808     45008     
13        1         51.87818  6.51836   0         937       0         348       0         68411     28800     64800     
14        1         51.78872  6.08860   0         926       0         306       0         86400     46557     53757     
15        1         51.12875  5.85328   0         734       0         258       0         63837     28800     64800     
16        1         51.82107  5.84599   0         844       0         513       0         84842     43181     50381     
17        1         51.26340  6.43141   1         693       579       0         0         86400     52900     60100     
18        1         51.99981  6.40740   1         896       472       0         23695     86400     28800     64800     
19        1         51.16576  6.04844   0         1187      0         256       0         71244     28800     64800     
20        1         51.90684  6.56031   0         802       0         567       0         77802     45298     52498     
21        1         51.69987  6.69124   0         1110      0         237       0         78851     28800     64800     
22        1         51.99365  6.55077   1         933       516       0         30796     86400     50455     57655     
23        1         51.65329  6.64404   0         1120      0         282       0         68733     33525     40725     
24        1         52.05370  6.39812   0         1044      0         495       0         86400     31440     38640     
25        0         51.33146  6.71971   1         1065      71        0         17138     86400     42068     49268     
26        1         52.15386  6.01901   1         849       82        0         114       86400     45913     53113     
27        1         51.46298  6.30521   0         784       0         551       0         86400     56018     63218     
28        1         51.52008  6.59013   1         811       193       0         5654      86400     28800     64800     
29        0         51.81345  6.38205   0         702       0         220       0         64519     28800     64800     
30        1         51.63304  6.42322   0         991       0         478       0         75491     44664     51864     
31        1         51.54321  6.62564   1         705       325       0         2257      86400     50647     57847     
32        1         52.14565  5.94068   0         768       0         366       0         81490     28800     64800     
33        1         51.51015  6.71801   0         600       0         487       0         66428     55989     63189     
34        1         51.36079  6.60100   1         1088      276       0         31165     86400     56796     63996     
35        0         51.02079  6.12711   0         677       0         318       0         86400     51054     58254     
36        0         51.63387  6.74856   0         974       0         403       0         81043     36720     43920     
37        0         51.22981  6.06055   1         723       576       0         4473      86400     40068     47268     
38        1         51.68525  5.98448   1         984       283       0         22063     86400     29699     36899     
39        1         51.96408  6.21118   0         1046      0         105       0         67273     28800     64800     
40        1         51.44020  6.61460   0         907       0         154       0         75131     28800     64800     
41        1         51.76285  6.11103   1         1194      532       0         24200     86400     28800     64800     
42        0         51.56476  6.14732   0         1001      0         132       0         86400     28800     64800     
43        1         51.78878  5.79072   0         1022      0         149       0         62559     28800     64800     
44        1         51.76837  6.10256   0         719       0         494       0         66671     28800     64800     
45        0         52.05744  6.15453   0         867       0         203       0         86400     29204     36404     
46        0         51.53173  5.77703   0         659       0         309       0         86294     28800     64800     
47        0         51.33985  6.32827   1         677       461       0         6193      86400     28800     64800     
48        0         52.15397  5.82433   0         743       0         482       0         61901     28800     64800     
49        0         51.11855  6.60120   0         914       0         451       0         84291     28800     64800     
50        0         51.33264  6.27102   1         1078      482       0         16512     86400     28800     64800     
51        0         51.38108  5.78500   0         1128      0         197       0         73182     44631     51831     
52        0         51.01147  5.96839   0         716       0         79        0         83372     48643     55843     
53        1         51.72381  6.62834   0         846       0         516       0         73415     28800     64800     
54        1         51.27084  5.92535   1         1164      404       0         6165      86400     28800     64800     
55        0         52.09813  6.43245   1         803       91        0         15063     86400     39412     46612     
56        1         51.57212  6.65896   1         870       116       0         20623     86400     52024     59224     
57        0         51.10927  6.05908   1         787       396       0         1475      86400     28800     64800     
58        1         51.76833  6.51163   1         940       476       0         5144      86400     49448     56648     
59        0         51.97083  6.38425   1         984       435       0         0         86400     28800     64800     
60        1         51.74958  6.10017   1         1081      558       0         0         86400     28800     64800     
61        1         51.41880  5.92981   1         786       327       0         828       86400     34040     41240     
