P_65_1 2 4 8 67

[Vehicle Types] - ID_veh_type, fixed_cost, variable_cost, Speed, Capacity, alpha, beta, max_time, max_drive_time
0	0	1.5	80	3200	2400	2800	54000	22000
1	0	2.2	50	7000	6000	6200	54000	32400

[Number of Vehicle Types] - ID_veh_type, ID_depot, number_of_vehicles
0	0	6
1	0	6
0	1	6
1	1	6

[Scheduled Lines] - ID_from, ID_to, cost_per_req, capacity, dep_time, arr_time
0	1	0.1	8000	4386	6334
0	1	0.1	8000	24681	26629
0	1	0.1	8000	54527	56475
0	1	0.1	8000	75274	77222
1	0	0.1	8000	4386	6334
1	0	0.1	8000	24681	26629
1	0	0.1	8000	54527	56475
1	0	0.1	8000	75274	77222

[Nodes/requests]: ID_node, ID_depot, lat, long, type, service_time, q_del, q_col, tw_depot_start, tw_depot_end, tw_cust_start, tw_cust_end
0         0         51.34690  5.98050   -1         0         0         0         0         86400     0         86400
1         1         51.70142  6.56678   -1         0         0         0         0         86400     0         86400
2         1         52.04401  6.37784   0         882       0         482       0         86400     29924     37124     
3         0         51.62133  6.08250   0         797       0         583       0         73203     56848     64048     
4         1         51.97136  6.71751   0         678       0         74        0         75717     40648     47848     
5         1         51.79510  6.19293   0         1113      0         354       0         66939     28800     64800     
6         0         51.50952  6.27175   1         967       513       0         31062     86400     28800     64800     
7         1         52.22741  6.53713   1         729       63        0         20936     86400     34209     41409     
8         0         51.58604  6.07716   1         1037      421       0         1891      86400     28800     64800     
9         0         51.15760  5.89548   0         715       0         483       0         80762     49194     56394     
10        1         51.70088  5.82114   1         605       66        0         20597     86400     28800     64800     
11        0         51.12154  6.05855   0         954       0         54        0         74431     28800     64800     
12        0         51.26045  6.74458   0         607       0         356       0         67743     28800     64800     
13        0         51.44686  6.55409   1         1082      292       0         0         86400     47578     54778     
14        0         51.99875  5.75413   1         1142      117       0         15371     86400     28800     64800     
15        1         52.24643  6.22759   0         635       0         105       0         83776     51034     58234     
16        1         51.56610  6.40353   0         926       0         547       0         82840     28800     64800     
17        1         51.06711  6.35397   1         737       281       0         784       86400     38339     45539     
18        1         51.76470  6.52705   1         1001      172       0         0         86400     45676     52876     
19        1         52.08237  5.79864   1         1146      97        0         24415     86400     28800     64800     
20        1         52.04540  6.63912   1         871       364       0         30434     86400     28800     64800     
21        0         51.68121  6.66530   0         744       0         409       0         79205     46705     53905     
22        1         51.36589  6.60571   1         1005      546       0         16435     86400     38473     45673     
23        1         51.64855  6.01552   0         686       0         488       0         70959     28800     64800     
24        0         51.51345  6.01510   0         716       0         69        0         85940     38832     46032     
25        0         52.01088  6.70603   0         1185      0         176       0         68484     28800     64800     
26        1         51.09704  6.06850   1         1105      489       0         8890      86400     28800     64800     
27        0         51.33353  5.94496   0         1133      0         496       0         86400     56134     63334     
28        0         51.54211  5.75519   0         647       0         485       0         86400     28800     64800     
29        0         51.30198  6.58969   1         600       228       0         10874     86400     37760     44960     
30        0         52.01111  6.73379   1         907       425       0         0         86400     28800     64800     
31        0         52.14070  6.61826   1         671       160       0         1043      86400     28800     64800     
32        0         52.07475  6.05962   1         720       517       0         633       86400     43187     50387     
33        0         51.76844  6.23337   1         661       598       0         0         86400     28800     64800     
34        1         51.85484  6.60781   0         792       0         249       0         75875     28800     64800     
35        0         51.16804  5.78978   1         1023      469       0         19970     86400     41996     49196     
36        1         52.10902  6.37986   1         822       112       0         18013     86400     36306     43506     
37        1         52.07889  6.48506   1         1008      210       0         0         86400     28800     64800     
38        1         51.07218  6.16680   1         984       349       0         0         86400     29213     36413     
39        0         51.70088  6.05392   1         866       273       0         19693     86400     28800     64800     
40        1         52.13045  6.62867   1         754       353       0         26251     86400     38178     45378     
41        1         51.11777  5.85815   0         961       0         337       0         68990     28800     64800     
42        1         51.71790  5.92333   1         791       333       0         21099     86400     29485     36685     
43        0         52.01459  5.95969   1         1116      561       0         29790     86400     53707     60907     
44        0         51.36001  6.16429   0         1117      0         174       0         63073     48371     55571     
45        0         51.28004  5.86920   1         986       148       0         26229     86400     28800     64800     
46        0         52.24761  6.15538   0         1082      0         569       0         75197     28800     64800     
47        0         52.12980  5.91428   0         1034      0         263       0         73912     28800     64800     
48        0         51.02855  6.32750   0         1198      0         129       0         86400     28800     64800     
49        0         51.29857  5.98510   1         1095      181       0         5016      86400     42627     49827     
50        1         51.76636  5.84631   0         791       0         105       0         73935     49177     56377     
51        0         51.17674  5.91244   0         675       0         238       0         86400     56835     64035     
52        1         51.08115  6.40665   0         721       0         288       0         82821     46360     53560     
53        1         51.22579  6.73282   1         1176      73        0         15350     86400     53311     60511     
54        0         51.93362  6.09167   0         886       0         263       0         70083     48384     55584     
55        0         51.65497  6.30628   1         1113      544       0         17014     86400     28800     64800     
56        0         51.56563  5.88952   0         925       0         238       0         69861     28800     64800     
57        1         52.20236  6.36159   0         803       0         154       0         65353     28800     64800     
58        0         51.23917  6.21418   0         1144      0         61        0         75040     54202     61402     
59        1         51.69999  6.27826   0         959       0         143       0         74561     36412     43612     
60        1         52.24729  6.62550   0         690       0         484       0         81745     34358     41558     
61        0         51.21619  6.11021   1         813       317       0         0         86400     56232     63432     
62        1         51.64021  6.42026   1         1026      216       0         0         86400     28800     64800     
63        1         51.88560  5.97010   1         1044      357       0         18673     86400     31229     38429     
64        1         52.07951  5.98008   0         830       0         560       0         77950     28800     64800     
65        1         51.82421  6.61298   0         1173      0         231       0         80013     46176     53376     
66        0         51.20811  5.90674   1         978       439       0         19201     86400     50963     58163     
