P_65_0 2 4 8 67

[Vehicle Types] - ID_veh_type, fixed_cost, variable_cost, Speed, Capacity, alpha, beta, max_time, max_drive_time
0	0	1.5	80	3200	2400	2800	54000	22000
1	0	2.2	50	7000	6000	6200	54000	32400

[Number of Vehicle Types] - ID_veh_type, ID_depot, number_of_vehicles
0	0	6
1	0	6
0	1	6
1	1	6

[Scheduled Lines] - ID_from, ID_to, cost_per_req, capacity, dep_time, arr_time
0	1	0.1	8000	4386	6334
0	1	0.1	8000	24681	26629
0	1	0.1	8000	54527	56475
0	1	0.1	8000	75274	77222
1	0	0.1	8000	4386	6334
1	0	0.1	8000	24681	26629
1	0	0.1	8000	54527	56475
1	0	0.1	8000	75274	77222

[Nodes/requests]: ID_node, ID_depot, lat, long, type, service_time, q_del, q_col, tw_depot_start, tw_depot_end, tw_cust_start, tw_cust_end
0         0         51.52264  5.78117   -1         0         0         0         0         86400     0         86400
1         1         51.96740  6.52562   -1         0         0         0         0         86400     0         86400
2         1         52.19598  6.50558   1         1100      366       0         0         86400     28800     64800     
3         1         52.12971  6.63313   0         1105      0         437       0         81593     28800     64800     
4         0         51.90742  6.17994   0         683       0         341       0         70123     28800     64800     
5         0         51.18267  6.10631   1         972       337       0         0         86400     28800     64800     
6         1         51.79613  6.71124   0         782       0         567       0         79785     28800     64800     
7         0         51.83265  5.91349   1         1142      521       0         24332     86400     28800     64800     
8         1         51.24187  5.88056   0         1190      0         513       0         64071     34916     42116     
9         0         52.05992  5.98361   1         1186      438       0         17814     86400     30170     37370     
10        0         51.94716  6.15057   1         880       421       0         2759      86400     41636     48836     
11        1         51.80877  6.54828   0         1095      0         504       0         79055     28800     64800     
12        0         51.25528  6.22732   1         640       522       0         12960     86400     28800     64800     
13        1         51.93501  6.56322   0         1192      0         329       0         74663     55919     63119     
14        0         51.18978  6.47425   0         895       0         273       0         86400     28800     64800     
15        0         51.24411  6.09579   0         653       0         334       0         76922     28800     64800     
16        1         51.66178  6.05093   1         615       572       0         29189     86400     29335     43589     
17        0         51.85289  6.11655   1         864       447       0         0         86400     28800     64800     
18        0         52.14300  6.28753   0         924       0         443       0         81803     41118     48318     
19        0         51.58001  5.76735   1         813       358       0         28247     86400     28800     64800     
20        1         51.63818  6.36744   1         715       381       0         11437     86400     41943     49143     
21        0         51.88962  6.14411   1         1059      89        0         0         86400     28800     64800     
22        1         51.98521  6.13813   1         753       465       0         0         86400     28800     64800     
23        1         51.31594  6.42618   0         714       0         76        0         86400     30124     37324     
24        0         51.38018  6.46454   1         860       514       0         15345     86400     28800     64800     
25        0         51.24325  6.73760   1         758       218       0         0         86400     48224     55424     
26        0         51.82799  6.25676   1         663       282       0         17074     86400     52451     59651     
27        0         51.78705  6.41658   0         1160      0         295       0         84296     50003     57203     
28        1         51.51715  6.26553   1         809       315       0         3939      86400     28800     64800     
29        1         51.73239  6.08341   1         990       128       0         18990     86400     28800     64800     
30        1         51.29255  6.29565   0         780       0         405       0         63223     42333     49533     
31        0         51.32063  6.63751   0         755       0         136       0         73386     39106     46306     
32        0         51.73486  6.57296   0         697       0         328       0         85811     28800     64800     
33        1         51.29527  5.84262   0         733       0         411       0         86400     28800     64800     
34        1         52.13407  6.57990   1         627       51        0         21856     86400     54103     61303     
35        0         51.03188  6.64736   0         971       0         163       0         72237     28800     64800     
36        0         51.30075  5.76649   1         797       254       0         0         86400     41313     48513     
37        1         51.95945  6.21517   1         1110      218       0         0         86400     31925     39125     
38        1         51.65095  6.63292   1         673       465       0         26890     86400     28800     64800     
39        0         51.30577  5.78193   1         745       538       0         16965     86400     28800     64800     
40        0         51.41810  5.78987   0         1113      0         416       0         73674     35401     42601     
41        0         51.46778  6.28918   0         1102      0         316       0         86400     28800     64800     
42        1         51.89448  6.48460   1         955       414       0         9458      86400     28800     64800     
43        1         52.12110  6.09963   0         740       0         524       0         86400     41597     48797     
44        0         51.29926  5.99682   1         1183      565       0         32387     86400     36417     46787     
45        0         51.82566  5.78039   0         1196      0         377       0         86213     28800     64800     
46        1         51.14750  6.12004   0         802       0         110       0         64864     57397     64597     
47        1         51.23082  5.91068   0         953       0         281       0         86400     50363     57563     
48        0         51.60018  5.91160   0         654       0         411       0         80969     33745     40945     
49        1         52.14287  6.70437   1         902       420       0         18406     86400     28800     64800     
50        1         52.19034  6.61063   0         1181      0         308       0         82530     43800     51000     
51        1         51.71078  6.18388   1         605       165       0         3517      86400     51916     59116     
52        1         52.02658  6.72124   1         1072      117       0         0         86400     28800     64800     
53        1         52.24545  6.53728   0         799       0         435       0         83880     57436     64636     
54        0         51.52364  5.91251   1         1096      166       0         25746     86400     37943     45143     
55        0         51.15993  5.93205   1         1029      120       0         0         86400     28800     64800     
56        1         51.98153  6.37385   1         1043      117       0         19312     86400     28800     64800     
57        0         51.12242  6.40656   0         645       0         331       0         86400     34578     41778     
58        0         51.51090  5.88833   1         1139      114       0         22402     86400     40488     47688     
59        0         51.99334  5.88650   0         1017      0         405       0         76058     31593     38793     
60        0         51.81192  6.28174   0         625       0         433       0         86400     28800     64800     
61        1         51.96590  6.42264   0         698       0         86        0         83674     28800     64800     
62        1         52.16042  5.85111   0         1029      0         398       0         71096     28800     64800     
63        0         51.52232  5.90356   1         984       62        0         10702     86400     28800     64800     
64        1         51.53416  6.65932   0         1056      0         507       0         86400     28800     64800     
65        1         52.03269  5.98960   1         633       128       0         12791     86400     43743     50943     
66        1         51.85237  5.99382   1         1039      446       0         1096      86400     51195     58395     
