P_65_2 2 4 8 67

[Vehicle Types] - ID_veh_type, fixed_cost, variable_cost, Speed, Capacity, alpha, beta, max_time, max_drive_time
0	0	1.5	80	3200	2400	2800	54000	22000
1	0	2.2	50	7000	6000	6200	54000	32400

[Number of Vehicle Types] - ID_veh_type, ID_depot, number_of_vehicles
0	0	6
1	0	6
0	1	6
1	1	6

[Scheduled Lines] - ID_from, ID_to, cost_per_req, capacity, dep_time, arr_time
0	1	0.1	8000	4386	6334
0	1	0.1	8000	24681	26629
0	1	0.1	8000	54527	56475
0	1	0.1	8000	75274	77222
1	0	0.1	8000	4386	6334
1	0	0.1	8000	24681	26629
1	0	0.1	8000	54527	56475
1	0	0.1	8000	75274	77222

[Nodes/requests]: ID_node, ID_depot, lat, long, type, service_time, q_del, q_col, tw_depot_start, tw_depot_end, tw_cust_start, tw_cust_end
0         0         51.13373  5.79868   -1         0         0         0         0         86400     0         86400
1         1         52.11293  6.50306   -1         0         0         0         0         86400     0         86400
2         0         51.48581  5.80475   1         1118      476       0         16864     86400     28800     64800     
3         1         51.44407  6.40873   0         1082      0         209       0         63491     28800     64800     
4         1         52.22176  6.59202   0         802       0         199       0         68235     28800     64800     
5         1         51.32610  6.64537   1         915       333       0         20806     86400     42729     49929     
6         0         51.52939  6.50864   1         1014      317       0         0         86400     38728     45928     
7         0         52.10372  5.81117   0         712       0         490       0         84660     39085     46285     
8         1         52.17393  6.12350   1         924       173       0         0         86400     39495     46695     
9         1         51.21955  6.14124   0         1127      0         258       0         86400     45972     53172     
10        1         52.04522  6.67489   1         674       88        0         23020     86400     31627     38827     
11        0         51.53138  6.12441   0         1186      0         403       0         64543     29799     36999     
12        1         51.81407  6.74394   0         1040      0         595       0         76017     43417     50617     
13        0         51.68417  6.42311   1         914       187       0         27296     86400     28800     64800     
14        0         51.27817  6.17237   0         808       0         425       0         77313     28800     64800     
15        1         51.99903  6.35039   0         684       0         253       0         82247     55776     62976     
16        1         52.08221  6.23552   0         1171      0         406       0         86400     28800     64800     
17        1         52.08712  6.45929   0         861       0         300       0         83441     28800     64800     
18        0         51.03821  5.97757   1         1043      98        0         0         86400     28800     64800     
19        0         51.81490  6.64638   0         1040      0         87        0         74324     30285     37485     
20        0         51.64369  6.23933   0         758       0         136       0         83206     36585     43785     
21        0         51.30637  6.31539   0         930       0         247       0         70168     28800     64800     
22        0         51.16217  6.22315   0         1126      0         129       0         66098     28822     36022     
23        0         51.75851  5.82655   1         986       327       0         0         86400     28961     36161     
24        0         51.44166  5.97760   0         826       0         403       0         73722     28800     64800     
25        0         51.47272  6.00803   0         1120      0         542       0         61769     43360     50560     
26        1         51.77808  6.61446   0         775       0         419       0         64089     49325     56525     
27        0         51.08552  5.76045   0         684       0         270       0         62396     51731     58931     
28        1         51.46434  6.07171   1         1006      585       0         4775      86400     28985     36185     
29        0         51.34344  5.76772   0         867       0         239       0         86400     28967     36167     
30        0         51.15137  6.59202   0         1096      0         106       0         65986     28800     64800     
31        0         51.50182  5.76159   1         1022      456       0         6842      86400     50685     57885     
32        1         51.02101  6.15205   0         1010      0         264       0         75893     41593     48793     
33        1         52.17532  6.36476   1         942       340       0         17642     86400     49379     56579     
34        1         51.49344  6.03875   1         1131      55        0         0         86400     57387     64587     
35        0         51.84120  5.84219   1         912       457       0         31779     86400     34623     46179     
36        1         52.12381  6.63569   0         963       0         380       0         78856     28800     64800     
37        0         51.00078  6.28455   0         998       0         544       0         71661     47819     55019     
38        0         51.04130  6.59344   0         860       0         202       0         74202     56898     64098     
39        1         51.59626  5.90475   1         952       518       0         12298     86400     28800     64800     
40        0         51.63187  6.57277   0         896       0         322       0         70744     28800     64800     
41        1         51.82342  5.86434   1         989       328       0         7584      86400     36822     44022     
42        0         51.42301  6.07072   0         896       0         226       0         65876     28800     64800     
43        1         51.07482  6.01065   0         1075      0         82        0         75172     28800     64800     
44        0         51.26097  6.70100   0         730       0         486       0         86400     28800     64800     
45        0         51.33766  6.26808   0         627       0         489       0         77181     42947     50147     
46        0         51.23271  6.52299   1         845       551       0         13635     86400     28800     64800     
47        0         51.38732  6.13350   1         1118      422       0         3882      86400     28800     64800     
48        1         51.92789  5.93352   1         822       127       0         30288     86400     35540     44688     
49        0         51.76081  6.41430   0         1061      0         444       0         75359     46433     53633     
50        1         51.71684  6.17361   0         740       0         314       0         65669     35958     43158     
51        1         51.88767  6.58533   1         727       551       0         12298     86400     41923     49123     
52        0         51.90637  6.39898   0         778       0         562       0         73689     50890     58090     
53        1         52.10612  6.68333   0         816       0         414       0         62807     55172     62372     
54        1         52.08157  5.75510   1         996       321       0         15103     86400     28800     64800     
55        1         52.06344  6.63504   1         831       385       0         32158     86400     28800     64800     
56        1         51.79495  6.44458   0         1063      0         245       0         80035     36448     43648     
57        0         51.04089  6.40127   1         1087      149       0         8028      86400     28800     64800     
58        1         51.61166  6.60916   1         771       138       0         13721     86400     50193     57393     
59        1         51.21264  6.66188   1         942       251       0         22974     86400     28800     64800     
60        1         52.16572  6.52817   1         751       195       0         5964      86400     33080     40280     
61        1         51.98675  6.33862   0         1082      0         241       0         72991     29335     36535     
62        1         52.21619  5.80207   1         994       305       0         0         86400     28800     64800     
63        0         51.26756  6.11748   1         1048      77        0         791       86400     28800     64800     
64        1         51.70858  6.30967   0         1092      0         173       0         86400     30949     38149     
65        0         51.16330  6.16638   1         1187      461       0         0         86400     32177     39377     
66        0         51.35292  6.57505   0         686       0         398       0         62588     28800     64800     
