P_70_1 2 4 8 72

[Vehicle Types] - ID_veh_type, fixed_cost, variable_cost, Speed, Capacity, alpha, beta, max_time, max_drive_time
0	0	1.5	80	3200	2400	2800	54000	22000
1	0	2.2	50	7000	6000	6200	54000	32400

[Number of Vehicle Types] - ID_veh_type, ID_depot, number_of_vehicles
0	0	6
1	0	6
0	1	6
1	1	6

[Scheduled Lines] - ID_from, ID_to, cost_per_req, capacity, dep_time, arr_time
0	1	0.1	8000	4386	6334
0	1	0.1	8000	24681	26629
0	1	0.1	8000	54527	56475
0	1	0.1	8000	75274	77222
1	0	0.1	8000	4386	6334
1	0	0.1	8000	24681	26629
1	0	0.1	8000	54527	56475
1	0	0.1	8000	75274	77222

[Nodes/requests]: ID_node, ID_depot, lat, long, type, service_time, q_del, q_col, tw_depot_start, tw_depot_end, tw_cust_start, tw_cust_end
0         0         51.40618  5.92279   -1         0         0         0         0         86400     0         86400
1         1         52.01926  6.59549   -1         0         0         0         0         86400     0         86400
2         1         52.20600  6.32242   0         714       0         176       0         86400     41316     48516     
3         0         51.09284  6.33133   0         1143      0         256       0         65277     28800     64800     
4         0         51.04224  6.59942   1         672       462       0         17854     86400     29725     36925     
5         1         52.19814  6.17855   1         898       558       0         0         86400     28800     64800     
6         0         52.10644  5.77208   0         606       0         118       0         76124     28800     64800     
7         1         52.00583  6.26078   1         1043      218       0         25107     86400     28800     64800     
8         1         51.50050  6.52293   1         1199      278       0         3803      86400     47890     55090     
9         1         52.20650  6.55826   1         992       276       0         0         86400     28800     64800     
10        0         51.28567  5.83434   1         965       497       0         13263     86400     40178     47378     
11        0         52.24207  5.82929   1         871       158       0         10485     86400     28800     64800     
12        0         51.59745  6.73343   1         821       444       0         10545     86400     28800     64800     
13        0         51.33270  6.23777   0         838       0         137       0         64604     28800     64800     
14        0         51.45895  6.69117   0         660       0         591       0         85637     28800     64800     
15        1         52.11375  6.01075   0         864       0         285       0         81902     28800     64800     
16        1         52.20981  6.10624   1         1108      120       0         21924     86400     28800     64800     
17        0         51.54095  5.91220   1         1120      271       0         9514      86400     30709     37909     
18        0         51.32270  6.33729   0         1118      0         405       0         86400     42713     49913     
19        0         51.53612  6.46047   1         875       416       0         13555     86400     28800     64800     
20        1         51.30786  6.17248   0         1110      0         105       0         86400     28800     64800     
21        0         52.00079  6.68105   1         1010      599       0         30065     86400     28800     64800     
22        0         51.72820  6.47593   0         860       0         408       0         86400     28800     64800     
23        0         52.14847  6.25298   0         932       0         412       0         86400     33096     40296     
24        1         51.54917  6.23015   0         825       0         245       0         86400     54784     61984     
25        1         51.96215  6.74649   1         1067      469       0         0         86400     48440     55640     
26        1         51.88099  6.57654   1         1071      337       0         18183     86400     28800     64800     
27        1         51.64568  6.09571   1         1112      403       0         31526     86400     28800     64800     
28        1         51.64776  6.43082   1         701       78        0         31396     86400     28800     64800     
29        0         51.03675  6.37876   0         887       0         495       0         69724     28800     64800     
30        0         51.22764  6.41562   0         613       0         199       0         80334     47636     54836     
31        0         51.51186  6.68539   1         1112      513       0         17102     86400     50062     57262     
32        0         51.02018  5.93851   0         724       0         492       0         81953     28800     64800     
33        0         51.13044  6.54844   0         817       0         564       0         80547     46253     53453     
34        0         51.11717  6.25292   1         827       503       0         11379     86400     29806     37006     
35        0         51.64834  5.99720   0         913       0         332       0         78751     28800     64800     
36        0         51.01973  6.27014   1         1031      414       0         30286     86400     28800     64800     
37        0         51.40298  6.43922   1         852       475       0         17851     86400     28800     64800     
38        1         51.79905  5.93673   0         709       0         407       0         70674     33465     40665     
39        1         52.04492  6.71477   0         958       0         446       0         68318     32924     40124     
40        1         52.08729  6.44263   1         1054      523       0         27717     86400     51466     58666     
41        1         51.95295  6.55166   1         755       269       0         0         86400     56693     63893     
42        1         51.78073  6.51108   0         1044      0         244       0         79454     28800     64800     
43        1         51.05807  5.81077   1         649       540       0         15447     86400     34216     41416     
44        1         51.87855  6.45625   0         663       0         87        0         61297     28800     64800     
45        1         51.91296  6.27114   1         1185      300       0         5474      86400     55912     63112     
46        0         51.38564  5.79958   1         818       167       0         0         86400     28800     64800     
47        0         51.06192  6.33459   1         1179      204       0         0         86400     28800     64800     
48        0         51.24164  6.31934   0         1039      0         253       0         64424     28800     64800     
49        1         51.84895  6.62917   1         1044      361       0         20945     86400     28800     64800     
50        1         51.47466  5.83653   1         770       379       0         26028     86400     28800     64800     
51        0         51.08919  5.94510   1         627       291       0         10376     86400     28800     64800     
52        1         51.16173  6.36387   0         1024      0         509       0         86400     28800     64800     
53        0         51.29308  5.78633   0         740       0         316       0         66115     45057     52257     
54        0         51.24658  6.21824   1         1032      600       0         24535     86400     43577     50777     
55        1         51.85374  5.93342   0         823       0         237       0         82363     28800     64800     
56        0         51.36900  6.02733   0         943       0         553       0         74053     28800     64800     
57        0         51.31156  6.49299   0         1011      0         140       0         86400     28800     64800     
58        0         51.84064  6.72083   1         629       452       0         27413     86400     28800     64800     
59        1         52.06237  6.71257   0         1125      0         366       0         86400     43081     50281     
60        0         51.19976  5.97383   1         921       129       0         0         86400     28800     64800     
61        0         51.58066  6.41140   1         1185      584       0         12821     86400     28800     64800     
62        0         51.24740  6.31509   1         992       402       0         8815      86400     28800     64800     
63        0         51.02266  5.96053   1         976       539       0         2612      86400     28800     64800     
64        1         52.18185  6.53069   1         900       266       0         7108      86400     54070     61270     
65        0         51.06160  6.56899   0         929       0         50        0         78769     28800     64800     
66        0         51.57267  6.41865   0         1129      0         278       0         81785     36595     43795     
67        1         51.97062  6.09099   1         931       517       0         13827     86400     44702     51902     
68        0         52.23795  6.01814   1         1192      117       0         13984     86400     28800     64800     
69        1         51.71971  6.23001   1         960       341       0         29811     86400     28800     64800     
70        0         51.24999  5.98863   0         1053      0         116       0         82795     30982     38182     
71        1         51.36070  6.48606   0         826       0         73        0         83468     48229     55429     
