P_70_0 2 4 8 72

[Vehicle Types] - ID_veh_type, fixed_cost, variable_cost, Speed, Capacity, alpha, beta, max_time, max_drive_time
0	0	1.5	80	3200	2400	2800	54000	22000
1	0	2.2	50	7000	6000	6200	54000	32400

[Number of Vehicle Types] - ID_veh_type, ID_depot, number_of_vehicles
0	0	6
1	0	6
0	1	6
1	1	6

[Scheduled Lines] - ID_from, ID_to, cost_per_req, capacity, dep_time, arr_time
0	1	0.1	8000	4386	6334
0	1	0.1	8000	24681	26629
0	1	0.1	8000	54527	56475
0	1	0.1	8000	75274	77222
1	0	0.1	8000	4386	6334
1	0	0.1	8000	24681	26629
1	0	0.1	8000	54527	56475
1	0	0.1	8000	75274	77222

[Nodes/requests]: ID_node, ID_depot, lat, long, type, service_time, q_del, q_col, tw_depot_start, tw_depot_end, tw_cust_start, tw_cust_end
0         0         51.45706  5.75614   -1         0         0         0         0         86400     0         86400
1         1         51.92931  6.63339   -1         0         0         0         0         86400     0         86400
2         0         52.05197  5.92037   1         880       409       0         0         86400     28800     64800     
3         0         51.83824  5.93298   0         868       0         276       0         80478     31217     38417     
4         0         51.48011  6.11292   1         1133      535       0         24184     86400     32680     39880     
5         1         51.44987  6.71123   0         815       0         550       0         74883     42209     49409     
6         1         52.06938  6.39989   1         950       168       0         16395     86400     48087     55287     
7         0         52.13209  6.00026   0         612       0         51        0         75005     45300     52500     
8         1         51.74368  6.34462   0         927       0         383       0         69127     54062     61262     
9         1         51.41846  6.68521   1         949       375       0         715       86400     28800     64800     
10        0         52.02166  5.78060   1         962       325       0         7882      86400     38172     45372     
11        0         51.64600  5.75868   1         811       85        0         0         86400     28800     64800     
12        0         51.23452  6.38627   1         1195      75        0         190       86400     56886     64086     
13        1         51.10672  6.69945   1         701       478       0         2034      86400     49537     56737     
14        1         51.02232  6.42200   0         628       0         167       0         75631     28800     64800     
15        0         51.49422  6.47921   0         721       0         371       0         82814     28800     64800     
16        0         51.43693  5.87982   1         643       139       0         0         86400     45536     52736     
17        0         51.16667  6.29921   0         1104      0         237       0         86400     28800     64800     
18        0         51.99278  6.03407   0         886       0         269       0         80604     37351     44551     
19        0         51.52844  6.52559   1         929       523       0         22538     86400     28800     64800     
20        0         52.04806  6.57264   1         913       358       0         11372     86400     42138     49338     
21        0         52.02937  6.07274   0         996       0         520       0         86320     41184     48384     
22        0         51.17938  6.26426   1         1079      318       0         0         86400     57371     64571     
23        1         51.82223  6.41829   1         916       294       0         5074      86400     51597     58797     
24        0         52.14758  6.12772   0         1072      0         466       0         84342     28800     64800     
25        1         51.00039  5.76692   0         605       0         99        0         86400     28800     64800     
26        1         51.83753  6.71889   1         605       120       0         0         86400     28800     64800     
27        1         51.87203  6.47789   0         1036      0         532       0         74914     35721     42921     
28        1         51.45770  6.42303   0         1054      0         593       0         63019     28800     64800     
29        0         51.83820  5.87264   0         1004      0         507       0         64294     39982     47182     
30        1         51.85200  6.37711   0         820       0         74        0         73866     28800     64800     
31        0         51.13938  5.82708   0         1105      0         589       0         72654     30898     38098     
32        0         51.74139  5.97659   0         1004      0         422       0         65391     29997     37197     
33        0         51.21568  5.98150   0         828       0         484       0         86400     49574     56774     
34        0         51.26553  6.13820   1         806       245       0         17780     86400     35139     42339     
35        1         51.88324  5.93495   0         953       0         66        0         65710     28800     64800     
36        0         51.82495  6.49251   0         855       0         98        0         86400     28800     64800     
37        1         51.64513  6.10316   0         1083      0         540       0         83403     28800     64800     
38        1         51.30176  6.30474   1         839       558       0         7797      86400     28800     64800     
39        1         51.21178  6.64420   1         736       521       0         5471      86400     55130     62330     
40        0         52.15098  6.06820   1         659       411       0         16742     86400     45984     53184     
41        1         51.00205  5.89787   1         1119      578       0         3080      86400     34324     41524     
42        0         51.00448  6.51567   0         1178      0         229       0         86400     28800     64800     
43        1         51.50468  6.42453   0         681       0         81        0         86400     42748     49948     
44        0         51.58699  6.20237   1         919       304       0         0         86400     57562     64762     
45        1         52.08577  6.54985   0         653       0         240       0         65939     37520     44720     
46        0         51.28893  5.75373   1         1048      75        0         6372      86400     40960     48160     
47        1         52.17838  6.63648   1         747       174       0         0         86400     28800     64800     
48        0         51.28599  6.57742   0         1032      0         258       0         72142     28800     64800     
49        1         51.59788  6.68185   0         1071      0         451       0         62453     28800     64800     
50        1         51.61884  5.94263   0         1123      0         196       0         82462     48137     55337     
51        1         52.24469  5.89752   1         1061      394       0         0         86400     28800     64800     
52        1         52.00378  6.28228   1         875       506       0         15563     86400     28800     64800     
53        1         51.37400  6.69891   0         908       0         314       0         86400     43704     50904     
54        1         52.15763  5.99783   0         645       0         369       0         72870     28800     64800     
55        0         51.71120  5.79782   0         703       0         124       0         86400     39306     46506     
56        1         51.39675  6.13787   1         775       495       0         30347     86400     35654     44747     
57        0         51.46940  5.80443   0         927       0         293       0         76832     28800     64800     
58        1         51.43716  6.53373   0         637       0         115       0         86400     28800     64800     
59        0         51.73835  5.78166   0         672       0         479       0         69307     28800     64800     
60        0         51.47578  6.59477   1         841       193       0         6631      86400     28800     64800     
61        0         51.48644  5.86564   1         644       63        0         12901     86400     28800     64800     
62        0         52.21337  6.71949   0         923       0         456       0         86400     32360     39560     
63        1         52.17648  5.82279   0         1002      0         587       0         86400     56193     63393     
64        1         52.24864  5.91605   0         1197      0         270       0         68187     28800     64800     
65        1         52.13970  5.93054   1         891       596       0         9121      86400     28800     64800     
66        1         51.55949  6.45270   1         770       536       0         18436     86400     28800     64800     
67        1         51.36095  6.64881   0         820       0         280       0         86400     28800     64800     
68        1         51.89107  5.95908   1         748       195       0         7026      86400     28800     64800     
69        1         51.27892  6.57640   1         702       478       0         25073     86400     32039     39473     
70        1         52.19172  6.28091   1         604       276       0         30661     86400     36636     45061     
71        1         51.21089  6.57150   0         1002      0         460       0         86400     36791     43991     
