P_70_2 2 4 8 72

[Vehicle Types] - ID_veh_type, fixed_cost, variable_cost, Speed, Capacity, alpha, beta, max_time, max_drive_time
0	0	1.5	80	3200	2400	2800	54000	22000
1	0	2.2	50	7000	6000	6200	54000	32400

[Number of Vehicle Types] - ID_veh_type, ID_depot, number_of_vehicles
0	0	6
1	0	6
0	1	6
1	1	6

[Scheduled Lines] - ID_from, ID_to, cost_per_req, capacity, dep_time, arr_time
0	1	0.1	8000	4386	6334
0	1	0.1	8000	24681	26629
0	1	0.1	8000	54527	56475
0	1	0.1	8000	75274	77222
1	0	0.1	8000	4386	6334
1	0	0.1	8000	24681	26629
1	0	0.1	8000	54527	56475
1	0	0.1	8000	75274	77222

[Nodes/requests]: ID_node, ID_depot, lat, long, type, service_time, q_del, q_col, tw_depot_start, tw_depot_end, tw_cust_start, tw_cust_end
0         0         51.01631  6.07243   -1         0         0         0         0         86400     0         86400
1         1         51.87060  6.41585   -1         0         0         0         0         86400     0         86400
2         0         51.16098  5.85432   1         750       536       0         2558      86400     28800     64800     
3         1         51.85767  6.01790   1         942       59        0         0         86400     28800     64800     
4         0         51.07258  5.96867   0         741       0         118       0         81968     42758     49958     
5         1         51.65294  6.49228   1         664       105       0         4299      86400     38028     45228     
6         1         51.83614  6.55440   1         980       593       0         0         86400     28800     64800     
7         1         52.10619  6.73151   1         658       148       0         0         86400     46922     54122     
8         1         52.14782  6.07466   1         883       371       0         7721      86400     28800     64800     
9         0         51.11236  6.62587   0         986       0         235       0         86400     28800     64800     
10        1         51.77364  6.00777   1         934       79        0         17519     86400     31149     38349     
11        0         51.61791  5.75003   0         1135      0         267       0         86400     28800     64800     
12        1         51.78933  6.68420   1         692       545       0         9565      86400     28800     64800     
13        1         51.63362  5.99835   1         738       318       0         20342     86400     28800     64800     
14        1         51.71763  6.63123   1         670       583       0         29573     86400     32473     43973     
15        1         51.09203  6.39743   1         1196      327       0         26589     86400     28800     64800     
16        1         51.82136  6.28894   0         843       0         103       0         86400     35357     42557     
17        0         51.04840  5.90212   1         655       67        0         0         86400     36159     43359     
18        0         51.05101  6.74795   0         842       0         399       0         86400     28800     64800     
19        1         51.51359  6.39107   1         662       451       0         0         86400     28800     64800     
20        0         51.78702  6.39944   1         1037      400       0         0         86400     33614     40814     
21        0         51.39868  6.10594   0         745       0         289       0         69296     28800     64800     
22        1         51.61958  6.30148   1         827       178       0         0         86400     44089     51289     
23        1         51.88309  6.16058   1         881       130       0         0         86400     28800     64800     
24        1         51.55849  5.87898   0         982       0         272       0         86400     44423     51623     
25        0         51.40758  6.17296   0         931       0         92        0         86400     28800     64800     
26        0         51.77161  6.66221   0         1056      0         289       0         65448     55623     62823     
27        0         51.13470  6.33067   1         839       173       0         17506     86400     28800     64800     
28        0         51.14784  5.91543   1         1068      440       0         1492      86400     28800     64800     
29        1         51.58377  6.57131   1         973       159       0         24538     86400     28800     64800     
30        1         51.05689  6.55559   1         628       53        0         0         86400     48803     56003     
31        1         52.17491  6.21197   1         837       307       0         0         86400     28800     64800     
32        0         51.24417  6.24958   1         1180      257       0         3116      86400     42177     49377     
33        1         51.71925  6.64537   0         751       0         439       0         86400     34554     41754     
34        0         51.47381  6.28587   0         991       0         570       0         82695     28800     64800     
35        0         51.56447  6.05233   1         1053      489       0         13370     86400     28800     64800     
36        1         51.18970  6.72393   1         747       172       0         30632     86400     42109     49309     
37        1         51.99149  6.15266   0         646       0         599       0         86303     45758     52958     
38        0         51.41371  6.53222   1         765       401       0         3493      86400     28800     64800     
39        0         51.12279  6.21641   1         711       502       0         0         86400     28800     64800     
40        0         51.92637  5.95100   1         1193      406       0         0         86400     28800     64800     
41        1         51.44157  6.22257   0         1190      0         377       0         72062     28800     64800     
42        1         51.67209  6.34710   0         681       0         204       0         68147     28889     36089     
43        0         51.46291  6.10319   0         1038      0         477       0         64041     29612     36812     
44        0         51.88893  6.20803   0         966       0         71        0         86400     28800     64800     
45        1         51.20698  6.67303   1         984       88        0         22866     86400     42583     49783     
46        1         51.87324  6.35543   0         1141      0         502       0         65496     57502     64702     
47        0         51.15610  6.33125   0         1067      0         361       0         71251     28800     64800     
48        1         51.25274  6.56643   0         1073      0         432       0         86400     28800     64800     
49        0         51.19330  5.86312   0         753       0         576       0         86400     28800     64800     
50        0         51.37525  5.77986   0         993       0         143       0         86400     28800     64800     
51        0         51.83386  6.74812   1         1106      344       0         31006     86400     28800     64800     
52        0         51.25614  6.38266   0         1151      0         170       0         70706     28800     64800     
53        1         51.51095  6.15501   1         1109      349       0         0         86400     28800     64800     
54        1         52.01102  5.93431   1         646       445       0         17131     86400     28800     64800     
55        1         51.43838  6.33582   0         871       0         464       0         61389     28800     64800     
56        1         51.56160  6.28758   0         630       0         344       0         77366     42620     49820     
57        1         51.80186  6.01347   0         805       0         576       0         68160     55830     63030     
58        0         51.04193  5.89965   1         767       465       0         27668     86400     39126     46326     
59        0         51.63390  6.12838   0         863       0         284       0         62732     28800     64800     
60        0         51.28087  6.47493   0         643       0         442       0         85041     38821     46021     
61        1         51.92957  5.91564   0         1076      0         332       0         65320     28800     64800     
62        0         51.41871  6.64193   1         1064      135       0         23179     86400     28800     64800     
63        1         51.79274  6.13523   1         707       134       0         31898     86400     28800     64800     
64        1         51.39372  5.93215   0         700       0         208       0         82781     28800     64800     
65        1         52.24765  6.40134   0         973       0         426       0         86400     42132     49332     
66        1         51.64324  6.64800   1         1017      446       0         12595     86400     43820     51020     
67        0         51.02510  6.09341   0         1051      0         388       0         86400     38031     45231     
68        1         51.56285  5.97936   1         620       327       0         29849     86400     49756     56956     
69        0         51.72554  6.07106   0         800       0         157       0         86400     29683     36883     
70        1         51.64223  6.68694   1         851       180       0         2359      86400     28800     64800     
71        1         52.23429  6.05454   0         1168      0         558       0         66005     28800     64800     
