P_75_1 2 4 8 77

[Vehicle Types] - ID_veh_type, fixed_cost, variable_cost, Speed, Capacity, alpha, beta, max_time, max_drive_time
0	0	1.5	80	3200	2400	2800	54000	22000
1	0	2.2	50	7000	6000	6200	54000	32400

[Number of Vehicle Types] - ID_veh_type, ID_depot, number_of_vehicles
0	0	7
1	0	7
0	1	7
1	1	7

[Scheduled Lines] - ID_from, ID_to, cost_per_req, capacity, dep_time, arr_time
0	1	0.1	8000	4386	6334
0	1	0.1	8000	24681	26629
0	1	0.1	8000	54527	56475
0	1	0.1	8000	75274	77222
1	0	0.1	8000	4386	6334
1	0	0.1	8000	24681	26629
1	0	0.1	8000	54527	56475
1	0	0.1	8000	75274	77222

[Nodes/requests]: ID_node, ID_depot, lat, long, type, service_time, q_del, q_col, tw_depot_start, tw_depot_end, tw_cust_start, tw_cust_end
0         0         51.43927  6.09825   -1         0         0         0         0         86400     0         86400
1         1         52.06376  6.56635   -1         0         0         0         0         86400     0         86400
2         1         52.14233  6.60110   0         881       0         539       0         86400     40422     47622     
3         1         51.32288  6.49112   1         928       520       0         21652     86400     28800     64800     
4         0         51.86165  6.11080   1         608       297       0         3922      86400     28800     64800     
5         1         51.45196  6.51748   1         741       348       0         25345     86400     46134     53334     
6         1         51.40561  6.54512   0         1089      0         267       0         75408     28800     64800     
7         1         52.11238  6.17175   1         966       416       0         16115     86400     28800     64800     
8         1         51.60651  5.90285   0         641       0         579       0         75040     28800     64800     
9         1         52.01070  6.68535   1         926       420       0         21397     86400     45987     53187     
10        1         52.23768  6.51797   1         1159      356       0         11462     86400     28800     64800     
11        1         51.35251  6.20033   1         695       66        0         0         86400     28800     64800     
12        0         51.73546  6.08772   1         1129      219       0         0         86400     32611     39811     
13        0         51.38103  6.28848   1         682       113       0         16370     86400     28800     64800     
14        1         52.06641  6.01470   1         1004      481       0         26530     86400     41072     48272     
15        1         52.10891  6.51889   1         681       241       0         875       86400     41346     48546     
16        1         51.07695  5.79018   0         986       0         103       0         86400     28800     64800     
17        1         51.76118  6.71269   1         816       94        0         5601      86400     28800     64800     
18        0         52.24603  6.12808   0         1168      0         255       0         67577     28800     64800     
19        1         51.09068  6.64488   1         831       310       0         30724     86400     28800     64800     
20        0         51.36504  5.82449   0         893       0         374       0         82910     28800     64800     
21        1         52.20873  5.90417   0         738       0         175       0         80894     28800     64800     
22        0         51.65619  6.53824   0         832       0         177       0         66995     28800     64800     
23        0         51.31195  6.49123   1         912       261       0         24227     86400     28800     64800     
24        0         52.19962  6.12252   1         1059      355       0         32280     86400     28800     64800     
25        0         51.84992  5.96200   0         772       0         396       0         66481     28800     64800     
26        1         52.02181  6.67018   0         980       0         363       0         76337     28800     64800     
27        0         51.83374  5.79953   1         632       83        0         26652     86400     28800     64800     
28        0         51.03492  5.84929   1         1006      500       0         4952      86400     42899     50099     
29        0         51.39599  6.13667   1         618       179       0         0         86400     28800     64800     
30        0         51.26794  5.77790   1         717       217       0         8086      86400     42629     49829     
31        1         52.02144  6.68553   1         1099      116       0         9474      86400     42206     49406     
32        1         52.10054  5.76620   0         1117      0         355       0         79894     28800     64800     
33        0         51.46204  5.97773   1         677       158       0         24395     86400     57039     64239     
34        0         51.27884  6.44842   0         670       0         307       0         73603     28800     64800     
35        0         51.07537  5.77390   0         790       0         422       0         82097     28800     64800     
36        1         51.83717  6.27252   0         1073      0         128       0         63164     28800     64800     
37        0         51.33845  6.24823   0         1194      0         260       0         76307     28800     64800     
38        0         51.74693  6.28627   0         1004      0         162       0         77414     41499     48699     
39        0         51.06096  6.68729   0         650       0         593       0         78230     28800     64800     
40        0         51.52435  5.95650   0         748       0         395       0         82488     43799     50999     
41        1         52.03141  5.85227   1         1149      592       0         30783     86400     28800     64800     
42        0         51.43937  6.25719   1         824       551       0         10466     86400     46658     53858     
43        0         51.06941  5.88605   0         696       0         186       0         69207     28800     64800     
44        1         51.64638  6.07958   0         1158      0         557       0         86400     28800     64800     
45        0         51.63652  5.77882   1         1059      156       0         3014      86400     41402     48602     
46        0         51.31877  6.15582   0         791       0         453       0         63331     56869     64069     
47        0         51.10224  6.05490   0         946       0         269       0         76333     28800     64800     
48        0         51.46176  6.24650   1         1192      129       0         6905      86400     47603     54803     
49        0         51.28631  6.68972   0         887       0         111       0         86400     28800     64800     
50        0         51.04974  6.51679   1         692       517       0         0         86400     28800     64800     
51        0         51.82886  6.38874   0         1128      0         377       0         81400     40277     47477     
52        0         51.66011  6.40795   1         779       423       0         22000     86400     34837     42037     
53        0         51.38522  5.78837   1         720       50        0         5408      86400     28800     64800     
54        0         51.01937  6.32030   0         604       0         154       0         76532     47886     55086     
55        0         51.14964  6.10988   1         701       120       0         0         86400     50769     57969     
56        0         51.11579  5.93670   1         720       249       0         3421      86400     28800     64800     
57        1         52.11638  6.01435   0         1025      0         235       0         86400     33546     40746     
58        0         51.22662  6.06495   0         657       0         276       0         86400     28800     64800     
59        1         51.69527  5.81559   0         678       0         520       0         72535     28800     64800     
60        1         52.14871  6.25628   1         749       216       0         21050     86400     52813     60013     
61        0         51.35939  6.51961   0         988       0         494       0         84956     52469     59669     
62        0         51.38514  6.52017   0         1033      0         365       0         76192     28800     64800     
63        0         51.12845  6.07238   1         970       452       0         203       86400     46824     54024     
64        0         51.48543  6.07927   1         1027      435       0         21443     86400     55920     63120     
65        1         51.77537  6.45750   0         1107      0         87        0         71786     38044     45244     
66        0         51.09795  6.20050   1         1011      466       0         23324     86400     28800     64800     
67        1         52.00058  6.42600   1         625       95        0         13158     86400     28800     64800     
68        0         51.61779  6.65297   0         795       0         209       0         86400     33800     41000     
69        1         51.94689  6.54848   0         705       0         89        0         66176     28984     36184     
70        1         51.82648  5.77056   1         710       136       0         32060     86400     29930     46460     
71        1         51.69840  6.24908   0         901       0         510       0         84799     28800     64800     
72        0         51.11925  6.45298   0         1176      0         547       0         76647     56935     64135     
73        0         51.48441  5.94046   0         1044      0         597       0         86400     29821     37021     
74        1         51.82500  6.02010   1         1172      235       0         0         86400     28800     64800     
75        0         51.10454  6.63786   1         936       375       0         13465     86400     44728     51928     
76        0         51.59889  6.16107   1         678       105       0         0         86400     28800     64800     
