P_75_0 2 4 8 77

[Vehicle Types] - ID_veh_type, fixed_cost, variable_cost, Speed, Capacity, alpha, beta, max_time, max_drive_time
0	0	1.5	80	3200	2400	2800	54000	22000
1	0	2.2	50	7000	6000	6200	54000	32400

[Number of Vehicle Types] - ID_veh_type, ID_depot, number_of_vehicles
0	0	7
1	0	7
0	1	7
1	1	7

[Scheduled Lines] - ID_from, ID_to, cost_per_req, capacity, dep_time, arr_time
0	1	0.1	8000	4386	6334
0	1	0.1	8000	24681	26629
0	1	0.1	8000	54527	56475
0	1	0.1	8000	75274	77222
1	0	0.1	8000	4386	6334
1	0	0.1	8000	24681	26629
1	0	0.1	8000	54527	56475
1	0	0.1	8000	75274	77222

[Nodes/requests]: ID_node, ID_depot, lat, long, type, service_time, q_del, q_col, tw_depot_start, tw_depot_end, tw_cust_start, tw_cust_end
0         0         51.60510  5.98120   -1         0         0         0         0         86400     0         86400
1         1         51.74115  6.35244   -1         0         0         0         0         86400     0         86400
2         1         51.57407  6.16391   1         722       118       0         10953     86400     28800     64800     
3         1         51.89423  5.82679   1         711       598       0         24645     86400     55780     62980     
4         0         52.05796  6.36874   0         857       0         391       0         77983     28800     64800     
5         1         51.23996  6.35717   0         920       0         340       0         85743     28800     64800     
6         1         51.77394  6.33400   1         769       355       0         10921     86400     34096     41296     
7         1         51.48102  6.72027   0         760       0         332       0         79677     28800     64800     
8         1         51.83745  6.25315   0         950       0         410       0         84258     28800     64800     
9         1         51.78685  6.27598   0         679       0         440       0         86400     52760     59960     
10        1         52.16554  5.91968   1         690       451       0         9022      86400     34021     41221     
11        0         51.04055  5.86504   1         1140      237       0         10139     86400     28800     64800     
12        0         51.30645  6.39651   0         1136      0         372       0         71024     28800     64800     
13        0         51.11268  6.25795   1         1021      129       0         9551      86400     48277     55477     
14        1         52.09656  6.67986   1         775       237       0         23376     86400     53171     60371     
15        0         51.23751  5.80069   0         767       0         564       0         86400     28800     64800     
16        1         52.06335  5.82053   0         1056      0         437       0         74010     37329     44529     
17        1         51.58456  6.73662   1         1196      142       0         0         86400     31907     39107     
18        1         51.53366  6.09777   1         893       287       0         20576     86400     44120     51320     
19        1         51.99551  6.68107   0         1167      0         111       0         78765     45880     53080     
20        1         52.23797  6.31567   1         953       262       0         20768     86400     28800     64800     
21        1         52.10332  6.61069   0         1080      0         474       0         67866     54291     61491     
22        0         51.05383  6.21417   1         877       533       0         0         86400     28800     64800     
23        0         52.23460  5.80496   1         895       406       0         14255     86400     39027     46227     
24        1         51.62388  6.20018   0         758       0         458       0         77828     28800     64800     
25        1         51.91123  6.25434   0         1111      0         417       0         66200     31610     38810     
26        1         51.10796  6.38767   0         1174      0         483       0         68653     55862     63062     
27        0         51.47523  5.87624   0         665       0         568       0         78708     31291     38491     
28        0         51.18266  6.19624   1         884       264       0         11341     86400     55960     63160     
29        0         51.54859  6.61271   1         1091      362       0         14997     86400     28800     64800     
30        0         52.20618  5.76558   0         680       0         532       0         71119     28800     64800     
31        0         52.19438  6.37326   0         1012      0         571       0         86400     41273     48473     
32        1         51.83590  6.63376   1         651       123       0         11356     86400     28800     64800     
33        1         52.19088  5.84851   0         977       0         448       0         61512     56257     63457     
34        0         51.16329  5.75427   1         731       171       0         9590      86400     54257     61457     
35        0         51.86342  5.91009   0         614       0         412       0         62457     49956     57156     
36        0         51.95014  5.76458   1         1164      235       0         0         86400     50902     58102     
37        0         51.35954  6.09097   1         712       78        0         21358     86400     34945     42145     
38        1         51.62905  6.71015   0         997       0         534       0         82303     28800     64800     
39        1         51.56318  6.34575   0         648       0         156       0         63261     38034     45234     
40        0         51.01382  6.65835   0         1077      0         434       0         65944     31655     38855     
41        0         51.65296  6.19646   1         1027      491       0         16300     86400     28800     64800     
42        1         51.84949  6.10548   1         968       140       0         31156     86400     28800     64800     
43        0         51.79433  6.63087   0         934       0         523       0         84989     28800     64800     
44        0         51.91087  5.89731   0         1024      0         97        0         86400     28800     64800     
45        1         51.48975  5.76796   1         872       105       0         0         86400     28800     64800     
46        1         51.22551  5.82960   1         908       495       0         2802      86400     55103     62303     
47        1         51.97177  6.52901   0         708       0         510       0         85629     29956     37156     
48        1         52.11528  6.04941   0         952       0         296       0         85959     28800     64800     
49        0         51.37249  6.11186   1         1108      429       0         0         86400     28957     36157     
50        0         52.00484  5.81945   1         680       243       0         0         86400     28800     64800     
51        1         51.27069  6.62772   1         849       499       0         6877      86400     28800     64800     
52        0         51.37310  6.41012   0         855       0         386       0         83163     28800     64800     
53        0         51.26331  6.65118   1         961       341       0         26863     86400     36261     43461     
54        0         51.68973  6.19257   0         870       0         502       0         66032     28800     64800     
55        0         51.47557  6.13101   1         775       400       0         0         86400     37231     44431     
56        0         51.03716  6.16179   1         654       399       0         5754      86400     53590     60790     
57        1         51.61785  6.25457   1         879       285       0         12683     86400     54192     61392     
58        1         52.09945  6.23609   1         1155      277       0         9450      86400     28800     64800     
59        0         51.09561  6.49229   0         1078      0         174       0         76602     29498     36698     
60        1         51.10220  6.06779   0         923       0         216       0         72801     28800     64800     
61        1         51.14354  6.05032   0         983       0         79        0         86400     57269     64469     
62        1         51.22652  5.88609   1         1166      310       0         22536     86400     37983     45183     
63        1         52.01944  6.59198   0         876       0         272       0         74145     28800     64800     
64        1         51.98393  6.17378   0         718       0         487       0         86400     28800     64800     
65        1         51.27398  6.05617   0         763       0         205       0         67069     28800     64800     
66        1         51.97829  6.14732   1         1088      553       0         11783     86400     28800     64800     
67        0         51.83018  6.25506   0         997       0         482       0         71668     57208     64408     
68        0         51.17554  6.19748   1         756       581       0         11645     86400     28800     64800     
69        0         51.23974  6.56960   1         705       324       0         15917     86400     38242     45442     
70        1         51.73764  6.47747   0         619       0         412       0         62749     56577     63777     
71        1         51.55511  6.28826   0         998       0         143       0         67955     28800     64800     
72        1         51.37089  6.30357   0         941       0         547       0         86400     28800     64800     
73        0         51.95614  5.82200   1         740       574       0         1342      86400     28800     64800     
74        1         51.76983  6.40265   0         705       0         233       0         86400     55081     62281     
75        0         51.55603  6.43943   0         1041      0         505       0         68789     54554     61754     
76        1         51.64581  5.95842   0         835       0         495       0         78314     28800     64800     
