P_75_2 2 4 8 77

[Vehicle Types] - ID_veh_type, fixed_cost, variable_cost, Speed, Capacity, alpha, beta, max_time, max_drive_time
0	0	1.5	80	3200	2400	2800	54000	22000
1	0	2.2	50	7000	6000	6200	54000	32400

[Number of Vehicle Types] - ID_veh_type, ID_depot, number_of_vehicles
0	0	7
1	0	7
0	1	7
1	1	7

[Scheduled Lines] - ID_from, ID_to, cost_per_req, capacity, dep_time, arr_time
0	1	0.1	8000	4386	6334
0	1	0.1	8000	24681	26629
0	1	0.1	8000	54527	56475
0	1	0.1	8000	75274	77222
1	0	0.1	8000	4386	6334
1	0	0.1	8000	24681	26629
1	0	0.1	8000	54527	56475
1	0	0.1	8000	75274	77222

[Nodes/requests]: ID_node, ID_depot, lat, long, type, service_time, q_del, q_col, tw_depot_start, tw_depot_end, tw_cust_start, tw_cust_end
0         0         51.10214  6.00263   -1         0         0         0         0         86400     0         86400
1         1         51.90149  6.40085   -1         0         0         0         0         86400     0         86400
2         1         51.79147  6.35549   1         1168      77        0         9387      86400     28800     64800     
3         1         51.81832  6.07802   0         975       0         484       0         86400     28800     64800     
4         0         51.12274  5.75906   0         1045      0         90        0         63648     37835     45035     
5         1         51.03147  6.43784   1         1034      235       0         18162     86400     51162     58362     
6         1         51.69239  6.70315   1         984       293       0         22409     86400     43638     50838     
7         1         51.56551  6.39570   0         900       0         166       0         72100     36620     43820     
8         0         52.01736  5.83153   1         927       536       0         21508     86400     28800     64800     
9         1         52.03962  5.99844   1         1146      593       0         7487      86400     28800     64800     
10        1         51.69338  6.39396   1         861       228       0         3673      86400     44161     51361     
11        1         51.88858  6.73425   1         1154      194       0         0         86400     28800     64800     
12        0         51.24341  5.87535   0         660       0         339       0         68102     28800     64800     
13        1         51.96816  5.99042   0         794       0         151       0         86400     28800     64800     
14        0         51.52116  6.46911   0         904       0         549       0         86400     47622     54822     
15        1         52.09145  5.75472   0         641       0         526       0         77804     44965     52165     
16        1         51.46617  5.99012   0         1119      0         79        0         86400     28800     64800     
17        1         51.60443  6.65634   0         659       0         412       0         74291     52493     59693     
18        0         51.09452  6.59179   0         753       0         403       0         86400     38381     45581     
19        1         51.40887  6.38091   1         740       447       0         4408      86400     53231     60431     
20        0         51.64520  6.58493   0         613       0         597       0         78471     54456     61656     
21        0         51.07281  6.10826   0         739       0         434       0         79870     51133     58333     
22        1         51.74685  6.39204   0         1109      0         500       0         83364     31945     39145     
23        0         51.64642  5.96597   1         1058      446       0         9230      86400     54071     61271     
24        0         51.64912  5.97124   0         1107      0         112       0         72162     48500     55700     
25        1         51.51210  6.52221   0         1106      0         481       0         86400     28800     64800     
26        1         51.96727  5.80345   0         932       0         482       0         86400     41799     48999     
27        0         51.51920  6.25310   0         1114      0         500       0         83655     39291     46491     
28        0         51.70291  6.68700   0         742       0         63        0         86400     28800     64800     
29        0         51.94572  5.75689   0         748       0         360       0         72628     43316     50516     
30        1         51.38330  6.54075   1         745       482       0         8749      86400     28800     64800     
31        1         51.84527  6.42443   0         877       0         542       0         86400     39394     46594     
32        1         51.17074  5.76189   0         1119      0         449       0         71526     28800     64800     
33        1         52.20516  6.40592   0         630       0         401       0         76493     41646     48846     
34        1         51.22361  6.26697   1         1042      121       0         31722     86400     28800     64800     
35        0         51.03475  6.13098   1         1036      469       0         25408     86400     29287     39808     
36        0         51.10889  5.83977   0         637       0         534       0         86400     56732     63932     
37        0         51.33047  6.57763   1         1177      61        0         3878      86400     38346     45546     
38        1         51.87645  6.23281   1         922       499       0         6746      86400     44920     52120     
39        0         52.09940  6.11298   1         619       97        0         0         86400     29918     37118     
40        1         52.09962  6.74716   0         812       0         140       0         76947     41112     48312     
41        1         51.96572  6.16404   0         761       0         492       0         77191     28800     64800     
42        0         51.65861  5.92179   1         864       255       0         10662     86400     41958     49158     
43        1         51.57245  5.97290   0         926       0         334       0         68932     56908     64108     
44        0         51.17923  6.49063   0         652       0         111       0         86400     28800     64800     
45        0         51.44137  6.49143   1         1080      250       0         21239     86400     28800     64800     
46        1         51.82835  6.21721   1         748       58        0         0         86400     28800     64800     
47        0         51.73628  5.97279   1         886       584       0         22662     86400     28800     64800     
48        0         51.17911  6.53529   0         1086      0         60        0         68522     28800     64800     
49        1         51.04687  6.64171   1         1166      371       0         5163      86400     28800     64800     
50        1         52.10168  6.16360   0         1108      0         317       0         70177     28800     64800     
51        1         52.03981  6.55136   0         885       0         498       0         74374     28800     64800     
52        1         51.92432  6.40354   0         1149      0         187       0         86400     42394     49594     
53        1         52.23078  5.79380   1         886       94        0         29533     86400     28800     64800     
54        0         51.09298  6.54791   0         860       0         405       0         86400     42270     49470     
55        0         51.69181  6.68245   1         969       101       0         14753     86400     37834     45034     
56        0         51.35983  5.81869   1         907       333       0         556       86400     49628     56828     
57        0         51.40801  5.98005   0         726       0         576       0         67075     34480     41680     
58        1         51.98680  6.66580   0         682       0         57        0         86400     39234     46434     
59        0         51.01013  5.98648   0         748       0         528       0         86400     28800     64800     
60        1         51.99622  6.18866   0         977       0         227       0         76850     28942     36142     
61        0         51.70580  5.92864   1         654       276       0         10988     86400     28800     64800     
62        0         51.97558  5.95243   1         869       126       0         14339     86400     28800     64800     
63        0         51.44326  6.57429   0         1091      0         404       0         86400     52324     59524     
64        0         51.03508  5.79395   1         1074      196       0         24049     86400     28800     64800     
65        1         51.32564  6.28108   0         1016      0         125       0         79483     36528     43728     
66        1         51.85972  6.57848   1         758       501       0         0         86400     28800     64800     
67        0         51.47794  6.13477   1         900       57        0         9013      86400     45496     52696     
68        0         51.08000  6.24555   1         630       458       0         0         86400     37380     44580     
69        0         52.05126  6.07518   1         855       60        0         0         86400     28800     64800     
70        1         52.06486  6.29680   0         990       0         319       0         66479     28800     64800     
71        0         51.01067  6.36769   0         915       0         62        0         86400     52855     60055     
72        1         51.75010  6.63339   1         914       419       0         26930     86400     28800     64800     
73        0         51.22061  6.12751   1         684       576       0         27042     86400     51033     58233     
74        0         52.04059  6.50956   1         652       280       0         27240     86400     28800     64800     
75        1         51.98342  5.77788   0         1051      0         520       0         63357     33285     40485     
76        1         51.08136  6.32386   1         978       270       0         0         86400     28800     64800     
