BE_FR_4_F 2 6 31 737

[Vehicle Types] - ID_veh_type, fixed_cost, variable_cost, speed, capacity, alpha, beta, max_time, max_drive_time
0         20        1.5       70        3200      2240      2240      46800     32400     
1         20        2.25      50        13600     9520      9520      46800     32400       

[Number of Vehicle Types] - ID_veh_type, ID_depot, number_of_vehicles
0	0	40
0	1	20
0	2	15
1	0	20
1	1	15
1	2	20

[Scheduled Lines] - ID_from, ID_to, cost_per_req, capacity, dep_time, arr_time
0	2	0.021	13600	5400	16200
0	2	0.021	13600	6300	17100
0	2	0.021	13600	63000	73800
0	2	0.021	13600	70200	81000
0	2	0.021	13600	82800	86400
0	1	0.013	13600	2700	9900
0	1	0.013	13600	9000	16200
0	1	0.013	13600	64800	72000
0	1	0.013	13600	70200	77400
0	1	0.013	13600	77400	84600
2	0	0.021	13600	5400	16200
2	0	0.021	13600	63000	73800
2	0	0.021	13600	69300	80100
2	0	0.021	13600	76500	86400
2	0	0.021	13600	79200	86400
2	1	0.011	13600	0	7200
2	1	0.011	13600	0	7200
2	1	0.011	13600	9000	16200
2	1	0.011	13600	63000	72000
2	1	0.011	13600	66600	73800
2	1	0.011	13600	68400	75600
2	1	0.011	13600	72900	80100
1	2	0.011	13600	8100	15300
1	2	0.011	13600	9900	17100
1	2	0.011	13600	63900	71100
1	2	0.011	13600	68400	75600
1	2	0.011	13600	76500	83700
1	0	0.013	13600	0	7200
1	0	0.013	13600	61200	68400
1	0	0.013	13600	68400	75600
1	0	0.013	13600	79200	86400

[Nodes/requests]: ID_node, ID_depot, lat, long, type, service_time, q_del, q_col, tw_depot_start, tw_depot_end, tw_cust_start, tw_cust_end, PC
0         0         50.63440  6.00660   -1        0         0         0         0         86400     0         86400
1         1         51.05955  4.42454   -1        0         0         0         0         86400     0         86400
2         2         50.80958  3.33194   -1        0         0         0         0         86400     0         86400
3         0         50.11250  4.64303   1         790       499       0         0         86400     28800     64800               
4         0         50.19618  5.33464   0         682       0         744       0         50976     28800     61199               
5         0         50.24769  5.37688   1         874       700       0         0         86400     28800     64800               
6         1         50.25118  5.28331   1         857       398       0         0         86400     28800     64800               
7         0         50.23871  4.86475   1         861       1448      0         0         86400     28800     64800               
8         0         50.26178  4.30739   1         697       77        0         0         86400     28800     57600               
9         0         50.23632  4.32474   1         798       82        0         0         86400     28800     64800               
10        0         50.28263  4.96351   1         829       20        0         0         86400     28800     64800               
11        0         50.29468  5.06953   1         964       338       0         0         86400     28800     64800               
12        1         50.34748  6.17686   1         919       334       0         0         86400     28800     64800               
13        0         50.41645  5.68147   1         1065      98        0         0         86400     28800     57600               
14        0         50.42309  4.50229   1         1030      334       0         0         86400     28800     64800               
15        0         50.40523  4.43475   1         849       66        0         8450      86400     28800     64800               
16        0         50.41938  4.51312   1         697       286       0         0         86400     28800     64800               
17        0         50.42721  4.53183   1         825       179       0         16705     86400     28800     64800               
18        0         50.42052  3.85984   1         672       237       0         0         86400     28800     64800               
19        1         50.42714  5.14062   1         782       98        0         0         86400     28800     64800               
20        2         50.46046  3.92838   1         604       29        0         0         86400     28800     36000               
21        0         50.45201  4.61950   1         926       606       0         0         86400     28800     64800               
22        0         50.42719  4.47571   0         815       0         20        0         86400     28800     57600               
23        0         50.43188  4.51121   1         750       127       0         0         86400     28800     64800               
24        0         50.46729  6.20182   0         875       0         2252      0         86400     50399     52200               
25        1         50.46620  6.20192   0         789       0         638       0         86400     28800     64800               
26        1         50.47407  6.16013   0         665       0         2267      0         86400     50399     52200               
27        0         50.50611  6.20420   1         715       1001      0         0         86400     28800     64800               
28        0         50.46141  5.54165   1         944       161       0         15721     86400     28800     64800               
29        2         50.47169  5.10703   1         574       359       0         0         86400     28800     64800               
30        1         50.46483  5.71982   1         921       407       0         0         86400     28800     64800               
31        1         50.46552  5.69087   1         872       337       0         0         86400     28800     57600               
32        2         50.53003  4.21067   1         723       269       0         0         86400     28800     64800               
33        0         50.49625  5.87508   1         831       59        0         0         86400     28800     64800               
34        0         50.51210  4.18476   0         829       0         743       0         86400     28800     55799               
35        0         50.51260  5.11715   1         679       327       0         26577     86400     28800     64800               
36        1         50.50686  4.24521   0         920       0         3090      0         86400     43200     50399               
37        1         50.48504  4.25299   0         749       0         521       0         86400     43200     50399               
38        2         50.50688  4.28873   0         759       0         1883      0         86400     43200     50399               
39        0         50.54365  5.64617   0         847       0         104       0         59215     28800     64800               
40        0         50.49230  4.96964   0         631       0         1081      0         86400     28800     61199               
41        0         50.53068  4.95670   0         819       0         1163      0         86400     28800     64800               
42        1         50.53585  4.94450   0         794       0         755       0         86400     28800     61199               
43        0         50.52167  5.45529   1         1109      228       0         0         86400     28800     57600               
44        1         50.55401  5.23480   1         823       193       0         0         86400     28800     64800               
45        0         50.54153  6.22317   1         829       312       0         29628     86400     28800     64800               
46        0         50.56319  5.51061   1         794       28        0         0         86400     28800     57600               
47        0         50.55955  5.37804   0         717       0         887       0         47902     34199     61199               
48        1         50.55226  5.36875   0         893       0         1413      0         86400     32400     61199               
49        2         50.58030  5.59471   1         1062      70        0         0         86400     28800     64800               
50        0         50.57842  6.23640   1         590       199       0         0         86400     28800     64800               
51        0         50.59779  6.26892   1         856       107       0         6663      86400     28800     64800               
52        0         50.57720  6.23974   1         848       1138      0         7136      86400     28800     64800               
53        1         50.59703  3.35522   0         833       0         73        0         86400     28800     57600               
54        0         50.61095  5.27119   1         972       250       0         0         86400     28800     64800               
55        0         50.57600  6.29964   1         787       145       0         0         86400     28800     64800               
56        2         50.54848  4.98233   1         864       601       0         0         86400     28800     64800               
57        0         50.58702  5.24651   1         840       1513      0         0         86400     28800     64800               
58        0         50.58062  5.87447   1         953       48        0         0         86400     28800     57600               
59        1         50.58402  4.35495   1         985       2187      0         0         86400     28800     64800               
60        2         50.62363  5.37249   1         834       352       0         0         86400     28800     57600               
61        1         50.61761  4.37015   1         708       1473      0         0         86400     28800     64800               
62        1         50.60399  5.91307   0         729       0         384       0         86400     28800     61199               
63        2         50.57161  5.88634   0         863       0         365       0         86400     28800     61199               
64        0         50.61415  5.59695   0         714       0         41        0         55621     28800     57600               
65        0         50.60029  5.54830   0         448       0         115       0         86400     32400     57600               
66        2         50.60197  5.55411   0         989       0         154       0         86400     50399     57600               
67        0         50.63060  6.32977   1         906       484       0         0         86400     28800     64800               
68        0         50.58361  6.31207   1         1034      256       0         15754     86400     28800     64800               
69        0         50.59701  6.32945   1         695       524       0         17105     86400     28800     64800               
70        0         50.64698  3.32688   1         789       909       0         0         86400     28800     64800               
71        0         50.60786  5.54668   1         880       508       0         0         86400     28800     64800               
72        0         50.62628  5.48319   1         1018      121       0         17024     86400     28800     64800               
73        0         50.58917  5.60626   0         664       0         196       0         58003     37800     61199               
74        0         50.61181  6.32459   1         979       71        0         4475      86400     28800     64800               
75        1         50.62559  4.81645   0         792       0         2926      0         86400     28800     61199               
76        1         50.63502  4.78914   0         941       0         3105      0         86400     28800     64800               
77        1         50.58577  4.78171   0         779       0         734       0         86400     50399     61199               
78        2         50.61867  4.80180   0         729       0         1474      0         86400     46800     61199               
79        2         50.62234  3.32038   1         895       914       0         0         86400     28800     64800               
80        0         50.61385  4.34278   1         788       632       0         5007      86400     28800     64800               
81        0         50.64549  4.81290   1         682       50        0         5647      86400     28800     64800               
82        0         50.62142  5.48841   1         738       379       0         0         86400     28800     57600               
83        0         50.63805  5.48674   1         740       367       0         0         86400     28800     64800               
84        0         50.66612  5.54459   1         627       154       0         0         86400     28800     64800               
85        1         50.63415  4.45176   1         865       2513      0         0         86400     28800     54000               
86        1         50.65278  5.73264   0         1036      0         265       0         86400     55799     61199               
87        0         50.62258  6.04390   1         869       134       0         0         86400     28800     64800               
88        0         50.61034  5.84284   0         1004      0         421       0         59188     28800     57600               
89        0         50.61286  5.85357   0         794       0         753       0         86400     28800     57600               
90        1         50.60591  5.87462   0         726       0         89        0         86400     28800     61199               
91        1         50.65497  4.52772   1         900       857       0         0         86400     28800     64800               
92        0         50.64716  5.84154   1         927       385       0         0         86400     28800     64800               
93        2         50.63659  6.02258   0         1070      0         2870      0         86400     52200     59400               
94        1         50.64576  4.65263   0         816       0         2721      0         86400     28800     57600               
95        0         50.64940  5.57676   1         698       96        0         0         86400     39599     64800               
96        1         50.65180  6.01549   0         415       0         472       0         86400     28800     64800               
97        0         50.70209  3.00126   0         810       0         111       0         86400     48600     61199               
98        1         50.63338  4.56036   1         793       307       0         0         86400     28800     64800               
99        1         50.67075  4.60498   1         1111      187       0         0         86400     28800     64800               
100       0         50.68848  5.54606   1         867       495       0         30704     86400     28800     64800               
101       1         50.69040  4.36728   1         855       59        0         0         86400     28800     64800               
102       0         50.69457  5.52355   0         910       0         307       0         86400     28800     61199               
103       0         50.67387  5.55387   0         915       0         302       0         86400     28800     64800               
104       0         50.71320  5.55297   1         885       1399      0         0         86400     28800     64800               
105       1         50.66620  4.48667   1         1015      349       0         0         86400     28800     64800               
106       1         50.70164  4.37810   1         905       281       0         0         86400     28800     64800               
107       0         50.69827  5.58875   1         819       600       0         4993      86400     28800     64800               
108       1         50.69772  4.28407   1         982       3088      0         0         86400     28800     64800               
109       1         50.70561  4.28334   1         822       2297      0         0         86400     28800     64800               
110       0         50.68425  4.31560   1         806       495       0         0         86400     28800     64800               
111       0         50.65253  5.63120   1         967       232       0         0         86400     28800     64800               
112       1         50.66943  4.43270   1         1053      249       0         0         86400     28800     64800               
113       0         50.69107  5.90932   1         1051      440       0         0         86400     28800     64800               
114       0         50.68955  4.65001   1         791       116       0         0         86400     28800     64800               
115       1         50.69485  4.15282   1         714       303       0         0         86400     28800     64800               
116       0         50.69039  4.14834   1         848       184       0         0         86400     28800     64800               
117       0         50.74221  5.61537   0         730       0         308       0         50285     30600     55799               
118       2         50.68855  5.62638   0         695       0         295       0         86400     30600     55799               
119       0         50.69416  6.15265   1         969       3215      0         0         86400     28800     64800               
120       0         50.70658  6.16942   1         921       3162      0         0         86400     28800     64800               
121       0         50.71373  6.08991   1         1015      2876      0         0         86400     28800     64800               
122       1         50.73438  4.22328   1         833       657       0         0         86400     28800     64800               
123       1         50.73247  4.61463   1         995       104       0         0         86400     37800     64800               
124       0         50.72607  6.18800   0         635       0         180       0         86400     28800     50399               
125       2         50.70772  3.20586   0         922       0         1313      0         60731     28800     61199               
126       1         50.71469  3.34621   0         957       0         351       0         86400     28800     61199               
127       0         50.71059  6.17078   1         954       10        0         0         86400     28800     57600               
128       1         50.75216  4.21517   1         914       57        0         0         86400     32400     43200               
129       0         50.74061  4.62695   0         713       0         1453      0         86400     28800     64800               
130       1         50.76647  4.57554   0         795       0         969       0         58737     28800     50399               
131       2         50.75514  3.58053   0         857       0         48        0         86400     28800     39599               
132       1         50.73427  4.57292   1         995       1290      0         0         86400     28800     57600               
133       0         50.73253  4.63351   0         1055      0         256       0         86400     36000     50399               
134       1         50.73354  4.68193   0         779       0         487       0         86400     36000     50399               
135       0         50.70089  6.18358   1         847       318       0         0         86400     28800     57600               
136       0         50.70861  6.17366   1         914       306       0         0         86400     28800     64800               
137       0         50.77328  6.17918   0         898       0         162       0         58827     28800     64800               
138       0         50.71784  3.20073   1         821       9         0         7903      86400     28800     64800               
139       2         50.77832  3.55497   1         761       338       0         6157      86400     28800     64800               
140       0         50.71394  6.12141   1         825       471       0         0         86400     28800     64800               
141       2         50.75656  3.57952   1         803       359       0         4995      86400     28800     64800               
142       0         50.77166  4.26758   1         769       213       0         4807      86400     28800     64800               
143       1         50.74347  5.61579   0         812       0         548       0         86400     28800     43200               
144       0         50.78246  6.16931   1         632       180       0         5093      86400     28800     64800               
145       0         50.76832  6.17434   1         832       541       0         31498     86400     28800     64800               
146       0         50.72823  6.14872   0         927       0         731       0         50206     28800     61199               
147       0         50.73216  6.07792   1         770       1503      0         0         86400     28800     64800               
148       0         50.74420  6.12721   1         838       1904      0         0         86400     28800     64800               
149       0         50.71814  6.08970   1         961       117       0         6154      86400     28800     64800               
150       0         50.75138  6.07154   1         952       123       0         6367      86400     28800     64800               
151       2         50.79645  3.39214   0         1032      0         765       0         86400     28800     61199               
152       0         50.77874  6.08583   1         846       59        0         0         86400     28800     64800               
153       2         50.76118  3.87130   1         850       289       0         0         86400     28800     61199               
154       0         50.73307  6.23299   1         895       902       0         16430     86400     28800     64800               
155       2         50.77271  3.02281   1         860       61        0         0         86400     28800     64800               
156       2         50.78048  2.99286   1         854       59        0         0         86400     32400     64800               
157       0         50.77380  6.09786   1         1036      196       0         0         86400     28800     64800               
158       0         50.75623  6.04996   1         820       192       0         0         86400     28800     64800               
159       0         50.77617  6.11598   1         718       166       0         16951     86400     28800     64800               
160       0         50.79025  6.05754   1         1032      313       0         16374     86400     28800     64800               
161       0         50.80087  6.09233   1         1080      217       0         0         86400     28800     57600               
162       1         50.76549  3.16407   1         683       2840      0         0         86400     28800     32400               
163       1         50.76782  3.21591   1         858       2850      0         0         86400     28800     64800               
164       0         50.75535  6.05991   1         1055      306       0         0         86400     28800     64800               
165       0         50.77338  6.23022   1         745       147       0         7438      86400     28800     64800               
166       2         50.79700  3.19241   1         906       658       0         0         86400     28800     64800               
167       0         50.74651  6.12842   0         620       0         502       0         59130     28800     48600               
168       0         50.78024  6.14905   1         845       3270      0         0         86400     28800     43200               
169       0         50.77071  6.11291   1         794       3136      0         0         86400     28800     43200               
170       0         50.74974  6.14884   1         848       603       0         0         86400     28800     43200               
171       0         50.77707  6.12465   1         800       1312      0         0         86400     28800     64800               
172       2         50.75000  3.02042   0         835       0         167       0         86400     28800     43200               
173       0         50.75795  3.19416   1         969       183       0         0         86400     28800     64800               
174       2         50.79218  3.21862   1         988       2099      0         0         86400     28800     64800               
175       2         50.78024  3.37983   1         767       1397      0         0         86400     28800     64800               
176       0         50.76946  6.03107   1         931       243       0         0         86400     28800     64800               
177       0         50.79734  6.09264   1         1059      128       0         25129     86400     28800     64800               
178       0         50.72486  6.12551   1         857       159       0         15558     86400     28800     64800               
179       0         50.76844  6.01351   1         703       1232      0         0         86400     28800     64800               
180       1         50.76581  3.23672   1         714       209       0         0         86400     28800     61199               
181       0         50.78483  6.10464   1         905       330       0         26859     86400     28800     64800               
182       1         50.79762  4.63535   1         562       30        0         0         86400     28800     64800               
183       0         50.79474  5.45723   1         440       347       0         0         86400     30600     57600               
184       0         50.79940  6.06380   0         769       0         9         0         86400     28800     64800               
185       2         50.78695  6.11684   0         694       0         229       0         86400     28800     64800               
186       1         50.73987  4.34202   1         976       275       0         0         86400     32400     57600               
187       1         50.78416  4.53379   1         899       133       0         5036      86400     28800     64800               
188       0         50.77083  6.11620   1         774       38        0         0         86400     28800     64800               
189       0         50.79860  6.10766   1         766       518       0         0         86400     43200     57600               
190       0         50.78253  6.09912   1         721       29        0         0         86400     28800     64800               
191       2         50.80674  6.13743   0         833       0         1888      0         86400     28800     46800               
192       0         50.77901  6.16316   1         628       2056      0         0         86400     28800     64800               
193       0         50.78753  6.09246   1         556       179       0         0         86400     28800     64800               
194       0         50.78680  5.53324   1         846       195       0         0         86400     28800     64800               
195       0         50.77078  6.22324   1         844       521       0         0         86400     36000     50399               
196       1         50.81057  4.52816   1         1085      163       0         0         86400     28800     64800               
197       0         50.79667  6.07006   1         651       288       0         0         86400     28800     64800               
198       0         50.80118  6.19792   1         656       112       0         0         86400     28800     64800               
199       0         50.78443  5.47223   1         857       3036      0         0         86400     28800     64800               
200       0         50.79869  5.55367   1         835       2875      0         0         86400     30600     57600               
201       1         50.81079  5.49930   1         843       182       0         0         86400     28800     64800               
202       1         50.80363  5.48300   1         756       184       0         0         86400     30600     57600               
203       0         50.76425  6.07703   1         681       1109      0         0         86400     28800     64800               
204       2         50.75698  3.87156   1         800       217       0         0         86400     28800     64800               
205       1         50.80376  3.89438   0         726       0         952       0         86400     28800     61199               
206       2         50.75664  6.13032   0         911       0         51        0         86400     28800     64800               
207       2         50.80627  6.11997   0         758       0         110       0         86400     48600     57600               
208       0         50.79618  6.07938   1         1074      146       0         6343      86400     28800     64800               
209       0         50.76390  6.08597   0         815       0         1486      0         86400     28800     43200               
210       0         50.79254  6.40045   1         1031      79        0         0         86400     28800     57600               
211       0         50.75164  6.37734   1         933       83        0         0         86400     28800     64800               
212       0         50.79841  6.12622   1         723       309       0         0         86400     28800     64800               
213       0         50.82773  6.10215   1         931       304       0         0         86400     32400     50399               
214       0         50.78532  6.09716   1         718       798       0         0         86400     28800     64800               
215       0         50.79455  6.12499   1         603       322       0         0         86400     28800     64800               
216       2         50.81489  3.17663   1         852       385       0         0         86400     28800     64800               
217       0         50.76984  6.17192   1         805       2231      0         31955     86400     28800     64800               
218       1         50.82683  4.31139   1         931       270       0         10844     86400     28800     64800               
219       0         50.80883  6.16643   1         755       667       0         0         86400     28800     64800               
220       0         50.77317  6.09698   1         1001      633       0         0         86400     36000     43200               
221       0         50.80255  6.17198   0         699       0         2049      0         86400     53099     55799               
222       0         50.81951  6.16168   1         953       211       0         0         86400     28800     43200               
223       0         50.84648  6.16244   1         816       219       0         0         86400     28800     64800               
224       0         50.82928  6.18925   1         833       599       0         0         86400     28800     64800               
225       0         50.78955  6.25175   1         793       126       0         15301     86400     28800     64800               
226       0         50.82549  6.24462   1         819       190       0         15542     86400     28800     64800               
227       1         50.84221  3.23246   1         1104      1517      0         0         86400     28800     64800               
228       0         50.84628  6.14289   1         874       3135      0         0         86400     28800     64800               
229       0         50.81334  6.28228   1         837       194       0         7350      86400     28800     64800               
230       2         50.79839  3.07939   0         769       0         39        0         86400     28800     61199               
231       2         50.82431  3.29361   1         756       3113      0         0         86400     28800     64800               
232       2         50.81570  3.32985   1         864       521       0         0         86400     28800     64800               
233       0         50.83047  4.32357   0         746       0         276       0         86400     32400     57600               
234       1         50.80899  4.28526   0         775       0         268       0         86400     32400     57600               
235       0         50.84670  6.27116   1         825       357       0         26319     86400     28800     64800               
236       0         50.79937  6.29863   1         818       197       0         6142      86400     28800     64800               
237       1         50.87828  4.41747   1         814       41        0         10815     86400     28800     64800               
238       0         50.77664  4.31472   0         804       0         123       0         86400     28800     64800               
239       0         50.78166  4.32057   0         924       0         122       0         86400     34199     59400               
240       0         50.84960  6.09202   1         787       67        0         0         86400     28800     64800               
241       1         50.79973  4.32076   1         994       61        0         3989      86400     28800     64800               
242       0         50.85233  6.30915   1         921       343       0         0         86400     28800     64800               
243       1         50.84382  3.29243   0         691       0         172       0         86400     28800     55799               
244       1         50.81570  3.32267   0         728       0         744       0         86400     28800     57600               
245       0         50.81019  3.29892   1         636       20        0         8609      86400     28800     64800               
246       2         50.81945  3.32819   1         946       734       0         6239      86400     28800     64800               
247       1         50.79684  4.36851   1         859       126       0         0         86400     28800     64800               
248       0         50.84300  6.23853   1         1059      3255      0         0         86400     28800     64800               
249       0         50.81469  6.25389   1         1032      2661      0         0         86400     28800     64800               
250       0         50.85461  6.09952   0         807       0         240       0         86400     32400     61199               
251       2         50.81991  3.28071   1         1014      158       0         0         86400     28800     64800               
252       0         50.81838  6.07213   0         1008      0         338       0         54825     28800     54000               
253       0         50.79972  6.12321   1         719       202       0         0         86400     28800     64800               
254       2         50.79849  3.36563   1         856       322       0         0         86400     28800     64800               
255       1         50.84850  4.29189   1         799       1006      0         0         86400     28800     64800               
256       0         50.82778  6.08829   0         964       0         751       0         86400     32400     54000               
257       2         50.82136  3.29053   1         822       1446      0         6268      86400     28800     64800               
258       1         50.82824  3.60984   0         773       0         1814      0         86400     28800     50399               
259       0         50.81268  6.19131   1         939       321       0         0         86400     28800     64800               
260       0         50.82786  3.37227   1         913       340       0         0         86400     28800     64800               
261       0         50.84315  6.29741   1         752       584       0         26109     86400     28800     64800               
262       0         50.79846  6.33428   1         797       62        0         16875     86400     28800     64800               
263       2         50.83756  3.27159   1         970       50        0         6212      86400     28800     64800               
264       0         50.84961  6.03782   1         745       20        0         0         86400     28800     32340               
265       0         50.83775  6.03933   1         868       19        0         0         86400     28800     64800               
266       0         50.84444  6.35367   1         629       223       0         26705     86400     28800     64800               
267       0         50.83782  3.51908   1         756       88        0         0         86400     28800     64800               
268       0         50.85037  4.42952   1         667       328       0         0         86400     28800     61199               
269       0         50.82490  4.40215   1         687       313       0         0         86400     28800     64800               
270       1         50.85413  3.13413   1         841       516       0         0         86400     28800     43200               
271       1         50.82425  3.14324   1         693       520       0         0         86400     28800     64800               
272       0         50.83121  4.73344   1         681       328       0         0         86400     28800     64800               
273       0         50.84656  6.16544   1         843       522       0         0         86400     28800     57600               
274       2         50.85832  4.33070   0         971       0         304       0         86400     28800     61199               
275       1         50.84586  4.71340   0         876       0         719       0         86400     32400     57600               
276       1         50.85544  4.72279   1         761       105       0         4660      86400     28800     64800               
277       0         50.86247  4.29113   1         929       407       0         0         86400     28800     64800               
278       1         50.83565  4.41387   1         758       68        0         0         86400     28800     61199               
279       2         50.80514  3.60426   1         788       67        0         0         86400     28800     64800               
280       2         50.86132  3.59425   1         1036      346       0         5760      86400     28800     64800               
281       1         50.84930  4.76690   1         1017      103       0         0         86400     28800     64800               
282       2         50.83172  2.83784   1         757       158       0         5205      86400     28800     64800               
283       1         50.86822  3.21637   0         810       0         419       0         86400     28800     61199               
284       0         50.84821  6.09051   1         923       3225      0         0         86400     28800     64800               
285       0         50.87323  6.09375   1         828       1861      0         0         86400     28800     64800               
286       0         50.84550  6.08512   1         893       134       0         6548      86400     28800     64800               
287       0         50.83205  6.21484   1         684       184       0         0         86400     28800     64800               
288       2         50.82160  3.24015   1         857       299       0         6245      86400     28800     64800               
289       2         50.86544  3.40797   1         785       133       0         0         86400     28800     64800               
290       0         50.86861  6.01726   1         857       1428      0         0         86400     28800     64800               
291       1         50.84039  3.20177   1         871       397       0         0         86400     28800     64800               
292       2         50.82562  3.13525   1         979       1074      0         6354      86400     28800     64800               
293       2         50.85752  3.37979   1         955       1450      0         0         86400     28800     64800               
294       0         50.87211  3.60391   0         810       0         3308      0         86400     28800     39599               
295       0         50.87112  3.61916   0         647       0         2781      0         86400     28800     39599               
296       0         50.90100  5.97922   1         943       735       0         0         86400     28800     64800               
297       1         50.87341  4.40047   1         633       132       0         0         86400     28800     64800               
298       1         50.87958  4.38738   1         918       127       0         0         86400     32400     57600               
299       1         50.85778  4.40142   1         1038      19        0         0         86400     54000     61199               
300       0         50.84552  5.50109   1         915       86        0         0         86400     28800     64800               
301       0         50.83877  5.69481   1         849       385       0         6446      86400     28800     64800               
302       1         50.86990  3.22996   0         990       0         510       0         86400     32400     59400               
303       0         50.86551  5.52613   1         862       981       0         26036     86400     28800     64800               
304       0         50.87635  6.03123   1         940       780       0         0         86400     28800     64800               
305       1         50.89896  4.42136   1         929       776       0         4794      86400     28800     64800               
306       0         50.89175  5.83635   1         879       104       0         0         86400     28800     64800               
307       0         50.87722  3.62870   1         671       170       0         0         86400     28800     64800               
308       0         50.86544  3.35449   1         848       1471      0         0         86400     28800     64800               
309       2         50.88039  3.64406   1         848       276       0         0         86400     28800     64800               
310       2         50.83941  2.90252   1         781       51        0         0         86400     28800     64800               
311       1         50.89148  4.35472   1         815       279       0         4915      86400     28800     64800               
312       0         50.88512  6.07160   1         895       19        0         0         86400     43200     57600               
313       0         50.87301  6.40284   0         945       0         70        0         55594     36000     55799               
314       0         50.84635  6.38390   0         605       0         574       0         59464     32400     55799               
315       0         50.90175  6.08912   1         734       955       0         0         86400     28800     64800               
316       0         50.90315  5.68172   1         868       518       0         0         86400     28800     64800               
317       1         50.86361  4.49745   1         830       296       0         4747      86400     28800     64800               
318       1         50.87687  4.49311   1         785       147       0         4880      86400     28800     64800               
319       2         50.86450  5.71769   0         846       0         1728      0         86400     28800     39599               
320       1         50.87036  4.40130   1         917       740       0         0         86400     28800     64800               
321       1         50.86362  4.71578   1         1113      145       0         0         86400     28800     64800               
322       0         50.91430  6.07580   1         854       2521      0         31362     86400     28800     64800               
323       0         50.90307  6.21208   1         816       1454      0         0         86400     28800     64800               
324       1         50.88134  4.44756   0         841       0         539       0         86400     28800     61199               
325       0         50.87807  6.03546   1         847       76        0         16876     86400     28800     64800               
326       1         50.90535  4.45166   1         927       1586      0         0         86400     32400     57600               
327       2         50.89531  3.12774   1         727       72        0         27723     86400     28800     64800               
328       0         50.89970  4.44636   1         1038      60        0         0         86400     28800     64800               
329       2         50.92852  5.66656   0         806       0         338       0         86400     28800     48600               
330       0         50.85924  5.67240   1         920       1367      0         6986      86400     28800     64800               
331       0         50.91012  5.66545   1         852       3034      0         7231      86400     28800     64800               
332       1         50.91330  4.81838   0         779       0         139       0         86400     32400     46800               
333       1         50.86557  4.25094   1         879       39        0         0         86400     28800     64800               
334       0         50.94035  6.37162   1         958       86        0         16881     86400     28800     64800               
335       0         50.87136  4.26518   1         917       637       0         0         86400     28800     64800               
336       0         50.91364  4.27650   1         985       1255      0         0         86400     28800     64800               
337       2         50.90680  3.34378   1         738       131       0         0         86400     28800     64800               
338       1         50.89433  4.43318   1         654       763       0         0         86400     28800     54000               
339       2         50.89139  3.07511   0         763       0         133       0         86400     28800     61199               
340       2         50.89564  3.27525   1         990       972       0         0         86400     28800     64800               
341       1         50.90372  4.43261   1         534       105       0         4158      86400     28800     64800               
342       0         50.89118  4.45369   1         1011      184       0         0         86400     28800     64800               
343       0         50.92951  4.43629   1         930       174       0         6240      86400     28800     64800               
344       1         50.92548  5.33241   1         739       76        0         5064      86400     28800     64800               
345       0         50.91436  5.70926   1         1018      1779      0         16666     86400     28800     64800               
346       1         50.92432  4.45310   1         864       3133      0         0         86400     28800     64800               
347       1         50.92066  4.46824   1         960       1207      0         0         86400     28800     64800               
348       2         50.87123  3.31690   1         830       704       0         0         86400     28800     64800               
349       1         50.90626  4.49805   1         879       41        0         17628     86400     28800     64800               
350       1         50.88807  4.29020   1         969       133       0         0         86400     28800     64800               
351       0         50.90796  6.36892   1         648       144       0         0         86400     28800     64800               
352       1         50.90262  4.01867   0         834       0         123       0         86400     39599     43200               
353       1         50.93360  4.03839   0         907       0         1397      0         86400     50399     57600               
354       2         50.92799  4.07254   0         830       0         159       0         86400     28800     64800               
355       2         50.91527  4.04716   0         719       0         639       0         86400     50399     57600               
356       1         50.94039  4.41571   0         628       0         458       0         86400     28800     43200               
357       0         50.90383  3.29135   1         758       39        0         8133      86400     28800     64800               
358       0         50.89883  5.90586   1         910       276       0         16536     86400     28800     64800               
359       0         50.90685  4.21961   1         768       537       0         0         86400     28800     64800               
360       1         50.92493  4.22150   0         721       0         740       0         86400     39599     61199               
361       1         50.91646  4.68415   1         919       774       0         0         86400     28800     64800               
362       1         50.91105  4.66954   1         785       743       0         0         86400     32400     57600               
363       1         50.92138  5.29347   1         771       1490      0         4978      86400     28800     64800               
364       0         50.91242  6.14225   1         888       83        0         7330      86400     28800     64800               
365       0         50.93928  6.16226   1         904       272       0         25974     86400     28800     64800               
366       0         50.89469  6.13149   0         1012      0         759       0         86400     32400     50399               
367       1         50.93626  4.22787   1         939       184       0         0         86400     28800     64800               
368       1         50.92482  6.17118   0         848       0         119       0         86400     32400     44999               
369       2         50.88853  3.39070   1         751       966       0         0         86400     28800     64800               
370       0         50.95455  6.36928   0         852       0         973       0         86400     43200     61199               
371       0         50.90869  3.13376   1         801       440       0         0         86400     28800     64800               
372       0         50.92769  3.35326   1         688       70        0         0         86400     28800     64800               
373       0         50.92935  6.16508   1         944       2118      0         0         86400     28800     64800               
374       0         50.91624  6.10610   1         860       743       0         27003     86400     28800     64800               
375       0         50.90789  6.13097   0         956       0         194       0         86400     43200     54000               
376       1         50.92944  4.60586   1         933       361       0         0         86400     28800     64800               
377       0         50.93135  6.11475   1         727       1222      0         0         86400     28800     64800               
378       2         50.95712  3.40697   1         831       437       0         0         86400     28800     64800               
379       1         50.96309  5.76798   0         897       0         763       0         81712     36000     61199               
380       0         50.90994  5.79682   1         765       103       0         0         86400     28800     64800               
381       1         50.93942  3.21937   0         623       0         308       0         86400     28800     54000               
382       1         50.95721  3.22197   0         877       0         1110      0         86400     28800     61199               
383       2         50.96757  3.19313   1         916       818       0         0         86400     28800     64800               
384       2         50.90564  3.21968   0         918       0         69        0         86400     44999     61199               
385       0         50.93967  3.34521   1         955       218       0         0         86400     28800     61199               
386       0         50.94048  3.36615   1         1074      235       0         0         86400     28800     64800               
387       0         50.93177  5.79224   0         799       0         1615      0         86400     28800     61199               
388       2         50.93845  3.63978   1         815       511       0         0         86400     28800     64800               
389       2         50.95531  3.61099   1         852       546       0         0         86400     30600     43200               
390       2         50.93562  3.94806   1         808       907       0         0         86400     28800     64800               
391       0         50.93187  6.34926   1         899       103       0         0         86400     28800     57600               
392       2         50.94231  3.19473   1         824       617       0         27456     86400     28800     64800               
393       0         50.92291  3.98396   0         998       0         332       0         86400     28800     43200               
394       0         50.92195  3.96645   0         780       0         342       0         86400     32400     39599               
395       0         50.92141  3.96228   0         949       0         292       0         86400     34199     43200               
396       1         50.94142  3.97970   0         825       0         111       0         86400     28800     43200               
397       1         50.93555  3.98811   0         834       0         1072      0         86400     32400     39599               
398       1         50.92578  3.94402   0         856       0         282       0         86400     34199     43200               
399       2         50.95022  3.98637   0         524       0         248       0         86400     28800     43200               
400       2         50.93395  3.94982   0         999       0         289       0         86400     32400     39599               
401       2         50.96685  3.95994   0         863       0         249       0         86400     34199     43200               
402       2         50.92996  3.98210   0         937       0         120       0         86400     39599     43200               
403       2         50.96310  3.94999   0         861       0         143       0         86400     43200     54000               
404       0         50.92798  6.32761   1         807       197       0         0         86400     28800     64800               
405       1         50.97034  3.41175   1         834       184       0         0         86400     28800     64800               
406       0         50.93579  5.91553   0         966       0         741       0         48198     28800     57600               
407       0         50.94306  5.95705   0         1229      0         746       0         48400     28800     57600               
408       0         50.95898  5.92308   0         843       0         351       0         49532     28800     57600               
409       0         50.92844  5.92884   0         896       0         732       0         51635     43200     57600               
410       0         50.91073  5.95507   0         778       0         706       0         59330     43200     57600               
411       0         50.93171  5.96050   0         815       0         1463      0         73098     43200     57600               
412       0         50.90900  5.93453   0         924       0         1820      0         86400     43200     57600               
413       1         50.88996  5.94919   0         669       0         2680      0         86400     43200     57600               
414       2         50.92698  5.96772   0         757       0         887       0         86400     43200     57600               
415       1         50.89098  5.36763   1         751       1251      0         4019      86400     28800     64800               
416       2         50.90396  3.64855   0         887       0         167       0         86400     28800     64800               
417       1         50.90686  4.41618   1         770       1840      0         0         86400     28800     64800               
418       0         50.93743  3.03991   1         788       69        0         0         86400     28800     64800               
419       0         50.94521  3.06518   1         894       254       0         0         86400     28800     64800               
420       0         50.93390  6.35868   1         507       1445      0         0         86400     28800     64800               
421       0         50.90713  3.27396   1         861       356       0         0         86400     28800     64800               
422       1         50.95646  3.68672   0         923       0         1413      0         86400     28800     50399               
423       0         50.93845  5.92023   1         680       557       0         0         86400     28800     64800               
424       1         50.92913  5.82539   1         813       228       0         0         86400     28800     57600               
425       1         50.88919  5.79978   1         1078      236       0         0         86400     28800     64800               
426       0         50.92321  3.10848   1         992       67        0         8535      86400     28800     64800               
427       1         50.92945  4.44370   0         929       0         736       0         86400     36000     61199               
428       1         50.93008  4.45778   1         921       289       0         0         86400     28800     64800               
429       1         50.96090  4.43280   1         901       1414      0         0         86400     28800     64800               
430       1         50.95218  4.42399   1         908       1373      0         0         86400     32400     46800               
431       2         50.97227  3.07854   1         589       1503      0         0         86400     28800     64800               
432       1         50.94244  3.11011   0         782       0         322       0         86400     28800     50399               
433       0         50.93059  4.44774   1         936       539       0         0         86400     28800     43200               
434       0         50.92542  4.41795   1         437       529       0         0         86400     28800     64800               
435       0         50.93135  5.33492   1         681       9         0         5589      86400     28800     64800               
436       0         50.91779  5.78006   1         995       103       0         0         86400     28800     64800               
437       2         50.95281  3.58981   1         793       183       0         0         86400     28800     64800               
438       1         50.94570  4.40551   1         867       353       0         4806      86400     28800     64800               
439       1         50.93528  4.45314   1         792       249       0         5012      86400     28800     64800               
440       2         50.97440  2.89434   1         588       324       0         0         86400     28800     64800               
441       2         50.96550  3.16575   1         686       568       0         27442     86400     28800     64800               
442       0         50.93931  5.78169   1         812       321       0         0         86400     28800     64800               
443       1         50.92309  4.56598   1         966       1088      0         0         86400     28800     64800               
444       0         50.95315  5.76555   1         689       958       0         0         86400     28800     64800               
445       2         50.97118  3.08906   1         908       251       0         0         86400     28800     64800               
446       0         50.94239  6.33057   1         795       262       0         0         86400     28800     57600               
447       2         50.98259  3.11937   0         892       0         773       0         86400     28800     61199               
448       1         50.92641  3.52410   0         825       0         110       0         86400     32400     54000               
449       0         50.96490  4.78800   1         967       118       0         6409      86400     28800     64800               
450       1         50.99914  3.56085   1         954       716       0         0         86400     28800     64800               
451       0         50.98686  5.76707   1         769       105       0         0         86400     28800     64800               
452       0         50.97909  6.26394   1         849       76        0         16866     86400     28800     64800               
453       0         50.97590  6.26425   1         808       108       0         25242     86400     28800     64800               
454       0         51.00473  6.28648   1         1012      679       0         0         86400     28800     64800               
455       1         51.01453  5.45926   1         864       705       0         0         86400     28800     61199               
456       1         50.99282  5.46041   1         733       1297      0         0         86400     28800     64800               
457       0         50.98220  5.81953   1         722       362       0         0         86400     28800     64800               
458       0         50.95459  6.04229   1         884       771       0         0         86400     28800     64800               
459       2         50.98145  3.25054   1         965       127       0         0         86400     28800     64800               
460       2         50.99616  3.19302   1         1016      772       0         0         86400     28800     64800               
461       0         51.01918  5.96410   1         753       2076      0         0         86400     28800     64800               
462       0         51.00631  4.75755   1         582       163       0         0         86400     28800     64800               
463       0         50.96868  5.91548   0         615       0         73        0         86400     28800     61199               
464       0         50.96322  5.80057   1         972       1330      0         0         86400     28800     46800               
465       0         51.01177  5.82877   1         871       1300      0         0         86400     28800     64800               
466       0         51.01497  5.34528   1         871       30        0         5641      86400     28800     64800               
467       1         51.00485  5.50019   1         778       375       0         0         86400     28800     64800               
468       0         50.99018  5.67452   1         935       513       0         0         86400     28800     57600               
469       0         50.96440  5.68101   1         999       507       0         0         86400     28800     64800               
470       2         50.97901  3.70936   1         705       19        0         0         86400     28800     64800               
471       0         51.02316  5.81739   0         545       0         203       0         86400     28800     61199               
472       1         51.00876  5.83393   0         940       0         2320      0         86400     28800     61199               
473       2         50.98498  4.46693   1         998       172       0         0         86400     28800     43200               
474       1         50.99295  4.44032   1         939       310       0         0         86400     28800     54000               
475       1         51.03034  4.48428   1         840       300       0         0         86400     28800     64800               
476       0         51.04332  5.45288   1         639       503       0         0         86400     28800     64800               
477       0         50.97645  4.33050   1         859       259       0         0         86400     28800     64800               
478       0         51.00178  5.03073   1         708       266       0         0         86400     28800     64800               
479       1         51.03452  4.28758   1         1017      803       0         10391     86400     28800     64800               
480       1         51.02990  4.49108   1         691       1793      0         17667     86400     28800     64800               
481       0         51.02784  5.28129   1         673       131       0         0         86400     28800     64800               
482       2         51.03288  3.76671   1         705       356       0         0         86400     28800     64800               
483       2         51.00295  3.11470   1         635       121       0         0         86400     28800     64800               
484       0         51.03802  5.84636   1         900       505       0         0         86400     28800     64800               
485       2         51.03118  3.08709   1         834       104       0         0         86400     28800     64800               
486       2         51.02002  3.69854   1         1030      389       0         5860      86400     28800     64800               
487       2         51.03333  4.15211   1         670       195       0         0         86400     28800     64800               
488       2         51.00975  2.91069   1         870       123       0         0         86400     28800     64800               
489       2         51.01300  2.77821   1         774       1467      0         6228      86400     28800     64800               
490       1         51.02497  4.37008   1         821       115       0         17319     86400     28800     64800               
491       0         51.01526  6.26639   1         1020      1756      0         0         86400     28800     64800               
492       2         51.03914  4.11430   1         843       107       0         0         86400     28800     64800               
493       2         51.03087  4.11467   1         943       121       0         28706     86400     28800     64800               
494       2         51.07190  4.09803   1         959       114       0         28721     86400     28800     64800               
495       1         51.03211  5.57572   1         913       664       0         0         86400     28800     64800               
496       0         51.06399  4.51060   1         748       392       0         0         86400     28800     64800               
497       2         51.04659  2.81836   1         792       121       0         0         86400     28800     64800               
498       0         51.04560  5.78220   1         752       349       0         0         86400     28800     64800               
499       0         51.03211  5.52146   0         735       0         118       0         86400     28800     61199               
500       0         51.00544  5.49412   0         847       0         545       0         86400     28800     64800               
501       2         51.02118  5.54137   0         872       0         1082      0         86400     28800     61199               
502       2         51.02547  5.56630   0         684       0         1656      0         86400     32400     54000               
503       0         51.08093  6.23702   1         926       95        0         0         86400     28800     39599               
504       0         50.99647  6.20515   1         874       101       0         0         86400     28800     64800               
505       2         51.05279  3.61008   1         815       676       0         7697      86400     28800     64800               
506       2         51.03124  3.62167   1         904       329       0         0         86400     28800     64800               
507       2         51.07089  3.37334   1         710       206       0         4874      86400     28800     64800               
508       1         51.06809  5.18917   1         826       328       0         0         86400     28800     43200               
509       0         51.00951  3.01116   1         913       78        0         8605      86400     28800     64800               
510       1         51.04670  3.06713   1         789       532       0         0         86400     28800     64800               
511       1         51.03995  5.22216   1         889       80        0         0         86400     34199     57600               
512       2         51.07149  3.74907   1         720       1480      0         16125     86400     28800     32400               
513       2         51.05706  3.72362   1         766       1523      0         16125     86400     28800     64800               
514       1         51.07050  4.44359   1         1016      1528      0         4774      86400     28800     64800               
515       1         51.02717  4.46516   1         904       709       0         5030      86400     28800     64800               
516       0         51.05866  6.22233   1         833       286       0         0         86400     28800     64800               
517       2         51.02454  3.12453   1         849       228       0         0         86400     28800     64800               
518       0         51.06493  6.15174   1         836       247       0         7343      86400     28800     64800               
519       0         51.06067  6.17940   1         763       1029      0         0         86400     28800     57600               
520       0         51.04382  6.17165   1         707       985       0         0         86400     28800     64800               
521       0         51.02923  5.79361   1         991       230       0         0         86400     28800     64800               
522       0         51.07566  5.82704   1         793       9         0         0         86400     28800     64800               
523       0         51.03547  6.13536   1         822       918       0         7121      86400     28800     64800               
524       1         51.05452  4.24192   1         1026      87        0         0         86400     28800     64800               
525       0         51.07531  4.38394   1         996       135       0         0         86400     28800     64800               
526       0         51.06512  6.26377   1         900       199       0         0         86400     28800     64800               
527       1         51.06890  4.69693   1         1039      449       0         4818      86400     28800     64800               
528       1         51.02663  4.30480   1         792       543       0         0         86400     28800     64800               
529       2         51.06774  5.83207   0         952       0         3090      0         86400     28800     36000               
530       2         51.09864  5.84263   0         725       0         521       0         86400     28800     36000               
531       0         51.07850  6.29895   0         977       0         177       0         50627     28800     55799               
532       0         51.06864  6.30796   0         807       0         73        0         53760     28800     55799               
533       2         51.06351  2.68812   1         767       1484      0         0         86400     28800     64800               
534       2         51.07319  3.69111   1         927       312       0         5984      86400     28800     64800               
535       1         51.04514  4.25964   1         910       742       0         0         86400     28800     64800               
536       0         51.05224  6.10822   1         742       625       0         0         86400     28800     43200               
537       0         51.08403  6.07964   1         772       596       0         0         86400     28800     64800               
538       1         51.06812  4.36961   0         988       0         666       0         86400     28800     61199               
539       0         51.10899  4.36223   1         656       233       0         0         86400     28800     64800               
540       0         51.07554  6.09017   1         802       172       0         0         86400     28800     64800               
541       0         51.08313  4.32155   1         901       121       0         0         86400     28800     64800               
542       0         51.08987  4.31821   1         915       704       0         0         86400     28800     48600               
543       0         51.03921  4.30279   1         765       673       0         0         86400     28800     64800               
544       1         51.02369  4.53406   1         846       189       0         0         86400     28800     64800               
545       0         51.04100  6.12948   0         852       0         929       0         53105     36000     57600               
546       1         51.07638  4.33306   1         797       2956      0         0         86400     28800     43200               
547       1         51.06202  4.30993   1         626       2878      0         0         86400     28800     64800               
548       0         51.12128  6.19225   1         745       1689      0         0         86400     28800     64800               
549       0         51.05368  6.11425   1         865       944       0         16888     86400     28800     64800               
550       0         51.06502  2.68605   1         619       314       0         0         86400     28800     64800               
551       0         51.06834  5.08540   1         790       90        0         0         86400     28800     64800               
552       2         51.06196  3.78064   1         968       115       0         5310      86400     28800     64800               
553       0         51.07139  4.87614   1         840       550       0         0         86400     28800     64800               
554       2         51.07856  3.73096   1         990       1203      0         0         86400     28800     64800               
555       2         51.06752  3.70530   1         700       175       0         0         86400     28800     64800               
556       0         51.06179  6.28261   1         859       346       0         0         86400     28800     64800               
557       1         51.03877  3.78437   1         686       980       0         0         86400     28800     64800               
558       0         51.07435  4.36195   1         941       19        0         0         86400     28800     64800               
559       0         51.04663  3.49127   1         834       181       0         4811      86400     28800     64800               
560       0         51.11933  3.99413   1         1080      587       0         0         86400     28800     64800               
561       0         51.11986  6.16571   1         1018      724       0         6194      86400     28800     64800               
562       0         51.08621  4.00234   1         785       58        0         0         86400     28800     64800               
563       0         51.06422  4.35169   1         902       217       0         0         86400     28800     64800               
564       0         51.07617  5.15402   1         888       96        0         0         86400     28800     64800               
565       1         51.09009  4.05076   0         737       0         903       0         86400     28800     61199               
566       2         51.08989  3.64612   1         801       331       0         0         86400     28800     64800               
567       0         51.09109  4.46020   1         907       142       0         4723      86400     28800     64800               
568       0         51.08921  4.15498   1         756       1003      0         0         86400     28800     64800               
569       2         51.07939  3.67038   1         877       124       0         0         86400     28800     64800               
570       0         51.09142  4.25949   1         999       19        0         0         86400     28800     64800               
571       0         51.11741  3.95803   1         960       39        0         8512      86400     28800     64800               
572       0         51.07874  6.16561   1         1027      380       0         0         86400     28800     43200               
573       2         51.08241  4.01428   1         738       81        0         5072      86400     28800     64800               
574       2         51.07625  4.03658   1         864       2327      0         0         86400     28800     64800               
575       1         51.07517  4.33832   0         889       0         573       0         86400     28800     54000               
576       1         51.14065  4.32455   0         766       0         348       0         86400     28800     61199               
577       0         51.09653  6.15670   1         1099      191       0         6353      86400     28800     64800               
578       0         51.10663  6.13136   1         1029      817       0         16669     86400     28800     64800               
579       1         51.11009  4.36609   0         932       0         858       0         58603     28800     61199               
580       2         51.11864  4.34173   0         772       0         1120      0         86400     57600     61199               
581       1         51.07503  4.65642   1         887       70        0         16763     86400     28800     64800               
582       1         51.08208  4.60015   1         943       481       0         16845     86400     28800     64800               
583       1         51.08126  4.62229   1         926       687       0         16889     86400     28800     64800               
584       0         51.10061  6.05547   0         810       0         115       0         51181     28800     50399               
585       0         51.10824  3.81202   1         948       555       0         0         86400     28800     64800               
586       1         51.10774  4.90969   1         828       185       0         0         86400     28800     64800               
587       2         51.11429  3.77906   0         793       0         378       0         86400     28800     64800               
588       0         51.07947  3.80022   0         970       0         2935      0         86400     36000     43200               
589       1         51.10540  3.80969   0         734       0         895       0         78877     28800     32400               
590       1         51.10817  3.79065   0         824       0         1163      0         86400     36000     43200               
591       2         51.12088  3.80565   0         988       0         669       0         56699     28800     32400               
592       2         51.12670  3.78962   0         760       0         658       0         57180     28800     32400               
593       2         51.13847  3.79932   0         1132      0         1245      0         57278     28800     32400               
594       2         51.12292  3.82832   0         964       0         324       0         57279     36000     43200               
595       2         51.09017  3.74838   0         797       0         330       0         61113     28800     32400               
596       2         51.13480  3.83189   0         862       0         531       0         61230     36000     43200               
597       2         51.13450  3.81267   0         986       0         317       0         61271     36000     43200               
598       2         51.08215  3.78644   0         898       0         2520      0         86400     28800     32400               
599       2         51.12101  3.80749   0         882       0         2678      0         86400     28800     64800               
600       2         51.08697  3.75940   0         761       0         3267      0         86400     36000     43200               
601       2         51.11683  3.78712   0         802       0         3086      0         86400     36000     43200               
602       2         51.07474  3.78927   0         776       0         2864      0         86400     36000     43200               
603       0         51.10381  4.37229   1         858       688       0         0         86400     28800     64800               
604       0         51.10298  4.37605   1         858       468       0         0         86400     28800     64800               
605       1         51.08542  5.25671   0         852       0         1417      0         86400     28800     61199               
606       1         51.13154  5.07634   0         949       0         91        0         86400     28800     61199               
607       2         51.14539  4.19706   1         1142      1134      0         0         86400     28800     64800               
608       2         51.09785  3.27145   1         744       178       0         0         86400     28800     64800               
609       0         51.10449  3.76318   0         869       0         3351      0         86400     28800     64800               
610       0         51.13488  3.78241   0         677       0         2455      0         86400     28800     64800               
611       1         51.11143  3.77176   0         630       0         2752      0         86400     28800     64800               
612       2         51.15129  3.74878   0         850       0         3064      0         86400     28800     64800               
613       2         51.13031  3.76506   0         732       0         3295      0         86400     28800     64800               
614       2         51.10611  3.78126   0         865       0         3179      0         86400     28800     64800               
615       2         51.12966  3.76283   0         889       0         3217      0         86400     28800     64800               
616       2         51.09032  3.75742   0         737       0         1030      0         86400     28800     64800               
617       2         51.13052  3.77176   1         769       802       0         0         86400     32400     35939               
618       1         51.15649  4.93726   1         923       505       0         0         86400     28800     64800               
619       0         51.10464  5.51524   1         969       146       0         6212      86400     28800     64800               
620       1         51.10332  4.37055   1         604       765       0         0         86400     28800     64800               
621       1         51.11411  4.23270   0         827       0         525       0         86400     28800     57600               
622       2         51.11683  4.19808   0         774       0         363       0         86400     28800     57600               
623       2         51.11829  4.21549   0         894       0         498       0         86400     28800     61199               
624       1         51.10439  4.20196   0         848       0         386       0         86400     30600     41400               
625       1         51.18719  4.05599   1         746       308       0         0         86400     28800     64800               
626       0         51.13781  4.37405   1         863       30        0         0         86400     28800     64800               
627       1         51.12496  4.20647   0         747       0         727       0         81114     28800     64800               
628       2         51.14216  4.21023   0         772       0         3146      0         86400     28800     64800               
629       2         51.13745  4.20508   0         731       0         3314      0         86400     28800     64800               
630       2         51.09178  4.17865   0         979       0         2566      0         86400     28800     64800               
631       0         51.13060  6.30168   1         908       952       0         0         86400     28800     64800               
632       1         51.14829  4.95994   1         850       193       0         0         86400     28800     64800               
633       1         51.14617  4.36584   0         836       0         429       0         86400     28800     54000               
634       0         51.16535  4.87032   1         857       498       0         0         86400     28800     64800               
635       2         51.17854  3.58899   1         540       91        0         0         86400     28800     64800               
636       1         51.13648  4.37942   1         815       385       0         0         86400     28800     46800               
637       1         51.17103  4.36122   1         806       379       0         0         86400     28800     64800               
638       0         51.16649  4.39911   1         796       829       0         0         86400     28800     64800               
639       0         51.15279  4.78306   1         911       423       0         0         86400     28800     64800               
640       1         51.17993  4.39512   1         1018      769       0         4680      86400     28800     64800               
641       2         51.18964  4.80781   1         895       270       0         0         86400     28800     64800               
642       1         51.15859  4.76206   1         829       2573      0         0         86400     28800     64800               
643       0         51.16397  4.83792   1         816       279       0         0         86400     28800     64800               
644       0         51.20286  4.15781   1         782       60        0         8559      86400     28800     64800               
645       1         51.17882  4.34702   1         767       337       0         0         86400     28800     64800               
646       1         51.18410  4.15592   0         907       0         3238      0         86400     28800     64800               
647       1         51.15878  4.17769   0         1033      0         2659      0         86400     28800     64800               
648       2         51.12776  4.16711   0         975       0         722       0         57608     28800     64800               
649       2         51.17113  4.15926   0         764       0         709       0         59349     28800     64800               
650       2         51.14493  4.15455   0         947       0         1505      0         60247     28800     64800               
651       2         51.18248  4.16093   0         886       0         3156      0         60282     28800     64800               
652       2         51.18566  4.16412   0         1044      0         3080      0         60574     28800     64800               
653       2         51.21064  4.16847   0         727       0         2277      0         61164     28800     64800               
654       2         51.14927  4.18320   0         994       0         2910      0         86400     28800     64800               
655       0         51.20638  4.06578   1         594       354       0         0         86400     28800     64800               
656       1         51.17640  4.73284   1         1006      1401      0         0         86400     28800     64800               
657       1         51.19651  4.72050   1         880       1443      0         0         86400     32400     61199               
658       0         51.17660  3.74556   0         749       0         88        0         86400     28800     64800               
659       1         51.17231  3.74353   0         985       0         90        0         86400     28800     64800               
660       2         51.20588  3.81820   1         652       152       0         0         86400     28800     64800               
661       1         51.18656  4.72663   1         708       1868      0         0         86400     28800     64800               
662       2         51.21305  3.00712   1         985       1450      0         0         86400     28800     64800               
663       1         51.20360  4.48279   1         715       123       0         0         86400     28800     64800               
664       2         51.20282  4.35434   1         981       51        0         0         86400     28800     64800               
665       2         51.19714  4.28845   1         732       82        0         12906     86400     28800     64800               
666       0         51.22518  3.41086   1         873       638       0         0         86400     28800     64800               
667       2         51.23381  3.81284   1         784       38        0         0         86400     28800     64800               
668       2         51.19500  2.96012   0         668       0         221       0         59750     28800     64800               
669       2         51.20768  2.93687   0         862       0         275       0         59752     28800     64800               
670       2         51.21790  2.96382   0         1049      0         258       0         61332     28800     64800               
671       2         51.20996  2.92457   0         896       0         2135      0         61409     28800     64800               
672       2         51.16213  2.91707   0         904       0         212       0         61466     28800     64800               
673       2         51.19361  2.91260   0         816       0         322       0         61947     28800     64800               
674       1         51.22685  3.23797   0         755       0         650       0         86400     28800     61199               
675       2         51.22142  4.31238   1         870       1524      0         0         86400     28800     64800               
676       2         51.22351  4.32643   0         828       0         250       0         86400     28800     64800               
677       1         51.21071  5.56342   0         831       0         97        0         86400     28800     54000               
678       2         51.19785  2.92651   0         891       0         2174      0         57340     28800     64800               
679       2         51.17332  2.92224   1         1098      1041      0         5607      86400     28800     64800               
680       0         51.23977  3.21941   1         881       20        0         8570      86400     28800     64800               
681       2         51.22445  3.52639   1         746       296       0         0         86400     28800     64800               
682       1         51.20910  4.61835   1         736       156       0         4652      86400     28800     64800               
683       0         51.21428  4.54765   1         972       348       0         0         86400     28800     64800               
684       1         51.22919  4.53935   0         540       0         1199      0         86400     32400     59400               
685       2         51.22375  2.98054   1         836       1781      0         0         86400     28800     64800               
686       2         51.21779  3.71853   1         745       633       0         0         86400     28800     64800               
687       2         51.21122  2.96526   1         980       147       0         5471      86400     28800     64800               
688       1         51.20662  4.39932   1         798       3269      0         0         86400     28800     64800               
689       1         51.24549  4.40977   1         795       2283      0         0         86400     28800     64800               
690       0         51.20551  4.11249   1         753       255       0         0         86400     28800     64800               
691       0         51.25172  3.21640   1         855       762       0         0         86400     28800     64800               
692       0         51.26222  4.47477   1         834       137       0         0         86400     28800     64800               
693       1         51.25740  4.40509   1         903       233       0         16730     86400     28800     64800               
694       1         51.24965  4.64893   1         1025      180       0         0         86400     28800     64800               
695       2         51.22975  4.49614   0         1012      0         948       0         86400     28800     61199               
696       0         51.24773  4.47457   1         899       253       0         0         86400     28800     64800               
697       1         51.23808  3.21514   0         653       0         472       0         86400     28800     54000               
698       2         51.24717  3.20852   1         862       80        0         0         86400     28800     64800               
699       1         51.26595  4.37734   0         879       0         9         0         86400     28800     54000               
700       1         51.24157  4.18946   0         841       0         281       0         86400     28800     61199               
701       0         51.26566  4.21986   0         949       0         334       0         86400     28800     54000               
702       2         51.26526  4.55050   1         707       278       0         0         86400     28800     61199               
703       2         51.27014  3.08248   1         923       628       0         0         86400     28800     61199               
704       1         51.25932  4.40918   0         723       0         725       0         78152     28800     61199               
705       1         51.25860  4.43690   0         840       0         723       0         86400     28800     52200               
706       2         51.26214  3.20036   1         922       1344      0         0         86400     28800     64800               
707       1         51.24390  4.39519   1         618       107       0         0         86400     28800     64800               
708       1         51.26243  4.46851   1         951       714       0         5145      86400     28800     64800               
709       1         51.25956  4.39922   1         842       1592      0         4962      86400     28800     64800               
710       0         51.24114  4.37240   1         864       523       0         0         86400     28800     64800               
711       1         51.24115  4.47009   1         995       304       0         0         86400     28800     64800               
712       0         51.25129  4.42183   0         807       0         1810      0         86400     36000     54000               
713       0         51.26231  4.38593   1         980       523       0         4823      86400     28800     64800               
714       1         51.25668  4.37828   1         605       1099      0         0         86400     28800     64800               
715       1         51.26036  4.37392   1         940       117       0         3968      86400     28800     64800               
716       1         51.29716  4.47380   1         879       270       0         0         86400     28800     64800               
717       2         51.27825  4.28172   1         778       745       0         0         86400     28800     64800               
718       0         51.26755  4.42883   1         858       2005      0         0         86400     28800     64800               
719       1         51.26232  4.92393   1         880       81        0         0         86400     28800     64800               
720       0         51.26362  4.89868   1         881       86        0         0         86400     28800     64800               
721       0         51.28898  4.69556   1         927       169       0         0         86400     28800     64800               
722       1         51.27594  3.22375   0         830       0         2295      0         86400     28800     54000               
723       2         51.30631  4.23997   1         940       2207      0         0         86400     28800     64800               
724       0         51.26890  4.72667   0         1012      0         577       0         86400     46800     54000               
725       1         51.33427  4.69423   0         746       0         375       0         86400     46800     54000               
726       2         51.31957  4.67970   0         943       0         331       0         86400     46800     54000               
727       1         51.29147  3.16685   0         748       0         1359      0         86400     30600     59400               
728       2         51.27366  4.86075   0         764       0         1507      0         86400     28800     50399               
729       2         51.29870  4.92996   0         998       0         353       0         86400     28800     50399               
730       1         51.30400  4.90407   0         729       0         3116      0         86400     28800     61199               
731       1         51.33177  4.89973   1         797       734       0         4711      86400     28800     64800               
732       1         51.28837  4.92109   1         744       153       0         0         86400     28800     64800               
733       2         51.36495  3.19102   1         764       187       0         0         86400     28800     64800               
734       0         51.36506  4.73799   1         829       1826      0         0         86400     28800     64800               
735       1         51.39705  4.57916   1         982       733       0         0         86400     28800     64800               
736       0         51.48551  4.76318   1         1074      505       0         0         86400     28800     64800               